rf,total_quartet,correct_quartet,correct_prop
6,44.45,38.0,0.8548931383577053
6,149.5,121.3,0.811371237458194
14,33.65,23.65,0.7028231797919762
6,41.3,36.1,0.87409200968523
2,21.55,19.5,0.9048723897911833
4,120.1,103.7,0.8634471273938384
10,94.65,77.25,0.8161648177496038
12,166.35,124.4,0.7478208596333032
6,144.25,116.65,0.8086655112651646
16,43.35,36.2,0.8350634371395617
6,142.5,126.35,0.8866666666666667
4,202.95,168.6,0.8307464892830746
14,95.8,76.5,0.7985386221294363
10,70.95,55.45,0.7815362931642001
12,59.2,49.6,0.8378378378378378
8,106.75,94.95,0.8894613583138173
18,23.55,14.5,0.6157112526539278
4,80.6,65.75,0.81575682382134
16,35.5,26.2,0.7380281690140845
12,41.25,31.05,0.7527272727272727
2,48.4,42.8,0.8842975206611571
16,23.8,17.8,0.7478991596638656
12,213.25,163.9,0.7685814771395076
16,126.4,98.45,0.778876582278481
8,77.45,60.95,0.7869593285990962
14,70.55,50.9,0.7214741318214033
0,133.2,120.55,0.90503003003003
10,46.05,40.55,0.8805646036916395
0,84.3,75.35,0.8938315539739027
8,151.8,121.4,0.7997364953886693
6,113.0,96.8,0.856637168141593
12,40.05,34.45,0.8601747815230961
14,116.85,91.0,0.7787762088147198
12,87.0,71.3,0.8195402298850575
10,45.65,32.6,0.7141292442497261
6,66.0,56.4,0.8545454545454545
16,35.15,28.65,0.8150782361308677
2,95.05,84.15,0.8853235139400316
14,168.45,133.35,0.7916295636687445
10,93.25,69.45,0.7447721179624665
8,121.4,95.0,0.7825370675453048
12,49.15,38.6,0.785350966429298
12,98.15,76.65,0.7809475292919001
12,125.95,99.5,0.7899960301707026
6,61.6,51.2,0.8311688311688312
4,79.25,72.55,0.9154574132492114
6,110.5,99.95,0.9045248868778281
12,122.55,97.55,0.7960016319869441
4,45.0,39.35,0.8744444444444445
14,67.8,52.5,0.7743362831858407
22,42.25,24.95,0.5905325443786982
6,97.45,86.5,0.887634684453566
20,44.8,34.95,0.7801339285714286
8,43.65,36.1,0.827033218785796
10,125.6,109.3,0.8702229299363057
16,178.05,122.75,0.6894130862117382
6,115.2,96.45,0.8372395833333334
0,34.8,31.4,0.9022988505747126
10,84.15,67.9,0.8068924539512775
14,35.45,27.7,0.7813822284908322
8,94.45,78.85,0.8348332451032292
6,110.95,88.55,0.7981072555205048
10,44.15,36.85,0.8346545866364666
18,120.85,94.8,0.7844435250310302
8,133.05,116.75,0.877489665539271
6,77.3,67.3,0.8706338939197931
8,24.95,20.7,0.8296593186372746
6,99.2,85.2,0.8588709677419355
12,31.8,23.9,0.7515723270440252
8,75.5,65.8,0.871523178807947
14,75.15,53.9,0.7172322022621423
20,19.15,16.4,0.856396866840731
10,97.35,81.15,0.8335901386748844
12,29.55,19.55,0.6615905245346869
8,120.05,98.65,0.821740941274469
12,79.25,65.8,0.8302839116719243
12,69.15,55.95,0.8091106290672451
12,96.75,82.85,0.8563307493540052
16,96.05,73.15,0.7615825091098386
14,93.65,78.15,0.8344901227976508
20,49.45,36.85,0.7451971688574317
6,143.95,120.3,0.8357068426536992
6,65.8,49.95,0.7591185410334347
16,83.2,63.35,0.7614182692307693
2,37.7,31.1,0.8249336870026526
18,69.75,52.5,0.7526881720430108
4,85.15,75.75,0.8896065766294774
10,55.3,47.15,0.8526220614828209
2,68.7,61.55,0.895924308588064
8,74.05,66.65,0.900067521944632
12,128.65,94.25,0.7326078507578702
8,86.85,70.05,0.8065630397236615
12,75.05,58.9,0.7848101265822784
10,51.05,43.75,0.8570029382957884
6,38.05,32.4,0.8515111695137977
10,44.6,35.85,0.8038116591928252
22,154.95,106.85,0.6895772829945144
10,34.8,27.0,0.7758620689655172
10,79.0,67.9,0.859493670886076
4,87.4,74.0,0.8466819221967964
4,163.5,130.7,0.7993883792048929
6,125.65,112.9,0.8985276561878233
4,38.8,32.95,0.8492268041237113
16,41.6,29.0,0.6971153846153846
14,147.35,108.75,0.7380386834068544
10,67.85,49.65,0.7317612380250552
24,48.65,33.55,0.6896197327852004
12,161.45,137.0,0.8485599256735832
12,129.0,104.3,0.8085271317829458
12,104.9,85.5,0.8150619637750238
6,108.05,86.75,0.8028690421101342
8,136.05,108.45,0.7971334068357222
10,46.65,39.85,0.8542336548767417
14,42.8,29.5,0.6892523364485982
14,26.3,21.65,0.8231939163498099
6,76.15,64.15,0.8424162836506894
8,108.7,91.0,0.8371665133394665
14,112.95,74.7,0.6613545816733067
10,105.1,75.6,0.7193149381541389
10,126.05,107.75,0.8548195160650536
14,42.85,33.35,0.7782963827304551
6,57.3,46.05,0.8036649214659686
4,194.1,151.05,0.7782071097372488
8,88.6,64.3,0.7257336343115124
4,58.3,44.7,0.7667238421955404
6,62.7,50.4,0.8038277511961722
12,109.05,88.5,0.811554332874828
10,18.45,14.8,0.8021680216802168
18,153.2,111.05,0.7248694516971279
8,134.95,107.95,0.7999258984809189
16,93.55,73.8,0.7888829502939605
10,170.6,130.55,0.765240328253224
8,54.65,49.2,0.9002744739249772
10,129.75,106.25,0.8188824662813102
8,193.25,149.9,0.775679172056921
10,60.55,50.95,0.8414533443435177
8,83.75,72.8,0.8692537313432835
10,91.0,72.75,0.7994505494505495
8,183.05,152.95,0.8355640535372849
20,105.6,77.05,0.7296401515151515
4,208.8,177.65,0.8508141762452107
2,32.7,26.3,0.8042813455657493
20,60.5,45.45,0.7512396694214876
8,90.6,75.3,0.8311258278145696
18,63.5,52.2,0.8220472440944881
14,34.6,26.0,0.7514450867052023
14,28.85,21.8,0.755632582322357
12,53.55,42.95,0.8020541549953315
12,40.4,28.55,0.7066831683168316
12,131.0,102.2,0.7801526717557252
14,128.15,90.8,0.7085446742099103
6,49.9,39.95,0.8006012024048096
6,50.1,39.25,0.783433133732535
16,28.75,22.0,0.7652173913043478
12,119.35,95.45,0.7997486384583159
16,89.7,70.0,0.7803790412486065
14,51.45,32.9,0.6394557823129252
12,71.4,52.45,0.7345938375350141
12,34.95,29.95,0.8569384835479256
4,41.6,35.7,0.8581730769230769
8,126.15,102.7,0.8141101862861673
6,22.95,18.85,0.8213507625272332
4,158.6,131.15,0.8269230769230769
2,44.95,38.35,0.8531701890989989
10,163.95,133.7,0.8154925282098201
12,60.25,55.55,0.9219917012448133
8,41.85,38.15,0.9115890083632019
2,77.5,69.15,0.892258064516129
12,91.9,63.95,0.6958650707290533
14,21.7,16.65,0.7672811059907834
14,54.8,39.65,0.7235401459854015
2,91.15,82.95,0.9100383982446517
8,78.1,62.9,0.8053777208706786
20,51.75,42.75,0.8260869565217391
10,194.5,145.65,0.7488431876606684
10,123.0,100.3,0.8154471544715447
14,55.0,41.2,0.7490909090909091
12,103.15,79.05,0.7663596703829375
10,41.05,33.6,0.8185140073081608
12,126.85,103.4,0.8151359873866771
4,112.4,92.3,0.8211743772241993
8,125.0,109.9,0.8792
6,33.2,26.15,0.7876506024096386
10,82.65,63.65,0.7701149425287356
10,43.4,38.95,0.8974654377880185
2,227.0,196.6,0.866079295154185
12,95.3,78.15,0.8200419727177335
8,34.5,26.95,0.7811594202898551
4,104.65,91.05,0.870043000477783
8,28.8,22.5,0.78125
14,61.7,53.9,0.873581847649919
8,70.5,55.5,0.7872340425531915
8,34.15,31.05,0.9092240117130308
12,59.4,50.85,0.8560606060606061
10,77.05,57.05,0.7404282933160286
8,68.15,56.9,0.83492296404989
0,149.2,126.7,0.849195710455764
18,49.8,33.9,0.6807228915662651
10,39.95,36.15,0.904881101376721
10,96.3,80.1,0.8317757009345794
10,40.55,32.1,0.7916152897657214
12,37.45,28.95,0.7730307076101469
4,67.95,60.3,0.8874172185430463
10,51.2,44.2,0.86328125
2,106.55,88.0,0.8259033317691225
14,118.65,90.0,0.7585335018963337
10,106.9,78.75,0.7366697848456502
6,99.25,84.9,0.8554156171284635
12,76.05,56.65,0.744904667981591
12,39.55,31.45,0.7951959544879899
14,39.95,27.8,0.6958698372966208
14,78.8,59.25,0.7519035532994924
0,38.1,33.4,0.8766404199475065
12,143.7,114.4,0.7961029923451636
6,94.0,83.5,0.8882978723404256
14,56.75,40.85,0.7198237885462555
12,94.55,69.2,0.7318878900052882
2,27.9,24.2,0.8673835125448028
12,83.7,64.6,0.7718040621266428
6,75.55,64.15,0.8491065519523494
12,82.7,62.5,0.7557436517533253
6,161.85,141.7,0.8755020080321285
16,43.6,30.5,0.6995412844036697
12,75.1,64.2,0.8548601864181092
10,79.9,63.6,0.7959949937421777
2,169.45,150.45,0.8878725287695486
10,106.55,93.25,0.8751759737212577
10,77.25,64.8,0.8388349514563107
8,96.1,79.15,0.823621227887617
0,89.0,79.8,0.8966292134831461
8,82.85,69.2,0.8352444176222088
6,75.75,63.45,0.8376237623762376
10,35.75,31.6,0.8839160839160839
6,71.8,64.5,0.8983286908077994
10,30.95,26.95,0.8707592891760905
10,65.65,53.5,0.814927646610815
0,70.7,53.6,0.7581329561527581
14,62.7,52.05,0.8301435406698564
6,188.55,157.35,0.8345266507557677
12,38.2,30.05,0.7866492146596858
18,67.6,48.2,0.7130177514792899
4,72.4,60.75,0.8390883977900553
10,39.9,32.7,0.8195488721804511
10,72.4,61.45,0.8487569060773481
4,47.0,30.95,0.6585106382978724
12,38.1,32.9,0.863517060367454
6,85.0,78.6,0.9247058823529412
10,29.4,22.9,0.7789115646258503
4,39.9,32.8,0.8220551378446115
10,65.8,52.25,0.7940729483282675
8,30.1,24.75,0.8222591362126246
10,88.55,78.1,0.8819875776397516
16,99.4,80.65,0.8113682092555332
8,85.2,65.9,0.7734741784037559
10,32.9,27.6,0.8389057750759878
6,41.3,34.45,0.8341404358353511
14,123.8,97.85,0.7903877221324718
10,142.6,117.15,0.8215287517531557
10,94.15,71.6,0.7604885820499203
6,77.5,68.05,0.8780645161290322
10,65.35,56.75,0.8684009181331293
12,62.55,50.05,0.8001598721023181
10,59.05,48.7,0.8247248094834886
14,109.1,92.1,0.844179651695692
12,87.15,63.6,0.729776247848537
10,77.2,62.45,0.8089378238341969
6,27.9,22.9,0.8207885304659498
8,54.75,45.6,0.8328767123287671
10,47.9,38.1,0.7954070981210856
22,50.1,29.85,0.5958083832335329
8,55.9,46.55,0.832737030411449
14,40.1,30.4,0.7581047381546134
12,74.65,61.9,0.8292029470864032
16,57.3,41.35,0.7216404886561955
14,83.75,65.75,0.7850746268656716
4,60.9,56.8,0.9326765188834154
12,88.35,71.1,0.8047538200339559
2,81.75,67.1,0.8207951070336391
16,127.15,96.8,0.761305544632324
10,170.4,121.8,0.7147887323943662
12,52.8,42.55,0.8058712121212122
18,139.0,102.25,0.7356115107913669
8,230.45,178.05,0.7726187893252332
14,55.45,46.5,0.8385933273219116
8,16.2,12.95,0.7993827160493827
14,104.0,83.85,0.80625
10,40.95,33.25,0.811965811965812
12,96.05,79.1,0.8235294117647058
10,84.35,70.35,0.8340248962655602
6,37.2,31.45,0.8454301075268817
14,45.85,36.95,0.8058887677208287
8,109.7,96.9,0.8833181403828624
8,114.7,96.35,0.8400174367916303
10,46.15,41.0,0.8884073672806068
10,94.0,77.3,0.8223404255319149
12,45.55,36.1,0.7925356750823271
10,67.05,51.65,0.7703206562266965
6,41.5,32.65,0.7867469879518072
8,73.2,60.0,0.819672131147541
10,264.25,192.1,0.7269631031220435
16,25.55,19.25,0.7534246575342466
6,98.85,76.6,0.7749114820435002
14,90.95,71.1,0.7817482133040132
6,45.3,41.05,0.9061810154525386
6,50.65,41.8,0.8252714708785784
6,78.35,68.6,0.8755583918315252
2,84.45,69.45,0.822380106571936
8,79.2,66.75,0.8428030303030303
8,112.3,92.15,0.8205699020480854
12,50.55,41.15,0.8140454995054401
8,42.65,36.0,0.8440797186400938
16,51.05,38.35,0.7512242899118511
10,121.75,94.9,0.7794661190965092
16,70.95,48.55,0.6842847075405215
10,96.6,81.6,0.84472049689441
6,108.5,87.3,0.8046082949308756
4,61.7,54.35,0.8808752025931929
10,65.65,50.35,0.766945925361767
8,61.3,48.35,0.7887438825448614
12,35.15,27.65,0.786628733997155
16,77.0,60.55,0.7863636363636364
12,139.7,111.65,0.7992125984251969
10,124.1,99.3,0.8001611603545528
4,92.3,81.6,0.8840736728060672
10,45.8,33.6,0.7336244541484717
14,16.3,15.25,0.9355828220858896
16,30.85,23.3,0.7552674230145867
10,34.05,29.9,0.8781204111600588
4,57.85,51.2,0.88504753673293
10,36.55,30.25,0.8276333789329685
14,46.15,30.6,0.6630552546045504
12,114.05,92.5,0.8110477860587462
2,46.95,37.0,0.7880724174653887
2,73.25,64.25,0.8771331058020477
12,66.95,54.4,0.8125466766243465
8,124.9,101.7,0.8142514011208967
12,31.65,25.95,0.8199052132701422
6,65.3,58.3,0.892802450229709
2,107.15,94.35,0.8805412972468503
8,58.45,44.4,0.7596236099230111
14,26.75,21.1,0.788785046728972
14,108.45,88.2,0.8132780082987552
16,82.75,62.2,0.7516616314199396
8,177.35,158.0,0.8908937129968988
14,32.6,25.25,0.7745398773006135
12,21.2,14.9,0.7028301886792453
4,61.5,50.65,0.8235772357723578
8,113.8,82.95,0.7289103690685413
12,129.5,112.6,0.8694980694980695
8,43.0,36.05,0.8383720930232558
2,35.15,28.6,0.813655761024182
12,127.4,105.65,0.8292778649921507
4,79.95,62.4,0.7804878048780488
4,86.05,75.9,0.8820453224869262
8,91.5,73.3,0.8010928961748633
4,81.2,71.55,0.8811576354679803
4,185.45,158.4,0.854138581827986
10,48.1,33.95,0.7058212058212058
10,24.95,22.8,0.9138276553106213
6,130.9,104.95,0.8017570664629489
12,161.75,134.7,0.8327666151468315
8,107.85,85.25,0.7904496986555402
20,24.25,16.7,0.688659793814433
6,101.25,83.75,0.8271604938271605
6,104.25,81.1,0.777937649880096
14,120.75,86.4,0.715527950310559
4,59.8,56.75,0.9489966555183946
16,68.8,50.05,0.7274709302325582
0,85.0,69.45,0.8170588235294117
6,122.55,102.2,0.8339453284373725
8,60.2,45.35,0.7533222591362126
4,73.05,62.1,0.8501026694045175
8,98.7,81.95,0.8302938196555217
12,42.4,29.4,0.6933962264150944
8,171.05,137.35,0.8029815843320667
12,73.8,56.3,0.7628726287262872
8,124.6,105.15,0.843900481540931
8,34.7,23.9,0.6887608069164265
10,76.15,65.35,0.8581746552856205
10,57.0,45.4,0.7964912280701755
6,60.15,50.15,0.8337489609310058
12,46.55,35.85,0.7701396348012889
8,143.05,115.45,0.8070604683677036
12,86.95,74.15,0.8527889591719379
6,64.7,53.3,0.8238021638330757
12,84.35,62.15,0.7368109069353883
14,91.3,71.6,0.7842278203723987
16,134.1,93.3,0.6957494407158836
4,59.2,51.65,0.8724662162162162
12,31.55,24.75,0.7844690966719493
8,111.15,90.25,0.811965811965812
12,163.5,143.75,0.8792048929663608
8,66.6,54.9,0.8243243243243243
10,44.65,35.2,0.7883538633818589
14,69.7,52.8,0.757532281205165
16,142.5,103.85,0.7287719298245614
8,69.05,54.85,0.7943519188993483
10,73.45,59.8,0.8141592920353983
6,94.3,79.6,0.8441145281018028
10,69.4,55.0,0.792507204610951
6,35.6,30.55,0.8581460674157303
10,26.2,20.75,0.7919847328244275
8,100.45,87.8,0.874066699850672
16,52.75,37.4,0.7090047393364929
14,51.45,38.65,0.7512147716229349
4,153.0,121.35,0.7931372549019607
12,44.75,31.5,0.7039106145251397
12,40.2,32.5,0.8084577114427861
10,125.5,96.35,0.7677290836653387
10,47.1,37.2,0.7898089171974523
12,19.65,17.1,0.8702290076335878
12,99.95,82.15,0.8219109554777388
8,65.6,56.2,0.8567073170731707
4,130.9,115.85,0.8850267379679144
2,68.75,62.7,0.912
4,167.25,146.45,0.8756352765321376
16,74.55,53.5,0.7176391683433937
2,57.25,41.55,0.725764192139738
12,70.5,56.15,0.7964539007092198
16,149.75,108.65,0.725542570951586
6,46.15,39.35,0.8526543878656555
14,48.2,39.15,0.8122406639004149
12,45.6,34.05,0.7467105263157895
14,39.15,29.7,0.7586206896551724
2,56.3,47.7,0.8472468916518651
10,75.55,62.85,0.8318994043679683
14,32.75,25.3,0.7725190839694657
6,70.55,59.25,0.8398299078667611
12,68.85,57.7,0.8380537400145244
8,198.8,149.4,0.7515090543259557
10,82.3,53.4,0.6488456865127582
6,20.5,14.85,0.724390243902439
6,125.3,104.15,0.8312051077414206
8,91.7,72.7,0.7928026172300982
10,119.7,95.4,0.7969924812030075
18,73.35,50.2,0.6843899113837764
6,110.7,82.2,0.7425474254742548
6,52.1,44.15,0.8474088291746641
8,60.6,54.5,0.8993399339933993
12,51.15,43.45,0.8494623655913979
8,87.3,75.25,0.8619702176403208
12,27.8,24.5,0.8812949640287769
8,23.6,19.7,0.8347457627118644
16,23.7,19.05,0.8037974683544303
12,56.2,37.95,0.6752669039145908
8,90.7,74.8,0.824696802646086
2,59.35,53.4,0.8997472620050547
8,65.6,52.8,0.8048780487804879
14,71.3,53.05,0.7440392706872371
14,47.05,36.65,0.7789585547290117
14,29.8,21.6,0.7248322147651006
8,34.9,28.6,0.8194842406876791
16,43.5,32.6,0.7494252873563219
10,121.2,97.9,0.8077557755775577
16,79.35,60.45,0.7618147448015122
14,59.45,46.85,0.7880571909167368
16,24.55,19.8,0.8065173116089613
12,49.05,34.65,0.7064220183486238
14,63.5,46.85,0.7377952755905511
6,89.8,70.85,0.7889755011135857
16,78.5,62.25,0.7929936305732485
10,92.3,74.45,0.8066088840736728
6,91.25,71.75,0.7863013698630137
8,36.95,33.05,0.8944519621109608
4,82.1,64.5,0.7856272838002436
14,65.0,47.8,0.7353846153846154
8,86.9,76.8,0.8837744533947065
14,39.85,31.0,0.7779171894604768
12,57.3,45.3,0.7905759162303665
4,67.9,61.65,0.9079528718703976
10,38.85,32.5,0.8365508365508365
4,41.1,33.5,0.8150851581508516
6,111.45,90.05,0.8079856437864513
12,46.8,40.05,0.8557692307692307
4,55.0,47.15,0.8572727272727273
12,83.85,57.2,0.6821705426356589
16,78.85,54.65,0.6930881420418517
12,90.3,74.95,0.8300110741971207
8,63.6,54.2,0.8522012578616353
12,59.9,44.85,0.7487479131886478
16,67.7,48.6,0.7178729689807977
12,47.35,37.75,0.7972544878563886
12,63.1,44.55,0.7060221870047544
12,115.5,86.75,0.7510822510822511
16,25.1,16.95,0.6752988047808764
4,46.2,37.45,0.8106060606060606
4,100.7,88.75,0.8813306852035749
10,75.1,65.05,0.8661784287616512
22,115.05,83.5,0.7257714037375055
10,54.3,42.0,0.7734806629834254
10,74.75,58.2,0.7785953177257525
10,68.7,50.85,0.740174672489083
14,56.2,46.35,0.8247330960854092
12,88.1,66.1,0.7502837684449489
6,75.65,60.9,0.8050231328486451
10,59.9,50.05,0.835559265442404
6,94.25,75.75,0.8037135278514589
18,37.9,29.4,0.7757255936675461
6,71.65,61.25,0.8548499651081647
4,66.25,51.5,0.7773584905660378
8,33.3,25.55,0.7672672672672672
6,41.65,34.2,0.8211284513805522
14,87.2,68.25,0.7826834862385321
8,56.2,44.25,0.7873665480427047
14,48.25,37.7,0.7813471502590673
12,39.85,34.65,0.8695106649937264
2,67.8,59.75,0.8812684365781711
14,61.75,52.2,0.8453441295546559
12,42.3,35.2,0.8321513002364066
6,149.45,120.75,0.8079625292740047
16,29.85,24.55,0.8224455611390284
14,62.45,46.3,0.7413931144915933
4,28.1,26.65,0.9483985765124555
18,58.85,46.0,0.7816482582837723
6,68.65,63.95,0.9315367807720321
2,72.25,68.45,0.9474048442906574
14,51.75,44.35,0.8570048309178744
4,45.25,41.2,0.9104972375690608
4,43.35,39.6,0.9134948096885813
4,199.25,170.8,0.8572145545796738
10,93.85,77.65,0.8273841236014917
10,33.55,27.0,0.8047690014903129
10,32.25,27.9,0.8651162790697674
8,43.3,34.5,0.7967667436489607
10,48.2,39.55,0.8205394190871369
4,89.35,77.2,0.8640179071068831
12,82.95,64.4,0.7763713080168776
10,66.95,53.45,0.7983569828230023
10,155.4,135.2,0.87001287001287
2,35.15,31.1,0.8847795163584637
10,24.0,20.05,0.8354166666666667
14,73.65,60.3,0.8187372708757638
10,57.45,47.5,0.8268059181897301
16,43.55,30.75,0.7060849598163031
14,42.45,35.5,0.8362779740871613
10,138.85,104.2,0.7504501260352899
8,104.75,90.05,0.8596658711217183
4,155.15,123.65,0.7969706735417338
18,49.0,33.2,0.6775510204081633
12,61.85,54.05,0.8738884397736459
4,58.5,45.9,0.7846153846153846
16,63.0,40.6,0.6444444444444445
16,45.5,41.2,0.9054945054945055
6,89.7,69.65,0.7764771460423634
10,38.4,30.7,0.7994791666666666
8,122.1,91.75,0.7514332514332515
12,54.05,46.3,0.8566142460684552
10,195.35,166.2,0.8507806501151779
2,112.95,101.55,0.899070385126162
8,104.3,75.2,0.7209971236816874
18,61.8,55.65,0.9004854368932039
6,182.0,147.9,0.8126373626373626
12,61.45,49.4,0.8039056143205858
18,88.0,72.6,0.825
10,103.2,82.75,0.8018410852713178
4,96.6,82.3,0.8519668737060041
10,124.45,101.5,0.8155885897950984
14,51.2,34.7,0.677734375
16,42.15,34.75,0.8244365361803084
16,26.75,21.0,0.7850467289719626
16,84.9,61.9,0.7290930506478209
18,111.35,94.45,0.8482263134261339
10,133.35,109.85,0.8237720284964379
12,93.75,80.5,0.8586666666666667
12,61.45,49.75,0.8096013018714402
0,103.35,86.1,0.8330914368650217
6,71.9,60.05,0.8351877607788595
6,64.85,58.7,0.905165767154973
6,32.15,27.7,0.8615863141524106
12,154.45,139.9,0.9057947555843315
2,113.15,93.8,0.828988068935042
6,109.75,89.75,0.8177676537585421
4,141.45,124.6,0.880876634853305
8,40.7,32.8,0.8058968058968059
10,114.45,94.15,0.8226299694189603
6,90.0,82.65,0.9183333333333333
4,70.55,58.65,0.8313253012048193
8,56.95,42.35,0.7436347673397717
6,104.45,98.95,0.9473432264241264
4,92.4,72.55,0.7851731601731602
8,51.2,40.95,0.7998046875
10,42.7,31.2,0.7306791569086651
8,53.6,41.6,0.7761194029850746
8,78.75,61.1,0.7758730158730158
10,44.55,37.35,0.8383838383838383
12,64.95,41.05,0.6320246343341032
18,28.05,20.95,0.7468805704099821
20,122.9,89.85,0.7310821806346623
8,123.7,111.35,0.9001616814874697
8,93.0,75.8,0.8150537634408602
8,179.55,144.95,0.8072960178223336
10,151.6,118.35,0.7806728232189973
10,26.55,17.8,0.6704331450094162
16,75.15,57.5,0.7651363938789089
6,69.8,62.3,0.8925501432664756
10,151.7,113.85,0.7504943968358603
14,65.25,53.8,0.8245210727969349
12,74.7,62.7,0.8393574297188755
14,76.45,60.3,0.788750817527796
14,64.55,43.55,0.6746707978311387
6,123.15,109.5,0.8891595615103532
16,92.7,75.5,0.81445523193096
8,35.65,30.2,0.847124824684432
18,41.35,25.25,0.6106408706166868
10,56.1,42.55,0.7584670231729055
12,38.7,31.8,0.8217054263565892
16,138.8,114.35,0.8238472622478387
4,40.5,30.5,0.7530864197530864
4,60.15,54.6,0.9077306733167082
0,52.15,48.6,0.9319271332694151
14,73.65,56.3,0.7644263408010862
18,35.1,26.1,0.7435897435897436
16,52.55,39.3,0.7478591817316841
14,86.8,67.65,0.7793778801843319
8,35.25,24.65,0.699290780141844
12,22.05,18.6,0.8435374149659864
4,77.0,65.1,0.8454545454545455
12,91.9,77.0,0.8378672470076169
14,60.35,48.1,0.7970173985086992
4,36.95,31.3,0.8470906630581867
10,136.35,116.0,0.8507517418408508
6,135.0,119.95,0.8885185185185185
4,46.25,41.6,0.8994594594594595
16,106.7,85.5,0.8013120899718837
10,88.35,67.85,0.7679683078664403
4,34.2,27.55,0.8055555555555556
12,46.05,32.9,0.7144408251900108
8,43.95,38.65,0.8794084186575654
8,30.75,24.2,0.7869918699186992
20,68.05,50.0,0.7347538574577517
12,84.05,67.2,0.7995240928019036
22,60.1,48.3,0.8036605657237936
10,46.75,35.9,0.7679144385026738
8,39.6,30.15,0.7613636363636364
10,98.05,81.25,0.8286588475267721
16,60.7,40.65,0.6696869851729819
6,136.5,114.55,0.8391941391941392
4,63.4,53.7,0.8470031545741324
14,95.0,81.4,0.8568421052631578
16,57.6,43.0,0.7465277777777778
8,104.4,90.95,0.8711685823754789
14,62.65,39.95,0.6376695929768555
16,58.55,43.1,0.7361229718189581
6,120.25,107.7,0.8956340956340957
10,67.25,51.8,0.7702602230483271
8,46.6,39.2,0.8412017167381974
4,40.75,35.8,0.8785276073619632
4,26.3,22.5,0.8555133079847909
6,80.6,74.3,0.9218362282878412
2,57.7,52.65,0.912478336221837
8,52.25,38.45,0.7358851674641148
4,141.6,119.8,0.846045197740113
8,83.1,66.95,0.805655836341757
6,28.6,26.25,0.9178321678321678
6,155.95,134.35,0.8614940686117345
8,54.95,48.25,0.8780709736123748
16,62.75,48.25,0.7689243027888446
8,24.05,21.25,0.8835758835758836
2,50.4,44.1,0.875
10,96.8,83.15,0.8589876033057852
6,148.95,117.2,0.7868412218865392
6,75.65,56.4,0.7455386649041639
4,52.25,40.05,0.7665071770334928
8,116.45,92.65,0.7956204379562044
16,88.05,69.75,0.7921635434412265
4,122.9,111.35,0.9060211554109032
6,115.45,100.75,0.8726721524469467
8,91.05,72.2,0.7929708951125755
8,68.8,55.2,0.8023255813953488
8,80.3,66.8,0.8318804483188045
10,67.9,52.1,0.7673048600883653
12,130.2,100.75,0.7738095238095238
6,64.65,51.55,0.7973704563031709
12,115.95,89.25,0.7697283311772316
12,65.0,51.65,0.7946153846153846
10,19.0,15.4,0.8105263157894737
8,69.15,54.1,0.7823571945047
2,34.85,31.5,0.9038737446197992
2,66.55,54.3,0.8159278737791135
2,154.8,127.85,0.8259043927648578
4,119.2,97.95,0.8217281879194631
8,71.25,64.65,0.9073684210526316
14,125.55,103.7,0.8259657506969335
14,73.6,58.05,0.7887228260869565
16,36.5,24.55,0.6726027397260274
16,81.2,56.35,0.6939655172413793
8,90.35,73.45,0.8129496402877698
16,70.35,52.85,0.7512437810945274
14,150.05,109.05,0.7267577474175275
6,51.75,39.0,0.7536231884057971
16,64.95,49.5,0.7621247113163973
12,73.65,57.65,0.7827562797012899
8,46.6,37.65,0.8079399141630901
14,95.75,70.3,0.7342036553524804
6,106.25,87.05,0.8192941176470588
2,125.95,114.8,0.9114728066693132
14,74.7,55.85,0.7476572958500669
16,53.25,42.55,0.7990610328638498
6,75.55,63.95,0.8464592984778293
10,87.45,66.2,0.7570040022870211
2,63.2,58.2,0.9208860759493671
8,170.65,136.9,0.8022267799589804
4,38.25,33.4,0.873202614379085
8,72.65,63.0,0.8671713695801789
2,151.4,128.85,0.8510568031704095
14,89.8,69.2,0.7706013363028953
12,153.0,128.8,0.8418300653594771
4,94.05,82.9,0.8814460393407761
8,53.85,47.0,0.872794800371402
6,63.2,50.7,0.8022151898734177
12,69.8,55.05,0.7886819484240688
10,152.7,136.85,0.8962017026850033
4,96.65,83.7,0.8660113812726332
2,114.9,106.3,0.9251523063533508
8,82.75,59.5,0.7190332326283988
16,133.85,98.8,0.7381397086290624
14,71.25,61.95,0.8694736842105263
4,78.3,65.95,0.8422733077905492
4,106.05,97.9,0.9231494578029231
6,97.1,84.95,0.8748712667353244
14,158.8,127.8,0.8047858942065491
4,36.3,30.0,0.8264462809917356
10,177.0,147.3,0.8322033898305085
6,38.05,31.5,0.8278580814717477
10,40.15,30.35,0.7559153175591532
4,58.8,49.3,0.8384353741496599
2,93.9,70.45,0.7502662406815761
8,64.0,51.25,0.80078125
4,73.15,64.45,0.8810663021189337
12,84.05,60.3,0.7174301011302796
10,33.4,29.5,0.8832335329341318
16,50.0,39.5,0.79
6,176.55,142.35,0.806287170773152
4,100.1,89.9,0.8981018981018981
8,90.8,72.8,0.801762114537445
12,97.7,70.1,0.7175025588536336
18,69.1,53.8,0.7785817655571635
8,95.15,73.85,0.7761429322122964
10,70.1,62.5,0.891583452211127
4,30.55,24.65,0.806873977086743
8,131.55,113.3,0.8612694792854428
18,62.05,42.2,0.6800966962127317
20,95.1,74.9,0.7875920084121977
8,90.75,78.0,0.859504132231405
10,38.05,30.0,0.7884362680683311
12,75.0,56.05,0.7473333333333333
6,66.45,43.2,0.6501128668171557
10,48.55,34.2,0.7044284243048403
2,116.65,104.1,0.8924132018859837
14,106.3,93.35,0.8781749764816557
16,58.85,43.5,0.7391673746813934
8,63.2,53.3,0.8433544303797469
10,39.65,31.75,0.8007566204287516
12,39.75,33.6,0.8452830188679246
16,88.35,70.6,0.7990945104697227
16,84.35,63.75,0.7557794902193242
6,63.0,53.4,0.8476190476190476
12,77.75,56.9,0.7318327974276527
8,78.1,60.5,0.7746478873239436
2,122.95,113.8,0.9255795038633591
14,48.8,40.15,0.8227459016393442
8,91.8,71.2,0.775599128540305
16,53.05,40.85,0.7700282752120641
6,84.05,69.45,0.8262938726948245
4,58.2,50.75,0.8719931271477663
10,76.2,58.1,0.7624671916010499
14,64.7,50.1,0.7743431221020093
14,46.0,31.4,0.6826086956521739
6,154.75,119.05,0.7693053311793215
2,67.5,59.55,0.8822222222222222
16,54.4,34.7,0.6378676470588235
4,102.65,84.45,0.8226984900146128
10,106.55,88.75,0.8329422806194275
12,87.85,67.55,0.7689243027888446
18,108.95,78.2,0.7177604405690684
8,122.0,107.35,0.8799180327868853
6,124.2,105.7,0.8510466988727858
10,47.5,33.85,0.7126315789473684
10,58.95,48.2,0.8176420695504665
10,96.4,84.0,0.8713692946058091
14,97.95,76.75,0.7835630423685553
4,53.2,42.2,0.793233082706767
2,90.9,83.0,0.9130913091309131
10,117.6,94.65,0.8048469387755102
14,91.6,70.25,0.7669213973799127
2,91.7,83.1,0.906215921483097
18,45.75,30.15,0.659016393442623
14,111.45,88.2,0.7913862718707941
8,95.3,80.95,0.8494228751311648
10,74.0,62.25,0.8412162162162162
8,23.4,19.7,0.8418803418803419
8,111.8,92.15,0.8242397137745975
8,86.5,68.25,0.7890173410404624
12,122.45,91.5,0.7472437729685586
2,35.1,32.1,0.9145299145299145
4,51.55,44.3,0.8593598448108632
20,80.75,59.4,0.7356037151702787
12,49.45,33.35,0.6744186046511628
14,96.85,73.05,0.7542591636551368
8,44.75,33.9,0.7575418994413408
14,164.5,127.65,0.7759878419452888
2,110.25,99.15,0.8993197278911564
2,156.7,144.9,0.9246968730057434
10,149.5,125.1,0.8367892976588629
14,79.25,61.35,0.7741324921135647
6,164.05,135.45,0.8256629076501066
8,48.1,43.4,0.9022869022869023
10,57.95,49.25,0.8498705780845557
4,147.6,127.15,0.861449864498645
18,67.3,48.45,0.7199108469539376
16,70.75,61.8,0.8734982332155476
8,49.0,43.35,0.8846938775510204
10,69.9,52.35,0.7489270386266095
8,123.35,93.55,0.7584110255370896
10,40.2,34.65,0.8619402985074627
14,80.65,66.15,0.8202107873527589
10,62.7,51.6,0.8229665071770335
6,54.05,47.2,0.8732654949121184
2,192.5,164.2,0.852987012987013
14,103.2,78.75,0.7630813953488372
8,91.65,72.1,0.7866884888161484
4,50.2,39.65,0.7898406374501992
16,84.25,67.65,0.8029673590504451
10,68.35,52.9,0.7739575713240673
14,142.15,115.45,0.8121702427013718
4,85.7,72.0,0.8401400233372228
2,97.3,77.1,0.7923946557040082
12,92.0,80.65,0.8766304347826087
8,45.55,38.1,0.8364434687156971
8,149.75,123.05,0.821702838063439
6,119.55,104.1,0.8707653701380176
8,29.1,25.6,0.8797250859106529
6,73.05,63.95,0.8754277891854894
16,65.5,51.8,0.7908396946564885
10,71.65,54.95,0.7669225401256106
12,40.5,30.1,0.7432098765432099
18,23.2,17.9,0.771551724137931
14,81.5,68.4,0.8392638036809816
10,48.35,41.3,0.8541882109617374
8,129.85,96.25,0.7412398921832885
4,171.45,146.3,0.8533100029163021
8,37.1,26.65,0.7183288409703504
16,37.95,29.6,0.7799736495388669
12,46.4,38.35,0.8265086206896551
14,21.1,15.65,0.7417061611374408
12,31.1,24.05,0.7733118971061094
18,74.4,58.15,0.7815860215053764
10,29.0,23.2,0.8
10,106.55,83.75,0.7860159549507274
10,62.1,50.25,0.8091787439613527
10,114.8,96.8,0.8432055749128919
12,24.35,19.25,0.7905544147843943
10,96.75,80.25,0.8294573643410853
12,84.15,72.8,0.8651218062982768
24,73.7,52.0,0.7055630936227951
14,95.9,76.85,0.8013555787278415
16,113.7,83.6,0.7352682497801232
2,62.1,51.35,0.8268921095008052
4,143.9,124.1,0.862404447533009
8,53.15,42.9,0.8071495766698025
0,84.0,71.35,0.8494047619047619
10,41.15,29.8,0.724179829890644
8,81.0,59.6,0.7358024691358025
12,41.15,34.45,0.8371810449574727
8,44.15,37.05,0.8391845979614949
8,60.85,47.55,0.7814297452752671
6,71.95,60.85,0.8457261987491314
4,145.15,132.85,0.9152600757836721
20,77.35,58.0,0.7498383968972204
14,56.9,45.15,0.7934973637961336
6,52.8,46.75,0.8854166666666666
4,47.35,41.5,0.8764519535374868
0,26.2,24.45,0.933206106870229
10,36.9,31.0,0.8401084010840109
10,44.4,31.45,0.7083333333333334
20,37.4,31.6,0.8449197860962567
8,118.3,92.4,0.7810650887573964
12,113.7,90.95,0.7999120492524187
2,94.3,83.75,0.8881230116648993
18,57.75,46.65,0.8077922077922078
0,70.05,61.3,0.875089221984297
10,99.5,90.45,0.9090452261306533
10,153.95,120.95,0.7856446898343618
8,14.1,9.0,0.6382978723404256
4,115.55,97.15,0.8407615750757248
10,30.0,23.3,0.7766666666666666
6,28.25,19.5,0.6902654867256637
2,75.35,67.55,0.8964830789648308
14,89.85,72.3,0.8046744574290484
8,60.4,52.25,0.8650662251655629
12,89.3,65.05,0.7284434490481523
10,28.2,23.75,0.8421985815602837
6,97.7,80.85,0.8275332650972365
12,100.15,73.1,0.7299051422865701
6,30.25,23.7,0.7834710743801653
10,111.6,72.95,0.6536738351254481
20,86.9,66.8,0.7686996547756041
8,25.95,22.15,0.8535645472061657
20,88.55,64.3,0.7261434217955957
4,55.45,48.5,0.8746618575293057
2,61.5,55.65,0.9048780487804878
12,92.6,81.35,0.8785097192224622
12,46.4,38.0,0.8189655172413793
10,28.75,22.9,0.7965217391304348
4,58.5,46.25,0.7905982905982906
14,50.5,39.3,0.7782178217821782
8,36.85,33.0,0.8955223880597015
12,42.8,31.05,0.7254672897196262
18,95.85,77.0,0.803338549817423
8,74.15,60.85,0.8206338503034389
6,53.1,44.85,0.844632768361582
12,119.15,100.25,0.8413764162819974
4,82.2,74.0,0.9002433090024331
16,35.15,28.45,0.8093883357041252
6,120.95,107.7,0.8904505994212485
6,124.75,111.95,0.8973947895791583
12,25.15,20.2,0.8031809145129225
8,76.25,62.6,0.820983606557377
8,84.65,69.35,0.8192557590076787
8,42.15,35.95,0.8529062870699882
8,54.95,48.4,0.8808007279344859
10,50.05,38.55,0.7702297702297702
2,133.95,118.2,0.8824188129899216
2,67.95,61.8,0.9094922737306843
6,103.2,82.7,0.8013565891472868
10,32.85,24.1,0.7336377473363774
6,38.05,34.85,0.9159001314060446
8,81.3,64.25,0.7902829028290282
6,56.0,45.7,0.8160714285714286
4,28.3,25.8,0.911660777385159
14,52.75,40.25,0.7630331753554502
0,27.05,24.05,0.88909426987061
6,85.05,75.05,0.8824221046443269
4,110.0,95.1,0.8645454545454545
8,42.7,34.5,0.8079625292740047
10,97.55,73.85,0.7570476678626346
8,58.75,48.0,0.8170212765957446
16,91.4,71.45,0.7817286652078774
16,167.8,123.8,0.7377830750893921
6,73.05,60.85,0.8329911019849419
10,42.25,30.4,0.7195266272189349
4,84.05,70.95,0.8441403926234384
0,36.7,32.6,0.888283378746594
8,139.6,113.5,0.8130372492836676
14,95.3,76.6,0.8037775445960126
14,66.65,51.95,0.7794448612153039
8,36.55,31.05,0.8495212038303693
10,144.45,115.85,0.8020076150917272
10,67.3,53.15,0.7897473997028231
10,28.1,24.35,0.8665480427046264
8,119.1,93.25,0.7829554995801847
8,98.95,81.2,0.8206164729661445
10,142.05,116.7,0.8215417106652587
10,140.3,108.6,0.7740555951532431
16,84.9,71.65,0.8439340400471143
4,73.5,51.25,0.6972789115646258
14,65.8,50.2,0.7629179331306991
14,112.15,86.05,0.7672759696834597
12,108.5,87.5,0.8064516129032258
6,137.1,125.55,0.9157549234135668
4,39.05,36.1,0.9244558258642765
14,52.05,46.3,0.8895292987512008
12,98.45,83.05,0.8435754189944135
4,104.5,89.15,0.8531100478468899
10,62.5,49.1,0.7856
12,114.15,86.55,0.7582128777923784
8,68.55,59.4,0.8665207877461707
8,34.55,25.35,0.7337192474674384
4,93.35,78.45,0.8403856454204607
10,91.85,77.35,0.8421339139902014
4,39.3,34.9,0.8880407124681934
4,44.5,37.4,0.8404494382022472
12,87.5,72.15,0.8245714285714286
8,47.7,36.2,0.7589098532494759
8,75.8,68.85,0.908311345646438
8,16.1,13.2,0.8198757763975155
4,70.9,62.0,0.8744710860366713
16,117.9,93.15,0.7900763358778626
8,83.4,70.35,0.8435251798561151
10,49.2,43.65,0.8871951219512195
4,85.7,75.1,0.8763127187864644
0,93.1,85.1,0.9140708915145005
6,52.2,44.05,0.8438697318007663
4,48.0,41.95,0.8739583333333333
0,59.9,53.5,0.8931552587646077
8,84.85,75.0,0.8839127872716559
12,60.6,48.75,0.8044554455445545
12,89.0,67.3,0.7561797752808989
12,95.85,79.55,0.8299426186750131
12,141.7,109.5,0.7727593507410021
2,34.15,28.75,0.8418740849194729
8,56.15,48.25,0.8593054318788959
16,64.1,49.7,0.7753510140405616
8,88.1,77.1,0.8751418842224744
12,42.25,35.65,0.8437869822485207
4,67.7,60.7,0.896602658788774
8,100.95,89.9,0.8905398712233779
6,119.7,90.5,0.7560568086883876
16,67.25,60.5,0.8996282527881041
24,88.3,57.65,0.6528878822197055
8,47.35,42.3,0.8933474128827877
2,67.85,54.45,0.8025055268975682
4,87.2,76.45,0.8767201834862385
12,69.8,49.15,0.7041547277936963
10,69.45,64.65,0.9308855291576674
2,97.7,78.1,0.7993858751279427
12,124.5,99.1,0.7959839357429719
10,51.1,39.05,0.764187866927593
10,41.05,32.45,0.7904993909866017
2,104.85,94.85,0.9046256556986171
22,137.4,104.45,0.7601892285298398
8,105.15,90.3,0.8587731811697575
10,39.85,31.8,0.7979924717691342
12,69.25,57.35,0.828158844765343
14,55.55,37.5,0.6750675067506751
10,26.55,21.35,0.8041431261770244
4,73.35,64.0,0.8725289706884799
12,137.75,115.3,0.8370235934664246
12,64.15,49.85,0.7770849571317225
10,55.85,46.9,0.8397493285586393
2,95.25,86.9,0.9123359580052494
12,57.45,42.35,0.7371627502175805
14,56.85,50.25,0.8839050131926122
6,50.25,42.4,0.8437810945273632
12,79.9,68.2,0.853566958698373
6,175.15,139.95,0.7990294033685412
6,89.8,80.0,0.89086859688196
10,107.45,81.75,0.7608189855746859
10,70.5,65.35,0.926950354609929
10,44.8,38.0,0.8482142857142857
10,176.7,141.65,0.8016411997736276
10,106.0,87.95,0.8297169811320755
14,120.05,90.2,0.7513536026655561
18,46.05,39.6,0.8599348534201955
10,91.65,77.6,0.8466993998908893
6,34.45,31.15,0.9042089985486212
4,46.3,38.7,0.8358531317494601
10,84.05,70.25,0.835812016656752
10,88.45,74.15,0.8383267382702092
14,82.75,62.55,0.7558912386706949
18,74.3,49.35,0.6641991924629879
8,65.6,54.1,0.8246951219512195
8,79.6,70.7,0.8881909547738693
10,86.55,75.4,0.8711727325245523
16,79.75,61.75,0.774294670846395
8,212.9,171.0,0.8031939877876938
8,102.35,84.25,0.8231558378114313
8,61.0,50.5,0.8278688524590164
2,46.85,37.75,0.8057630736392742
12,39.45,32.75,0.8301647655259823
8,49.05,40.9,0.8338430173292558
12,126.55,102.15,0.8071908336625839
16,87.4,65.0,0.7437070938215103
8,77.45,64.5,0.8327953518398967
10,54.95,44.35,0.8070973612374887
8,61.65,48.6,0.7883211678832117
6,44.55,33.2,0.745230078563412
18,127.8,95.85,0.75
6,87.4,79.75,0.9124713958810069
10,33.05,25.05,0.7579425113464447
12,73.05,59.3,0.811772758384668
8,34.5,27.75,0.8043478260869565
4,160.05,139.15,0.8694158075601375
20,54.15,34.15,0.6306555863342567
4,56.05,47.6,0.8492417484388939
16,22.05,13.95,0.6326530612244898
14,110.2,82.1,0.7450090744101633
10,93.65,72.8,0.7773625200213561
10,59.9,44.5,0.7429048414023373
12,43.9,36.9,0.8405466970387244
14,100.05,77.15,0.7711144427786107
10,73.45,58.9,0.8019060585432267
12,119.75,93.75,0.7828810020876826
8,58.55,45.8,0.7822374039282665
10,35.0,27.65,0.79
10,81.25,71.2,0.8763076923076923
4,94.45,84.4,0.8935944944415034
12,77.5,57.8,0.7458064516129033
14,82.75,65.05,0.7861027190332326
4,46.5,41.25,0.8870967741935484
8,51.25,41.05,0.8009756097560976
6,52.0,44.3,0.8519230769230769
10,115.7,98.6,0.8522039757994814
8,112.95,88.7,0.785303231518371
6,94.65,73.95,0.7812995245641838
8,51.4,44.1,0.857976653696498
4,98.5,90.9,0.9228426395939087
10,92.15,70.5,0.7650569723277265
4,111.0,94.3,0.8495495495495495
6,67.85,60.15,0.8865143699336773
10,102.7,88.45,0.8612463485881208
8,175.65,146.65,0.8348989467691432
12,28.3,23.6,0.833922261484099
4,86.6,77.05,0.8897228637413395
14,65.6,52.4,0.7987804878048781
10,57.05,45.2,0.7922874671340929
2,39.7,37.1,0.9345088161209067
0,132.3,123.75,0.935374149659864
6,88.85,73.55,0.8277996623522791
8,26.05,21.4,0.8214971209213052
14,66.35,54.5,0.8214016578749058
16,48.55,39.9,0.8218331616889805
6,48.4,42.0,0.8677685950413223
6,38.4,30.85,0.8033854166666666
16,31.55,25.25,0.8003169572107766
8,66.8,54.35,0.813622754491018
6,92.45,74.4,0.8047593293672255
12,80.95,60.85,0.7516985793699815
4,124.15,105.35,0.8485702778896497
2,46.1,39.5,0.8568329718004338
6,98.85,87.35,0.8836621143146182
10,90.2,66.1,0.7328159645232816
12,48.2,38.9,0.8070539419087137
14,39.7,32.8,0.8261964735516373
2,66.15,58.95,0.891156462585034
12,93.95,72.75,0.7743480574773816
16,51.5,32.95,0.6398058252427185
8,77.45,63.75,0.8231116849580374
6,88.6,75.55,0.8527088036117382
14,84.8,69.15,0.8154481132075472
10,41.45,32.15,0.7756332931242461
14,72.65,60.4,0.8313833448038541
12,128.75,103.3,0.8023300970873787
12,69.5,59.65,0.858273381294964
10,31.7,26.2,0.8264984227129337
6,134.0,109.8,0.8194029850746268
8,31.0,22.8,0.7354838709677419
10,27.95,19.85,0.7101967799642218
10,70.0,54.65,0.7807142857142857
4,69.3,64.1,0.924963924963925
12,83.8,70.75,0.844272076372315
12,170.45,144.1,0.845409210912291
10,146.05,119.95,0.8212940773707634
8,63.8,55.7,0.8730407523510971
10,25.6,15.9,0.62109375
4,86.35,79.0,0.9148812970469021
8,116.0,95.6,0.8241379310344827
16,68.25,49.15,0.7201465201465201
12,49.5,39.35,0.794949494949495
14,77.95,59.0,0.7568954457985888
8,122.0,96.1,0.7877049180327869
10,83.95,59.55,0.7093508040500298
8,102.1,81.0,0.7933398628795298
10,145.8,112.2,0.7695473251028807
8,43.3,33.6,0.7759815242494227
8,51.5,43.25,0.8398058252427184
14,54.8,45.25,0.8257299270072993
6,81.2,67.4,0.8300492610837439
10,73.35,55.2,0.7525562372188139
4,48.2,41.9,0.8692946058091287
14,42.85,34.0,0.793465577596266
12,85.55,75.2,0.8790181180596143
6,62.85,56.5,0.8989657915672236
8,137.6,117.4,0.8531976744186046
8,86.85,76.4,0.8796776050662061
18,18.6,14.55,0.782258064516129
8,118.9,93.15,0.7834314550042052
14,20.55,14.05,0.683698296836983
6,84.5,65.9,0.7798816568047338
4,108.95,91.2,0.8370812299219825
12,89.05,68.05,0.764177428411005
22,49.9,36.0,0.7214428857715431
12,52.2,44.55,0.853448275862069
12,39.05,34.6,0.8860435339308579
18,100.65,70.4,0.6994535519125683
12,34.15,25.65,0.7510980966325037
18,81.95,57.45,0.7010372178157414
10,92.2,74.55,0.8085683297180043
8,82.3,68.2,0.8286755771567437
8,96.05,76.35,0.7948984903695991
8,53.1,47.4,0.8926553672316384
6,121.95,94.15,0.7720377203772038
0,56.5,49.55,0.8769911504424779
12,134.9,108.6,0.8050407709414381
14,51.95,42.6,0.8200192492781521
4,91.1,72.75,0.7985729967069155
6,35.05,27.55,0.7860199714693296
12,103.9,80.4,0.7738209817131858
14,38.05,29.45,0.7739816031537451
10,68.7,48.95,0.7125181950509462
18,63.15,46.5,0.7363420427553444
16,60.35,50.0,0.8285004142502072
14,93.9,78.3,0.8338658146964856
6,99.3,88.25,0.8887210473313192
12,73.45,56.5,0.7692307692307693
12,46.5,31.65,0.6806451612903226
6,58.95,50.3,0.8532654792196777
8,86.55,77.15,0.8913922588099364
4,116.75,106.8,0.9147751605995718
4,64.05,59.35,0.9266198282591726
10,76.55,56.05,0.7322011757021555
4,88.1,75.05,0.8518728717366629
16,75.95,58.2,0.7662936142198815
8,128.5,103.25,0.8035019455252919
10,61.05,52.3,0.8566748566748567
10,92.55,71.4,0.7714748784440842
12,84.55,70.25,0.830869308101715
4,44.8,38.5,0.859375
14,21.35,16.1,0.7540983606557377
16,24.8,19.25,0.7762096774193549
16,84.5,64.0,0.757396449704142
12,90.65,71.65,0.7904026475455047
14,120.95,90.4,0.7474162877221993
12,141.1,103.7,0.7349397590361446
24,37.55,25.5,0.6790945406125166
4,54.4,46.65,0.8575367647058824
4,24.9,21.3,0.8554216867469879
8,52.9,42.55,0.8043478260869565
8,57.55,48.8,0.8479582971329279
14,112.9,82.15,0.7276350752878654
8,133.6,109.8,0.8218562874251497
10,41.6,35.45,0.8521634615384616
4,53.65,48.95,0.9123951537744641
10,55.0,39.75,0.7227272727272728
10,70.95,56.05,0.7899929527836504
4,101.45,82.55,0.8137013307047807
10,53.2,42.6,0.8007518796992481
10,65.7,55.5,0.8447488584474886
16,59.35,46.15,0.7775905644481887
12,90.65,73.8,0.8141202426916713
10,121.1,91.3,0.7539223781998349
18,70.7,51.75,0.731966053748232
6,45.25,38.9,0.8596685082872928
10,88.05,71.55,0.8126064735945485
10,78.4,67.7,0.8635204081632653
6,52.65,46.4,0.8812915479582146
10,102.9,83.0,0.8066083576287658
14,114.25,96.65,0.8459518599562363
14,66.8,49.85,0.7462574850299402
14,38.3,32.35,0.8446475195822454
10,103.75,76.65,0.7387951807228915
6,69.0,56.8,0.8231884057971014
10,112.75,89.85,0.7968957871396896
8,53.4,42.95,0.8043071161048689
14,71.55,62.0,0.8665269042627534
16,64.75,46.85,0.7235521235521235
10,69.1,56.9,0.8234442836468886
6,95.65,76.75,0.8024046001045478
14,46.3,37.25,0.8045356371490281
8,102.2,86.45,0.8458904109589042
18,124.7,96.1,0.7706495589414595
8,43.55,36.35,0.8346727898966705
6,69.9,63.55,0.9091559370529327
12,69.25,58.75,0.8483754512635379
16,64.35,42.75,0.6643356643356644
12,80.6,60.8,0.7543424317617866
6,81.85,68.4,0.8356750152718387
8,118.0,99.75,0.8453389830508474
4,101.3,76.1,0.7512339585389931
2,152.5,131.9,0.8649180327868853
14,26.65,19.2,0.7204502814258912
2,30.7,28.3,0.9218241042345277
10,25.85,16.9,0.6537717601547389
8,137.5,112.75,0.82
12,90.35,72.1,0.7980077476480354
2,36.75,33.9,0.9224489795918367
22,85.25,68.15,0.7994134897360704
20,112.5,84.35,0.7497777777777778
20,69.7,51.45,0.7381635581061693
18,103.7,78.8,0.759884281581485
10,31.55,26.3,0.8335974643423137
8,74.4,60.05,0.8071236559139785
6,87.2,71.2,0.8165137614678899
4,102.6,96.9,0.9444444444444444
2,159.05,147.5,0.9273813266268469
6,56.25,46.25,0.8222222222222222
14,59.05,47.05,0.7967823878069432
10,62.55,54.7,0.8745003996802558
2,43.5,37.05,0.8517241379310345
6,89.45,71.4,0.7982112912241476
8,91.7,75.95,0.8282442748091603
18,130.9,99.5,0.760122230710466
2,33.7,27.1,0.8041543026706232
14,61.5,44.95,0.7308943089430894
10,58.8,45.4,0.7721088435374149
14,56.45,46.35,0.8210806023029229
4,48.95,46.15,0.9427987742594485
6,51.8,46.55,0.8986486486486487
8,81.0,68.2,0.8419753086419753
14,78.15,58.0,0.7421625079974408
4,86.2,64.1,0.7436194895591647
8,70.25,59.85,0.8519572953736655
12,65.8,52.15,0.7925531914893617
14,53.85,44.25,0.8217270194986073
10,115.95,96.9,0.8357050452781372
8,30.3,25.25,0.8333333333333334
2,104.95,93.1,0.8870890900428776
8,73.55,61.55,0.8368456832087016
8,96.5,78.65,0.8150259067357513
4,117.2,92.95,0.7930887372013652
6,116.95,96.3,0.8234288157332194
16,50.6,38.9,0.7687747035573123
10,74.85,57.0,0.7615230460921844
6,29.6,24.15,0.8158783783783784
2,54.8,45.8,0.8357664233576643
12,63.2,52.45,0.8299050632911392
8,80.45,71.45,0.8881292728402734
8,138.7,103.9,0.749098774333093
18,152.2,115.4,0.7582128777923784
14,17.25,14.45,0.8376811594202899
6,172.5,143.35,0.8310144927536232
4,126.7,102.95,0.8125493291239148
6,87.15,74.85,0.8588640275387264
10,45.05,36.45,0.8091009988901221
8,80.0,67.95,0.849375
4,125.4,104.2,0.8309409888357256
10,70.8,48.65,0.6871468926553672
8,62.9,49.7,0.7901430842607313
14,36.5,25.9,0.7095890410958904
4,73.0,57.0,0.7808219178082192
4,67.9,59.9,0.882179675994109
10,55.9,46.5,0.8318425760286225
12,102.75,76.7,0.7464720194647202
12,70.0,60.1,0.8585714285714285
6,26.5,22.9,0.8641509433962264
4,21.35,16.35,0.765807962529274
8,167.7,133.9,0.7984496124031008
14,39.4,27.1,0.6878172588832487
8,32.85,29.15,0.8873668188736682
4,68.4,63.2,0.9239766081871345
10,91.4,75.75,0.8287746170678337
10,65.55,49.6,0.7566742944317315
10,86.65,69.3,0.7997691863819966
12,110.05,91.0,0.8268968650613358
10,51.1,35.55,0.6956947162426614
4,55.7,47.3,0.8491921005385996
10,90.4,71.2,0.7876106194690266
12,82.2,65.15,0.7925790754257908
10,56.0,37.9,0.6767857142857143
2,105.15,93.65,0.8906324298621018
14,32.3,23.05,0.7136222910216719
16,158.5,122.2,0.7709779179810725
10,34.85,28.95,0.830703012912482
6,133.2,120.6,0.9054054054054054
12,83.9,62.4,0.7437425506555423
8,58.65,45.85,0.7817561807331628
6,69.5,58.45,0.8410071942446044
12,86.7,63.85,0.7364475201845444
2,71.3,58.7,0.82328190743338
8,67.35,56.45,0.838158871566444
6,34.45,29.75,0.8635703918722787
8,54.2,40.95,0.7555350553505535
6,157.45,122.25,0.7764369641155923
10,76.85,66.85,0.8698763825634352
2,90.55,76.25,0.842076200993926
8,108.3,95.75,0.884118190212373
2,56.1,53.05,0.9456327985739751
4,80.15,70.05,0.8739862757330006
8,45.1,32.55,0.7217294900221729
12,107.4,84.35,0.7853817504655494
14,74.15,59.4,0.8010788941335132
20,47.95,31.05,0.6475495307612096
12,122.65,100.55,0.8198124745209947
4,84.75,70.45,0.8312684365781711
10,115.9,90.05,0.776962899050906
10,68.55,53.45,0.7797228300510576
16,61.1,48.1,0.7872340425531915
8,44.0,38.85,0.8829545454545454
8,58.5,48.85,0.8350427350427351
10,144.55,111.8,0.7734347976478727
4,61.25,55.15,0.9004081632653061
8,84.1,68.25,0.8115338882282996
8,80.1,66.65,0.8320848938826467
10,206.2,155.55,0.754364694471387
14,88.5,69.45,0.7847457627118644
8,50.05,43.05,0.8601398601398601
4,69.5,64.15,0.923021582733813
2,78.65,69.4,0.8823903369357915
14,190.3,147.25,0.7737782448765108
16,70.8,48.4,0.6836158192090396
4,51.25,40.4,0.7882926829268293
8,54.7,38.45,0.7029250457038391
6,85.1,70.55,0.8290246768507638
4,126.15,104.75,0.8303606817281015
8,115.2,93.95,0.8155381944444444
10,89.85,74.2,0.8258208124652198
6,108.9,90.2,0.8282828282828283
10,29.0,21.6,0.7448275862068966
10,26.6,19.5,0.7330827067669173
4,99.05,77.8,0.7854618879353862
6,130.55,115.6,0.8854844887016469
14,79.25,65.8,0.8302839116719243
16,48.05,35.3,0.7346514047866806
16,72.15,54.75,0.7588357588357588
2,73.35,69.0,0.9406952965235174
2,69.8,55.35,0.7929799426934098
12,52.45,43.45,0.8284080076263107
10,27.05,23.4,0.8650646950092421
4,28.15,21.25,0.7548845470692718
2,62.0,54.65,0.8814516129032258
20,93.55,66.35,0.709246392303581
2,82.45,76.2,0.9241964827167981
14,38.1,30.65,0.8044619422572179
10,47.4,37.9,0.79957805907173
16,95.95,68.4,0.7128712871287128
6,65.85,54.05,0.8208048595292331
12,81.65,63.6,0.7789344764237599
4,80.75,63.7,0.7888544891640867
4,39.95,36.1,0.9036295369211514
14,74.95,54.2,0.723148765843896
20,13.2,9.5,0.7196969696969697
8,167.85,148.5,0.8847184986595175
18,93.15,69.65,0.7477187332259796
4,82.55,69.4,0.8407026044821321
6,69.35,57.55,0.8298485940879596
10,80.55,59.85,0.7430167597765364
8,41.5,32.5,0.7831325301204819
16,67.8,46.95,0.6924778761061947
12,26.7,21.2,0.7940074906367042
12,120.45,104.25,0.8655043586550436
4,126.45,98.35,0.7777777777777778
6,146.15,129.25,0.8843653780362641
4,58.25,52.9,0.9081545064377683
18,21.65,15.4,0.7113163972286374
6,183.55,162.1,0.8831381095069464
8,75.8,60.2,0.7941952506596306
22,69.6,45.95,0.6602011494252874
6,42.75,33.15,0.775438596491228
12,67.55,58.85,0.8712065136935603
10,214.95,173.15,0.8055361712026052
6,78.7,71.45,0.9078780177890724
12,56.1,43.4,0.7736185383244206
12,85.75,64.45,0.751603498542274
6,80.4,65.35,0.8128109452736318
10,42.55,34.95,0.8213866039952996
6,52.2,41.45,0.7940613026819924
10,109.6,93.65,0.854470802919708
18,41.5,31.55,0.7602409638554217
10,104.65,86.6,0.8275203057811753
12,90.0,72.6,0.8066666666666666
8,60.75,48.95,0.805761316872428
14,52.8,41.4,0.7840909090909091
14,47.95,33.7,0.7028154327424401
14,40.1,28.7,0.71571072319202
12,57.55,47.0,0.8166811468288445
6,42.85,39.2,0.9148191365227538
6,68.25,58.1,0.8512820512820513
4,97.9,85.8,0.8764044943820225
8,114.85,99.95,0.870265563778842
8,54.85,41.35,0.7538742023701003
10,112.35,97.85,0.8709390298175345
4,97.4,81.25,0.8341889117043121
14,50.3,40.0,0.7952286282306164
16,157.65,117.2,0.743418966064066
12,32.7,26.65,0.8149847094801224
4,102.9,83.35,0.8100097181729835
14,36.9,28.8,0.7804878048780488
16,53.3,37.25,0.698874296435272
4,90.75,76.15,0.8391184573002755
4,60.7,44.45,0.7322899505766063
6,91.0,81.05,0.8906593406593407
8,76.85,69.5,0.904359141184125
12,62.35,51.55,0.8267842822774659
10,21.95,16.85,0.7676537585421412
6,91.75,75.1,0.8185286103542234
10,63.75,52.8,0.8282352941176471
8,96.95,68.95,0.7111913357400722
14,129.25,98.5,0.7620889748549323
10,67.75,52.3,0.7719557195571956
18,68.7,60.6,0.8820960698689956
10,118.65,98.1,0.8268015170670038
10,165.85,139.35,0.8402170636116973
8,43.5,35.65,0.8195402298850575
6,85.95,69.3,0.806282722513089
8,131.85,107.55,0.8156996587030717
10,140.3,108.7,0.774768353528154
4,160.0,147.55,0.9221875
18,25.3,20.55,0.8122529644268774
10,26.8,19.65,0.7332089552238806
8,94.15,81.4,0.8645778013807753
8,152.1,117.15,0.7702169625246549
16,35.4,26.4,0.7457627118644068
10,56.45,47.55,0.8423383525243578
6,105.05,83.7,0.7967634459781057
10,21.1,15.55,0.7369668246445498
8,82.5,68.05,0.8248484848484848
6,63.3,51.8,0.8183254344391785
6,109.7,99.55,0.9074749316317229
8,111.45,84.4,0.7572902646926873
10,92.05,71.7,0.7789244975556763
6,29.1,25.2,0.865979381443299
6,108.9,97.3,0.8934802571166207
4,59.5,52.55,0.8831932773109243
4,22.9,18.65,0.8144104803493449
6,159.4,131.7,0.8262233375156838
4,59.95,48.65,0.8115095913261051
4,58.3,50.75,0.8704974271012007
8,77.7,68.35,0.8796653796653797
10,95.1,72.85,0.7660357518401683
8,73.25,67.95,0.9276450511945392
14,84.55,61.45,0.726788882318155
10,37.45,29.2,0.7797062750333779
4,62.25,56.45,0.9068273092369478
6,48.1,39.9,0.8295218295218295
8,35.2,27.5,0.78125
10,73.75,65.45,0.8874576271186441
6,95.1,83.35,0.8764458464773922
4,138.7,105.85,0.7631578947368421
8,45.0,38.35,0.8522222222222222
8,107.55,93.5,0.8693630869363087
16,54.55,36.2,0.6636113657195234
12,121.4,87.9,0.7240527182866557
8,36.25,31.85,0.8786206896551724
16,111.5,77.8,0.6977578475336322
6,139.6,122.7,0.8789398280802292
0,15.15,14.05,0.9273927392739274
10,112.85,92.9,0.8232166592822331
4,46.4,38.6,0.8318965517241379
18,48.15,34.65,0.719626168224299
2,31.8,29.9,0.940251572327044
8,80.9,69.8,0.8627935723114957
12,66.2,51.25,0.7741691842900302
4,65.1,53.9,0.8279569892473119
12,42.55,34.45,0.8096357226792009
8,115.8,89.6,0.7737478411053541
12,79.35,57.1,0.7195967233774417
2,149.8,137.1,0.9152202937249666
12,84.95,60.55,0.7127722189523249
8,160.05,128.25,0.8013120899718837
8,91.05,69.2,0.7600219659527732
8,30.9,24.4,0.7896440129449838
18,55.8,43.2,0.7741935483870968
10,91.95,71.95,0.7824904839586732
10,37.15,32.15,0.8654104979811574
10,103.05,89.25,0.86608442503639
8,58.25,52.2,0.896137339055794
8,90.25,76.0,0.8421052631578947
14,62.85,46.1,0.7334924423229913
10,37.75,30.1,0.7973509933774835
8,122.15,104.05,0.8518215309046254
10,146.75,116.4,0.7931856899488927
6,144.3,119.1,0.8253638253638254
2,116.95,97.3,0.8319794784095768
8,39.2,34.4,0.8775510204081632
8,89.35,66.7,0.7465025181869054
14,94.3,68.8,0.7295864262990456
12,71.2,49.95,0.7015449438202247
16,69.55,53.55,0.7699496764917325
6,104.2,88.45,0.8488483685220729
8,87.9,76.5,0.8703071672354948
10,36.05,25.3,0.7018030513176144
6,89.0,73.25,0.8230337078651685
8,46.15,38.05,0.8244853737811484
8,98.3,84.25,0.8570701932858596
14,66.7,53.5,0.8020989505247377
22,96.15,67.15,0.6983879355174207
4,71.4,60.6,0.8487394957983193
10,113.35,93.25,0.8226731363034848
10,72.6,58.35,0.8037190082644629
4,93.25,78.45,0.8412868632707775
12,64.95,48.5,0.7467282525019245
16,112.85,89.75,0.795303500221533
4,105.85,90.7,0.8568729333963155
4,53.9,41.5,0.7699443413729128
2,64.4,58.1,0.9021739130434783
10,38.9,27.9,0.7172236503856041
10,75.2,63.65,0.8464095744680851
6,63.0,50.6,0.8031746031746032
20,43.4,31.6,0.728110599078341
16,30.2,22.85,0.7566225165562914
10,132.15,102.0,0.771850170261067
10,108.45,82.1,0.7570308898109728
10,68.05,49.85,0.7325495958853784
16,65.55,48.4,0.738367658276125
8,47.25,37.1,0.7851851851851852
6,51.4,44.15,0.8589494163424124
20,80.9,54.4,0.6724351050679852
2,91.4,76.05,0.8320568927789934
14,77.05,58.15,0.754704737183647
8,35.6,31.65,0.8890449438202247
10,82.35,70.0,0.8500303582270795
22,131.65,90.5,0.6874287884542347
12,34.05,29.8,0.8751835535976505
8,155.75,134.35,0.8626003210272873
16,74.05,57.35,0.7744767049291019
14,35.2,26.35,0.7485795454545454
6,117.85,93.6,0.7942299533305048
12,78.1,63.25,0.8098591549295775
14,110.15,83.8,0.7607807535179301
10,58.15,44.95,0.7730008598452278
10,37.95,25.55,0.6732542819499341
10,31.7,28.55,0.9006309148264984
12,63.7,52.05,0.8171114599686028
4,91.5,71.1,0.7770491803278688
12,76.6,59.15,0.7721932114882507
2,73.45,65.45,0.8910823689584751
8,39.1,30.25,0.7736572890025576
4,114.65,98.35,0.8578281726995203
6,50.4,43.2,0.8571428571428571
2,62.7,56.9,0.9074960127591707
20,75.85,62.3,0.8213579433091628
4,186.0,158.25,0.8508064516129032
10,127.7,97.2,0.7611589663273297
0,80.5,69.05,0.8577639751552795
16,68.55,53.3,0.7775346462436178
20,37.35,28.65,0.7670682730923695
22,18.9,11.15,0.58994708994709
20,28.5,20.25,0.7105263157894737
2,49.5,43.6,0.8808080808080808
10,70.7,62.4,0.8826025459688827
12,80.95,68.4,0.8449660284126004
12,31.7,27.25,0.8596214511041009
10,58.55,46.0,0.7856532877882152
14,98.35,80.8,0.8215556685307575
8,84.65,68.95,0.8145304193738925
8,29.45,23.25,0.7894736842105263
14,106.65,82.5,0.7735583684950773
10,79.7,65.1,0.8168130489335006
6,18.35,15.4,0.8392370572207084
4,135.3,114.7,0.8477457501847746
6,98.6,90.9,0.9219066937119675
18,58.05,42.2,0.726959517657192
10,95.5,77.45,0.8109947643979057
0,41.9,35.85,0.8556085918854416
8,75.35,67.0,0.8891838088918381
24,57.55,41.95,0.7289313640312771
12,50.4,40.2,0.7976190476190477
12,132.9,111.15,0.8363431151241535
12,97.1,82.75,0.8522142121524202
6,99.0,78.45,0.7924242424242425
20,17.35,12.8,0.7377521613832853
8,45.9,40.15,0.8747276688453159
10,94.6,71.55,0.7563424947145877
14,65.0,49.5,0.7615384615384615
8,56.85,49.35,0.8680738786279684
6,71.8,63.45,0.8837047353760445
14,44.85,37.9,0.8450390189520625
10,37.2,27.55,0.7405913978494624
6,113.8,97.55,0.8572056239015817
4,75.75,65.05,0.8587458745874588
6,52.7,39.35,0.7466793168880456
6,126.3,105.75,0.83729216152019
12,81.7,68.55,0.8390452876376989
8,103.95,92.4,0.8888888888888888
14,87.75,69.6,0.7931623931623931
12,55.95,48.8,0.872207327971403
14,67.4,53.15,0.7885756676557863
6,71.45,60.5,0.8467459762071379
2,45.65,37.65,0.8247535596933188
12,94.1,79.6,0.8459086078639745
10,63.45,54.75,0.8628841607565012
8,189.65,162.75,0.8581597679936726
8,121.3,104.35,0.8602638087386645
10,161.75,133.5,0.8253477588871716
6,61.05,48.65,0.7968877968877969
6,199.8,174.75,0.8746246246246246
10,70.85,52.05,0.7346506704304869
6,86.75,72.0,0.829971181556196
8,64.95,55.15,0.8491147036181679
4,67.0,59.6,0.8895522388059701
8,43.25,33.1,0.7653179190751445
10,104.9,80.8,0.7702573879885606
8,159.5,140.2,0.8789968652037617
18,61.2,46.3,0.7565359477124183
12,164.25,132.55,0.8070015220700152
14,93.55,68.1,0.7279529663281668
14,59.7,47.55,0.7964824120603015
4,86.45,67.7,0.7831116252168884
14,73.65,60.5,0.8214528173794976
4,92.75,78.3,0.8442048517520215
10,35.1,29.65,0.8447293447293447
14,137.3,116.85,0.8510560815731973
12,74.95,59.2,0.789859906604403
14,128.7,100.35,0.7797202797202797
6,117.0,93.15,0.7961538461538461
16,85.8,70.7,0.824009324009324
12,53.2,40.2,0.7556390977443609
