rf,total_quartet,correct_quartet,correct_prop
4,142.95,129.6,0.906610703043022
12,62.85,41.8,0.6650755767700876
16,38.45,31.85,0.8283485045513654
4,155.7,129.85,0.833975594091201
4,138.05,122.1,0.8844621513944223
14,69.7,50.55,0.7252510760401721
8,131.6,111.95,0.8506838905775076
8,54.45,44.7,0.8209366391184573
4,86.5,76.9,0.8890173410404625
8,101.5,82.2,0.8098522167487685
6,118.85,107.75,0.9066049642406394
2,76.4,61.55,0.805628272251309
18,42.3,28.45,0.6725768321513003
6,55.9,49.4,0.8837209302325582
4,84.35,79.6,0.943687018375815
4,133.4,113.85,0.853448275862069
8,130.5,109.05,0.835632183908046
12,65.0,54.55,0.8392307692307692
10,124.6,102.9,0.8258426966292135
4,182.15,159.1,0.8734559429041998
8,100.7,89.35,0.8872889771598809
10,180.95,139.85,0.7728654324399006
6,120.0,101.8,0.8483333333333334
20,189.05,134.15,0.709600634752711
4,120.55,104.95,0.8705931148900871
10,122.3,105.7,0.8642681929681112
2,54.65,45.7,0.8362305580969808
6,41.55,34.55,0.8315282791817088
8,47.0,38.7,0.823404255319149
6,63.45,52.6,0.8289992119779354
2,106.45,91.7,0.8614372945044622
6,107.1,82.35,0.7689075630252101
18,99.5,77.4,0.7778894472361809
8,56.4,47.05,0.8342198581560284
8,67.65,54.2,0.8011825572801182
10,33.8,26.85,0.7943786982248521
8,89.85,70.85,0.7885364496382861
14,243.8,201.25,0.8254716981132075
0,165.2,134.35,0.8132566585956417
4,31.15,25.9,0.8314606741573034
8,138.2,104.55,0.7565123010130246
6,60.15,46.0,0.7647547797173733
8,78.85,56.9,0.7216233354470514
8,169.45,147.8,0.8722336972558277
8,112.7,102.05,0.9055013309671694
4,167.55,138.3,0.8254252461951657
8,152.5,125.5,0.8229508196721311
0,76.35,71.3,0.933857236411264
4,105.6,94.3,0.8929924242424242
6,170.95,144.6,0.8458613629716292
8,172.35,151.2,0.8772845953002611
4,140.4,128.6,0.915954415954416
10,42.8,33.65,0.7862149532710281
14,104.7,90.2,0.8615090735434575
2,77.75,56.0,0.7202572347266881
6,117.25,92.75,0.7910447761194029
8,79.45,68.15,0.8577721837633732
16,83.8,64.65,0.7714797136038186
12,111.45,84.95,0.7622252131000449
6,66.3,54.75,0.8257918552036199
10,121.2,95.55,0.7883663366336634
0,84.75,73.85,0.8713864306784661
2,109.55,96.9,0.8845276129621178
0,133.35,115.0,0.8623922009748781
10,82.95,71.7,0.864376130198915
10,89.0,67.15,0.7544943820224719
4,59.5,57.1,0.9596638655462185
4,75.05,60.0,0.7994670219853431
10,208.8,156.8,0.7509578544061303
18,99.45,68.2,0.685771744595274
16,66.2,43.25,0.6533232628398792
8,95.5,80.9,0.8471204188481676
8,83.4,72.3,0.8669064748201439
14,148.85,115.0,0.7725898555592878
6,144.15,120.5,0.8359347901491502
6,87.55,73.9,0.8440890919474586
6,295.2,228.25,0.7732046070460704
6,99.1,74.0,0.7467204843592331
12,63.65,54.0,0.8483896307934015
4,76.3,60.8,0.7968545216251638
8,138.7,114.2,0.8233597692862292
2,83.4,67.7,0.8117505995203836
8,101.5,88.95,0.8763546798029557
8,76.8,67.4,0.8776041666666666
4,81.35,71.75,0.8819913952059004
2,173.15,146.85,0.8481085763788623
10,95.4,85.1,0.8920335429769392
8,82.6,71.65,0.8674334140435835
6,81.45,63.2,0.7759361571516268
6,199.15,168.15,0.8443384383630429
12,98.5,80.75,0.8197969543147208
6,50.35,40.55,0.8053624627606752
4,72.15,67.45,0.9348579348579349
6,94.0,82.95,0.8824468085106383
4,60.6,51.7,0.8531353135313532
4,70.45,58.65,0.8325053229240597
6,73.95,55.3,0.7478025693035835
4,58.4,50.65,0.8672945205479452
6,43.0,37.1,0.8627906976744186
8,125.9,106.3,0.8443208895949166
2,172.95,139.55,0.8068806013298642
6,142.4,124.55,0.8746488764044944
6,49.5,45.2,0.9131313131313131
14,209.5,171.4,0.8181384248210024
10,182.45,148.5,0.813921622362291
6,89.25,76.0,0.8515406162464986
4,68.95,62.25,0.9028281363306744
8,72.05,60.9,0.8452463566967384
6,140.85,120.85,0.8580049698260561
6,23.7,21.65,0.9135021097046413
2,44.3,40.3,0.909706546275395
4,30.35,26.85,0.8846787479406919
4,87.2,77.45,0.8881880733944955
2,129.7,118.5,0.9136468774094063
14,116.65,87.55,0.7505357908272611
6,71.6,64.2,0.8966480446927374
6,98.2,85.95,0.8752545824847251
10,143.85,123.5,0.8585331942996176
4,155.55,136.6,0.8781742205078753
2,101.0,83.25,0.8242574257425742
0,244.7,219.6,0.8974254188802615
10,74.05,54.7,0.7386900742741391
10,103.6,82.1,0.7924710424710425
6,83.15,66.35,0.7979555021046302
8,50.45,40.35,0.7998017839444995
6,40.05,34.9,0.8714107365792759
8,120.55,95.3,0.7905433430111987
2,118.5,98.35,0.8299578059071729
4,120.15,104.15,0.8668331252600916
4,95.45,79.7,0.8349921424829754
6,64.0,49.3,0.7703125
4,144.6,128.4,0.8879668049792531
6,136.25,118.1,0.866788990825688
10,47.3,36.4,0.7695560253699789
2,247.75,229.05,0.9245206861755803
12,177.0,137.9,0.7790960451977401
8,109.25,85.85,0.785812356979405
6,53.55,43.85,0.8188608776844071
2,51.8,47.95,0.9256756756756757
2,114.25,101.15,0.8853391684901531
8,91.05,71.85,0.7891268533772653
10,41.55,36.6,0.8808664259927798
8,79.3,69.95,0.882093316519546
10,92.65,77.35,0.8348623853211009
14,139.5,114.35,0.8197132616487455
8,110.15,84.4,0.7662278710848842
12,110.45,90.6,0.8202806699864192
2,111.1,97.45,0.8771377137713772
4,217.8,180.75,0.8298898071625345
6,93.05,83.3,0.8952176249328319
2,138.8,121.95,0.8786023054755043
0,59.9,55.85,0.9323873121869783
10,75.8,58.45,0.771108179419525
6,88.1,72.35,0.8212258796821793
6,95.85,71.0,0.7407407407407407
12,155.35,119.35,0.7682652075957516
4,75.75,69.45,0.9168316831683169
8,128.25,110.95,0.8651072124756335
8,55.75,40.45,0.7255605381165919
8,239.75,194.3,0.8104275286757039
8,120.05,99.6,0.8296543107038734
8,145.2,120.5,0.8298898071625345
8,104.5,89.95,0.8607655502392344
8,68.3,58.35,0.8543191800878477
10,55.6,45.9,0.8255395683453237
12,64.0,48.6,0.759375
10,169.45,130.9,0.7724992623192682
8,51.75,38.75,0.748792270531401
6,60.9,50.35,0.8267651888341544
8,115.55,101.85,0.8814366075292082
10,126.25,107.15,0.8487128712871287
4,65.4,51.3,0.7844036697247706
10,189.8,157.45,0.8295574288724974
12,88.5,75.15,0.8491525423728814
10,51.5,44.5,0.8640776699029126
14,131.6,115.95,0.881079027355623
8,138.1,127.75,0.9250543084721217
4,73.3,61.1,0.8335607094133697
0,85.1,71.6,0.8413631022326674
6,92.3,77.3,0.8374864572047671
10,41.05,30.2,0.7356881851400731
4,214.3,184.9,0.8628091460569295
4,146.75,118.3,0.8061328790459966
2,127.4,112.4,0.8822605965463108
10,94.2,74.75,0.7935244161358811
6,189.35,171.35,0.90493794560338
4,150.6,127.6,0.8472775564409031
8,77.35,60.65,0.78409825468649
14,149.8,122.35,0.8167556742323098
14,38.45,28.75,0.7477243172951885
6,217.4,198.15,0.9114535418583257
8,31.1,20.9,0.6720257234726688
4,100.5,84.45,0.8402985074626865
4,99.6,89.65,0.9001004016064257
10,175.1,143.85,0.8215305539691605
8,131.95,110.7,0.8389541492989769
10,95.25,77.3,0.8115485564304462
10,178.05,146.9,0.8250491434990171
6,129.4,113.15,0.874420401854714
10,43.3,36.0,0.8314087759815243
8,143.55,123.2,0.8582375478927203
16,58.2,39.65,0.6812714776632303
12,46.25,38.65,0.8356756756756757
14,87.8,66.2,0.7539863325740319
6,146.65,127.55,0.8697579270371633
4,131.8,110.45,0.8380121396054628
4,225.6,179.1,0.7938829787234043
12,42.55,34.1,0.8014101057579318
6,119.4,101.85,0.8530150753768844
10,62.45,54.25,0.8686949559647719
16,118.8,92.85,0.7815656565656566
14,117.2,95.2,0.8122866894197952
2,164.35,142.4,0.8664435655613021
2,56.1,49.75,0.8868092691622104
14,159.6,122.45,0.7672305764411027
2,161.5,141.95,0.8789473684210526
10,58.15,45.8,0.7876182287188306
4,99.55,85.55,0.8593671521848317
4,65.4,58.75,0.8983180428134556
2,99.95,86.0,0.8604302151075538
14,115.1,98.35,0.8544743701129452
4,172.5,142.55,0.826376811594203
0,117.45,107.65,0.9165602383993189
14,156.8,128.8,0.8214285714285714
4,120.0,108.85,0.9070833333333334
10,145.6,113.6,0.7802197802197802
4,144.4,123.4,0.8545706371191135
2,133.75,108.95,0.8145794392523364
8,127.15,111.35,0.875737318128195
6,179.15,151.25,0.8442645827518839
4,115.85,98.6,0.8511005610703496
20,169.95,128.3,0.7549279199764637
4,137.0,119.8,0.8744525547445255
4,35.4,32.05,0.905367231638418
8,83.7,68.1,0.8136200716845878
8,113.65,95.6,0.8411790585129785
0,107.25,95.75,0.8927738927738927
6,109.45,87.4,0.7985381452718137
6,103.2,89.7,0.8691860465116279
8,215.95,169.15,0.783283167399861
4,174.75,146.55,0.8386266094420601
4,75.7,62.9,0.8309114927344782
4,145.45,124.2,0.8539016844276384
4,110.3,93.2,0.8449682683590208
12,76.1,61.1,0.8028909329829172
14,27.6,18.1,0.6557971014492754
10,80.75,61.2,0.7578947368421053
10,127.65,109.85,0.8605562083822953
6,84.15,70.7,0.8401663695781343
4,75.85,66.9,0.8820039551746869
4,50.0,42.9,0.858
0,78.35,71.4,0.9112954690491385
4,73.5,68.4,0.9306122448979591
0,72.95,69.7,0.9554489376285127
6,86.7,65.25,0.7525951557093425
8,76.65,62.65,0.817351598173516
4,112.0,86.75,0.7745535714285714
16,155.4,129.05,0.8304375804375804
10,180.9,153.0,0.845771144278607
8,148.15,120.6,0.8140398245021937
4,99.95,87.6,0.8764382191095548
2,73.3,64.45,0.8792633015006821
8,152.95,118.95,0.7777051323962079
4,147.5,122.0,0.8271186440677966
4,105.0,95.15,0.9061904761904762
8,97.4,82.1,0.8429158110882957
2,87.1,76.65,0.8800229621125144
2,127.5,112.25,0.8803921568627451
20,75.0,57.85,0.7713333333333333
18,123.0,96.75,0.7865853658536586
0,74.65,64.2,0.8600133958472873
8,108.65,89.7,0.825586746433502
4,180.85,139.15,0.7694221730716063
18,24.45,18.15,0.7423312883435583
4,167.0,138.45,0.8290419161676646
12,28.25,20.45,0.7238938053097345
14,85.4,65.65,0.7687353629976581
12,89.05,69.55,0.781021897810219
6,127.4,110.3,0.8657770800627943
6,94.1,71.95,0.7646121147715197
8,160.0,140.3,0.876875
10,47.0,38.15,0.8117021276595745
4,226.55,191.2,0.8439638048995807
6,179.6,158.85,0.8844654788418709
10,160.4,137.8,0.8591022443890274
0,126.2,112.25,0.8894611727416799
2,180.85,146.05,0.8075753386784628
4,142.0,124.2,0.8746478873239436
10,49.9,40.0,0.8016032064128257
10,164.55,122.65,0.7453661501063507
6,85.05,74.65,0.8777189888300999
2,42.9,39.9,0.9300699300699301
8,169.55,140.4,0.8280743143615452
8,54.45,42.85,0.7869605142332415
12,103.3,90.25,0.8736689254598258
4,158.0,137.4,0.8696202531645569
8,181.0,145.65,0.804696132596685
16,107.4,85.4,0.7951582867783985
4,141.0,134.35,0.9528368794326241
8,56.3,51.25,0.9103019538188277
8,93.3,77.7,0.8327974276527331
4,102.7,87.6,0.8529698149951315
2,152.55,136.2,0.8928220255653884
4,69.8,58.9,0.8438395415472779
18,53.25,42.2,0.7924882629107981
10,194.75,145.7,0.7481386392811297
6,75.45,66.15,0.8767395626242545
6,120.35,102.1,0.8483589530535937
6,146.4,114.15,0.7797131147540983
0,140.15,131.65,0.9393506956831966
10,122.25,100.9,0.8253578732106339
8,68.75,46.3,0.6734545454545454
12,177.4,133.05,0.75
12,54.5,45.1,0.8275229357798165
4,89.8,72.35,0.8056792873051225
8,111.35,91.15,0.8185900314324203
4,75.8,67.65,0.8924802110817942
2,46.75,40.3,0.8620320855614974
2,206.8,176.65,0.8542069632495164
14,73.55,55.5,0.7545887151597552
12,102.0,80.95,0.7936274509803921
8,54.5,46.55,0.8541284403669724
10,149.4,122.15,0.8176037483266398
6,143.65,126.7,0.8820048729550992
18,34.8,21.3,0.6120689655172413
8,135.65,115.25,0.8496129745669001
2,76.4,64.1,0.8390052356020943
4,106.05,82.95,0.7821782178217822
6,123.35,112.45,0.9116335630320227
8,79.4,66.4,0.836272040302267
10,86.0,66.6,0.7744186046511627
4,45.7,37.2,0.8140043763676149
4,94.75,80.2,0.8464379947229551
14,142.15,98.1,0.6901160745691172
14,103.45,82.15,0.7941034316094732
2,96.7,87.6,0.905894519131334
12,69.1,50.1,0.7250361794500724
14,48.5,33.55,0.6917525773195876
10,30.9,22.45,0.7265372168284789
16,88.45,68.0,0.7687959299039006
4,133.55,111.8,0.8371396480718832
10,56.25,46.1,0.8195555555555556
4,129.65,105.7,0.8152718858465098
16,122.65,92.0,0.7501019160211986
4,95.65,82.35,0.8609513852587559
10,69.95,60.4,0.8634739099356683
0,67.7,64.95,0.9593796159527327
4,178.6,138.4,0.77491601343785
14,143.1,111.15,0.7767295597484277
10,83.8,69.6,0.8305489260143198
6,134.55,115.55,0.8587885544407283
10,161.9,133.45,0.8242742433600988
6,59.4,50.95,0.8577441077441077
6,139.9,105.0,0.7505360972122945
4,249.9,212.8,0.8515406162464986
4,100.15,85.5,0.853719420868697
2,165.3,147.85,0.8944343617664852
12,96.2,75.05,0.7801455301455301
10,113.85,92.75,0.8146684233640755
14,82.25,65.55,0.7969604863221884
6,109.8,94.65,0.8620218579234973
8,145.7,124.75,0.8562113932738504
8,256.5,217.15,0.846588693957115
0,200.9,174.3,0.867595818815331
6,58.15,48.25,0.8297506448839209
12,165.45,132.5,0.8008461770927773
2,84.0,75.75,0.9017857142857143
4,100.35,80.05,0.7977080219232685
6,43.5,34.4,0.7908045977011494
8,101.2,85.55,0.8453557312252964
12,100.85,79.65,0.789786812097174
4,156.9,135.3,0.8623326959847036
12,88.7,68.85,0.7762119503945885
8,151.15,119.65,0.7915977505788951
6,63.5,56.85,0.8952755905511811
2,86.3,78.65,0.9113557358053302
14,109.0,81.35,0.7463302752293578
8,42.45,35.0,0.8244994110718492
0,120.95,112.4,0.9293096320793717
6,65.6,55.0,0.8384146341463414
4,125.6,108.5,0.8638535031847133
4,197.25,175.3,0.8887198986058301
0,137.2,122.0,0.8892128279883382
12,163.25,128.45,0.7868300153139357
6,142.15,104.45,0.7347871966232853
6,232.6,183.5,0.788907996560619
8,48.25,39.55,0.8196891191709844
12,111.25,94.4,0.8485393258426966
16,117.45,100.95,0.859514687100894
6,131.45,102.2,0.7774819322936478
8,123.75,96.5,0.7797979797979798
14,107.9,91.9,0.8517145505097312
10,43.0,34.7,0.8069767441860465
6,156.8,123.8,0.7895408163265306
4,79.15,74.05,0.9355653821857233
8,165.35,121.9,0.7372240701542183
12,225.8,173.35,0.7677147918511957
16,133.25,102.55,0.7696060037523452
8,216.65,170.8,0.7883683360258481
0,101.45,92.65,0.9132577624445539
6,90.2,78.2,0.8669623059866962
4,137.1,113.5,0.8278628738147338
6,59.2,48.45,0.8184121621621622
10,153.6,131.4,0.85546875
4,57.1,47.65,0.8345008756567426
10,140.45,108.95,0.7757208971164116
0,163.35,146.65,0.8977655341291705
6,105.35,93.15,0.8841955386805885
14,40.15,31.05,0.7733499377334994
4,242.65,211.2,0.8703894498248506
4,52.8,41.6,0.7878787878787878
6,193.15,167.8,0.8687548537406161
6,78.7,63.2,0.8030495552731893
4,102.25,88.1,0.8616136919315404
6,147.8,130.4,0.8822733423545331
8,33.55,25.65,0.7645305514157973
4,187.3,163.3,0.8718633208756006
4,172.7,144.4,0.8361320208453966
12,77.7,68.2,0.8777348777348777
4,55.45,45.5,0.8205590622182146
12,28.2,22.7,0.8049645390070922
6,62.95,52.15,0.8284352660841938
4,150.0,134.05,0.8936666666666667
6,120.75,98.05,0.8120082815734989
8,55.9,49.05,0.8774597495527728
2,91.05,81.9,0.899505766062603
6,142.2,109.5,0.770042194092827
6,56.4,51.9,0.9202127659574468
4,99.25,89.55,0.9022670025188917
12,146.05,112.45,0.7699418007531668
16,197.65,144.85,0.7328611181381229
6,127.35,107.7,0.8457008244994111
6,71.5,64.75,0.9055944055944056
12,102.85,80.6,0.7836655323286339
8,89.15,76.2,0.854739203589456
8,101.05,76.0,0.752102919346858
14,80.15,63.15,0.7878976918278229
4,152.65,127.05,0.8322961021945627
4,31.35,28.35,0.9043062200956937
10,45.4,34.3,0.7555066079295154
2,44.15,39.0,0.883352208380521
10,54.8,46.15,0.8421532846715328
4,76.6,69.55,0.9079634464751958
10,47.1,37.85,0.8036093418259024
4,54.55,50.85,0.9321723189734189
2,138.25,111.8,0.8086799276672695
6,119.05,97.05,0.8152036959260814
4,98.4,75.8,0.7703252032520326
8,205.9,182.5,0.8863525983487129
10,62.35,47.15,0.756214915797915
4,76.95,64.9,0.843404808317089
2,69.75,63.25,0.9068100358422939
8,88.3,68.15,0.7718006795016987
6,112.25,99.95,0.890423162583519
12,72.3,62.05,0.8582295988934993
4,69.25,57.75,0.8339350180505415
4,206.1,181.25,0.8794274623968947
4,136.6,120.7,0.883601756954612
6,91.3,79.55,0.871303395399781
6,109.95,92.5,0.8412914961346066
4,139.5,124.95,0.8956989247311828
8,88.7,79.6,0.8974069898534386
24,96.35,71.8,0.7451997924234561
12,82.95,71.05,0.8565400843881856
14,155.15,123.3,0.794714792136642
18,104.85,79.1,0.7544110634239389
4,180.8,165.45,0.9150995575221239
6,133.35,109.25,0.8192725909261342
4,111.5,92.05,0.8255605381165919
8,48.35,38.85,0.8035160289555325
12,142.5,112.8,0.791578947368421
8,77.45,61.35,0.7921239509360878
8,166.8,149.8,0.8980815347721822
2,128.75,116.3,0.9033009708737864
2,126.0,108.8,0.8634920634920635
12,103.05,83.9,0.8141678796700631
8,138.4,112.2,0.8106936416184971
6,155.5,119.95,0.7713826366559485
6,72.2,57.75,0.7998614958448753
6,102.6,92.5,0.9015594541910331
10,155.95,139.25,0.892914395639628
6,112.35,98.05,0.872719181130396
2,82.6,70.95,0.8589588377723971
16,88.1,64.1,0.7275822928490352
2,148.2,115.9,0.782051282051282
0,162.25,151.35,0.9328197226502312
6,109.6,93.75,0.8553832116788321
6,67.8,48.45,0.7146017699115044
6,46.7,38.55,0.8254817987152034
20,134.8,103.45,0.767433234421365
6,106.25,88.9,0.8367058823529412
14,103.0,82.25,0.7985436893203883
8,161.55,124.05,0.7678737233054782
4,257.95,223.3,0.8656716417910447
18,52.55,37.25,0.708848715509039
4,88.6,78.35,0.8843115124153499
4,106.1,83.3,0.7851083883129123
16,53.65,38.8,0.723205964585275
14,79.5,59.35,0.7465408805031446
8,133.35,99.6,0.7469066366704162
6,87.3,79.6,0.9117983963344788
8,75.35,65.85,0.873921698739217
10,165.7,132.7,0.8008449004224502
8,134.3,116.05,0.8641102010424423
2,63.55,56.6,0.8906372934697089
14,104.95,87.55,0.8342067651262506
8,98.7,84.75,0.8586626139817629
16,97.3,69.4,0.7132579650565262
14,107.0,87.85,0.8210280373831775
6,82.05,67.25,0.8196221815965874
8,39.45,30.65,0.7769328263624842
10,68.6,52.8,0.7696793002915452
4,113.85,106.0,0.9310496267018006
6,129.5,100.95,0.7795366795366795
10,199.4,164.5,0.824974924774323
8,89.8,73.15,0.8145879732739421
10,77.0,63.5,0.8246753246753247
2,191.55,163.85,0.8553902375358914
16,67.45,51.7,0.7664936990363233
12,116.25,99.0,0.8516129032258064
12,183.55,138.55,0.7548351947698175
8,132.45,114.05,0.8610796526991318
12,73.7,58.2,0.7896879240162822
4,86.6,75.1,0.8672055427251733
12,56.9,41.7,0.7328646748681898
4,70.65,58.3,0.8251946213729653
12,50.9,40.1,0.787819253438114
2,80.95,74.3,0.9178505250154416
4,147.15,127.75,0.8681617397213728
12,120.8,92.6,0.7665562913907285
16,155.85,125.95,0.808148861084376
4,112.35,97.1,0.8642634623943035
4,239.3,209.2,0.8742164646886753
8,60.4,45.95,0.7607615894039735
10,180.4,150.6,0.8348115299334812
0,77.1,70.0,0.9079118028534371
8,140.6,119.85,0.8524182076813656
6,164.3,141.9,0.8636640292148509
14,30.2,25.2,0.8344370860927153
4,158.95,139.55,0.8779490405787984
2,43.45,37.95,0.8734177215189873
10,208.55,161.6,0.77487413090386
2,134.5,116.7,0.8676579925650557
8,152.1,129.5,0.851413543721236
12,116.1,90.75,0.7816537467700259
8,70.95,59.65,0.8407329105003524
20,43.65,31.25,0.715922107674685
8,129.15,115.55,0.894696089818041
14,53.7,38.85,0.723463687150838
8,88.75,70.25,0.7915492957746478
2,156.4,130.25,0.8328005115089514
10,163.2,125.1,0.7665441176470589
10,178.3,146.5,0.8216489063376332
6,182.85,156.35,0.855072463768116
6,90.45,75.15,0.8308457711442786
14,113.7,89.45,0.7867194371152155
14,75.15,61.1,0.8130405854956753
2,102.2,89.95,0.8801369863013698
4,48.75,42.4,0.8697435897435898
6,80.9,70.65,0.8733003708281829
4,193.8,162.65,0.8392672858617131
2,104.7,91.35,0.8724928366762178
12,100.45,82.95,0.8257839721254355
8,106.85,92.45,0.8652316331305568
10,29.0,24.55,0.846551724137931
14,110.3,90.6,0.8213961922030825
10,94.25,77.0,0.8169761273209549
10,47.35,37.75,0.7972544878563886
6,122.3,103.4,0.8454619787408013
8,140.75,115.25,0.8188277087033747
12,202.95,158.5,0.780980537078098
2,142.8,122.7,0.8592436974789915
2,152.4,125.1,0.8208661417322834
6,95.0,67.9,0.7147368421052631
10,115.0,89.0,0.7739130434782608
4,56.0,44.0,0.7857142857142857
10,123.55,103.9,0.8409550789154189
4,268.5,240.6,0.8960893854748604
8,78.1,53.95,0.6907810499359796
2,45.05,38.2,0.8479467258601554
4,86.35,77.7,0.8998262883613202
2,96.8,79.2,0.8181818181818182
12,55.1,44.95,0.8157894736842105
2,62.0,54.4,0.8774193548387097
10,156.6,133.2,0.8505747126436781
2,219.5,180.05,0.8202733485193622
4,190.1,162.6,0.855339295107838
4,31.8,25.15,0.7908805031446541
6,156.3,123.9,0.7927063339731286
8,119.05,95.25,0.8000839983200336
12,53.9,47.9,0.8886827458256029
14,61.65,49.7,0.8061638280616383
18,112.55,83.2,0.739227010217681
4,120.35,100.9,0.8383880348982136
8,105.2,85.7,0.814638783269962
2,150.05,129.75,0.8647117627457515
6,71.7,57.1,0.796373779637378
6,73.9,56.0,0.7577807848443843
4,139.9,119.2,0.852037169406719
8,116.3,99.8,0.8581255374032674
2,77.35,69.35,0.8965740142210731
8,61.3,46.9,0.765089722675367
12,173.95,141.9,0.8157516527737856
4,94.7,86.0,0.9081309398099261
10,113.1,96.45,0.8527851458885941
14,86.3,66.05,0.7653534183082271
12,133.05,105.1,0.7899285982713266
12,109.75,95.6,0.8710706150341686
6,79.0,62.15,0.7867088607594936
8,107.45,81.8,0.7612843182875756
12,95.4,71.05,0.7447589098532494
8,63.95,50.55,0.7904612978889758
14,69.4,55.1,0.7939481268011528
6,128.7,94.5,0.7342657342657343
8,78.65,70.5,0.8963763509218055
6,87.5,80.7,0.9222857142857143
12,47.55,40.6,0.8538380651945321
12,131.05,110.0,0.8393742846241893
12,137.8,119.05,0.863933236574746
0,133.5,125.05,0.9367041198501873
2,207.15,160.25,0.7735940139995172
8,56.8,46.3,0.8151408450704225
4,66.35,63.55,0.9577995478522984
8,75.05,65.0,0.866089273817455
8,82.5,66.6,0.8072727272727273
8,99.3,85.2,0.8580060422960725
6,187.4,149.65,0.7985592315901814
6,93.5,77.1,0.8245989304812834
12,104.5,84.65,0.8100478468899521
12,129.0,110.45,0.8562015503875969
0,51.9,48.25,0.9296724470134875
4,75.95,63.15,0.8314680710994075
2,111.65,99.35,0.8898343036274071
4,51.45,42.25,0.8211856171039844
12,106.75,89.9,0.8421545667447307
6,127.75,98.5,0.7710371819960861
12,71.15,61.15,0.859451862262825
16,82.4,61.95,0.7518203883495146
10,183.8,160.6,0.8737758433079434
10,95.6,71.55,0.7484309623430963
16,96.7,66.85,0.6913133402275078
8,95.1,73.85,0.7765509989484752
6,97.95,86.3,0.8810617662072486
6,123.5,105.55,0.8546558704453441
6,60.8,52.8,0.868421052631579
2,41.3,36.15,0.8753026634382567
6,86.95,74.1,0.8522139160437032
8,69.8,57.0,0.8166189111747851
12,76.15,59.9,0.7866053841103086
4,56.15,48.65,0.8664292074799644
18,58.75,45.95,0.7821276595744681
8,192.8,165.4,0.8578838174273858
10,109.25,94.3,0.8631578947368421
10,129.85,108.15,0.8328840970350404
8,102.7,86.6,0.8432327166504382
2,63.75,58.4,0.9160784313725491
4,91.55,75.65,0.8263244128891316
18,138.55,101.35,0.7315048718874053
8,130.4,111.3,0.8535276073619632
8,212.85,179.05,0.8412027249236551
4,130.75,110.35,0.8439770554493308
4,159.85,142.95,0.8942758836409134
4,116.4,96.95,0.8329037800687286
6,89.25,73.2,0.8201680672268907
10,78.95,63.1,0.799240025332489
10,38.15,33.95,0.8899082568807339
0,69.85,68.5,0.98067287043665
4,75.15,58.7,0.7811044577511643
6,100.55,84.55,0.8408751864743909
18,97.75,77.7,0.7948849104859335
4,175.2,139.15,0.7942351598173516
0,133.8,123.5,0.9230194319880418
6,129.95,112.05,0.862254713351289
20,142.7,95.9,0.6720392431674842
10,144.75,110.6,0.7640759930915372
10,83.35,66.0,0.7918416316736653
10,176.65,131.0,0.7415793942824794
4,150.1,130.05,0.8664223850766156
2,156.65,136.85,0.8736035748483881
8,184.65,146.65,0.7942052531816951
6,41.7,36.95,0.8860911270983214
4,111.55,99.6,0.8928731510533393
2,169.35,148.15,0.8748154709182168
2,107.7,94.35,0.8760445682451253
10,28.4,21.65,0.7623239436619719
8,142.05,120.5,0.8482928546286519
2,35.7,30.15,0.8445378151260504
8,62.85,49.1,0.781225139220366
10,141.05,107.15,0.7596596951435661
10,119.15,91.15,0.7650020981955519
10,126.1,94.4,0.7486122125297383
2,163.3,145.95,0.8937538273116963
10,81.35,65.05,0.7996312231100184
18,168.15,130.65,0.7769848349687779
4,121.45,113.7,0.9361877315767806
0,171.95,157.85,0.9179994184355917
12,143.7,114.3,0.7954070981210856
20,171.05,122.65,0.7170418006430869
4,129.3,113.6,0.8785769528228925
4,162.65,139.45,0.857362434675684
4,106.95,95.35,0.8915381019167835
4,32.0,27.95,0.8734375
4,113.95,94.1,0.8258007898200965
6,141.3,120.1,0.8499646142958245
10,71.35,51.65,0.7238962859145059
10,61.2,52.85,0.863562091503268
6,115.7,92.25,0.7973206568712187
6,98.1,86.9,0.8858307849133538
20,109.05,74.75,0.6854653828519028
10,122.3,95.4,0.7800490596892886
14,117.85,95.65,0.8116249469664828
4,134.1,111.25,0.8296047725577927
4,137.8,121.4,0.8809869375907112
8,148.6,124.6,0.8384925975773889
14,172.35,133.35,0.7737162750217581
4,50.4,45.8,0.9087301587301587
4,63.15,55.75,0.882818685669042
10,62.1,55.85,0.8993558776167472
2,95.55,82.15,0.8597592883307169
6,251.4,224.25,0.8920047732696897
2,69.4,62.6,0.9020172910662824
12,123.3,104.95,0.85117599351176
18,68.9,54.65,0.793178519593614
10,49.75,44.8,0.9005025125628141
6,167.55,137.2,0.8188600417785735
6,193.15,160.85,0.8327724566399172
10,201.1,165.1,0.8209845847836897
4,44.5,37.2,0.8359550561797753
8,55.9,42.05,0.7522361359570662
6,76.55,64.65,0.8445460483344219
0,233.3,211.9,0.9082726103729104
2,64.4,53.05,0.8237577639751553
6,172.3,147.85,0.8580963435867672
4,114.2,97.9,0.8572679509632224
10,96.5,79.1,0.8196891191709844
6,146.55,121.3,0.8277038553394745
4,93.25,78.75,0.8445040214477212
6,57.75,48.45,0.8389610389610389
4,203.5,163.55,0.8036855036855037
4,95.4,80.95,0.8485324947589099
2,164.75,145.1,0.8807283763277693
6,107.45,86.85,0.808282922289437
6,64.25,57.6,0.8964980544747082
2,93.65,86.1,0.9193806727175654
12,63.65,49.6,0.779261586802828
10,32.3,25.7,0.7956656346749226
8,135.3,109.1,0.8063562453806357
4,129.4,115.4,0.8918083462132921
10,168.45,123.75,0.7346393588601959
4,107.15,94.25,0.8796080261315913
2,100.15,91.5,0.9136295556665003
8,71.3,60.3,0.8457223001402524
2,106.4,95.1,0.893796992481203
4,173.0,152.2,0.8797687861271676
6,150.4,122.7,0.8158244680851063
12,132.25,102.35,0.7739130434782608
8,84.5,73.6,0.8710059171597633
2,101.6,81.0,0.797244094488189
0,116.95,112.45,0.9615220179563916
2,113.3,101.1,0.8923212709620476
8,173.8,136.1,0.783084004602992
4,116.55,94.95,0.8146718146718147
4,65.85,60.2,0.9141989369779803
6,117.15,99.65,0.8506188647033718
4,178.75,148.95,0.8332867132867133
6,86.7,74.5,0.8592848904267589
6,232.0,200.5,0.8642241379310345
8,116.6,97.85,0.8391938250428816
20,174.55,133.9,0.7671154397020911
2,78.45,70.95,0.904397705544933
10,60.7,47.25,0.7784184514003295
12,78.0,61.35,0.7865384615384615
4,103.05,90.85,0.8816108685104318
14,53.75,41.6,0.773953488372093
4,89.0,69.9,0.7853932584269663
14,179.2,128.4,0.7165178571428571
6,111.35,84.95,0.7629097440502919
12,34.2,26.35,0.77046783625731
6,90.1,69.75,0.7741398446170921
4,75.35,66.1,0.8772395487723955
6,95.15,76.55,0.8045191802417236
8,117.15,97.0,0.8279982927870252
2,108.45,98.0,0.9036422314430613
6,81.15,71.1,0.8761552680221811
8,96.1,78.8,0.8199791883454735
4,130.0,113.3,0.8715384615384615
6,109.5,89.1,0.8136986301369863
8,158.75,131.45,0.8280314960629921
2,108.35,98.0,0.904476234425473
8,113.55,97.0,0.8542492294143549
8,51.1,44.55,0.8718199608610567
10,29.5,21.95,0.7440677966101695
12,121.45,98.75,0.8130918073281186
0,56.9,54.05,0.9499121265377856
12,96.25,81.6,0.8477922077922078
12,71.4,53.25,0.7457983193277311
10,80.7,69.5,0.8612143742255266
6,186.5,155.55,0.8340482573726542
0,111.65,96.3,0.8625167935512763
6,62.55,49.7,0.7945643485211831
14,136.5,114.05,0.8355311355311356
14,63.7,42.9,0.673469387755102
4,113.4,100.2,0.8835978835978836
8,20.8,15.25,0.7331730769230769
20,128.4,103.55,0.8064641744548287
2,128.65,112.4,0.8736883015934707
16,40.0,31.8,0.795
14,35.9,27.35,0.7618384401114207
10,121.85,100.8,0.8272466146901929
8,61.9,50.5,0.815831987075929
6,146.55,123.3,0.8413510747185261
4,33.9,29.35,0.8657817109144543
12,120.5,93.0,0.7717842323651453
8,113.15,89.8,0.7936367653557225
6,105.1,82.05,0.7806850618458611
2,69.9,63.0,0.9012875536480687
8,115.6,90.75,0.7850346020761245
16,172.45,128.2,0.7434038851841114
6,88.85,81.7,0.919527293190771
10,122.1,94.65,0.7751842751842751
6,156.95,129.4,0.8244663905702453
6,221.25,172.5,0.7796610169491526
12,112.75,92.7,0.8221729490022173
2,136.95,113.85,0.8313253012048193
0,104.15,94.5,0.9073451752280365
18,176.55,132.05,0.7479467572925517
8,114.45,104.8,0.9156837046745303
4,157.45,135.25,0.8590028580501746
6,92.1,80.7,0.8762214983713354
12,180.8,153.75,0.8503871681415929
4,199.95,165.35,0.8269567391847962
6,144.45,116.05,0.803392177223953
8,79.8,67.8,0.849624060150376
6,164.3,134.45,0.8183201460742544
10,67.9,51.6,0.759941089837997
10,55.2,47.35,0.8577898550724637
10,90.95,66.35,0.7295217152281473
0,91.65,71.25,0.7774140752864157
10,61.55,54.0,0.8773354995938262
4,156.15,131.05,0.8392571245597182
2,133.45,122.0,0.9142000749344323
10,92.45,86.1,0.9313142239048134
14,115.9,93.6,0.8075927523727351
8,192.7,153.4,0.7960560456668396
2,157.0,139.35,0.8875796178343949
16,119.15,92.65,0.7775912715065044
18,133.65,103.85,0.7770295548073326
6,153.2,125.65,0.8201697127937336
8,111.8,90.05,0.8054561717352415
8,101.4,75.15,0.7411242603550295
14,206.45,160.85,0.7791232744005813
6,35.85,31.4,0.8758716875871687
12,108.75,88.5,0.8137931034482758
0,59.55,53.15,0.892527287993283
6,166.35,152.5,0.916741809437932
10,131.5,91.8,0.6980988593155893
0,193.6,173.55,0.8964359504132231
2,60.85,56.05,0.9211175020542317
10,113.8,97.35,0.8554481546572935
8,102.25,81.7,0.7990220048899755
10,36.0,32.15,0.8930555555555556
10,62.95,52.2,0.82922954725973
6,86.05,77.85,0.9047065659500291
10,110.45,94.65,0.8569488456315074
16,158.45,122.85,0.7753234458819817
2,74.95,62.95,0.8398932621747832
10,126.75,104.6,0.8252465483234714
10,105.2,75.4,0.7167300380228137
6,141.3,123.15,0.8715498938428875
6,174.05,141.75,0.8144211433496121
8,152.05,131.15,0.8625452153896744
8,118.45,91.4,0.7716336006753904
8,89.7,72.8,0.8115942028985508
12,68.9,56.75,0.8236574746008708
12,227.05,187.65,0.8264699405417308
6,109.9,98.3,0.8944494995450409
8,76.2,62.45,0.8195538057742782
2,89.0,77.95,0.8758426966292134
14,32.7,22.65,0.6926605504587156
0,96.95,89.65,0.9247034553893759
10,154.45,132.85,0.8601489155066364
12,49.1,37.5,0.7637474541751528
12,119.45,92.5,0.7743825868564252
4,111.35,97.7,0.877413560844185
16,83.65,66.1,0.7901972504482965
8,60.65,51.7,0.8524319868095631
8,220.75,177.9,0.8058890147225368
2,152.35,137.75,0.904168034131933
2,81.4,72.85,0.894963144963145
2,86.2,77.7,0.9013921113689095
6,157.8,121.45,0.7696451204055766
10,72.55,58.25,0.80289455547898
6,61.95,52.55,0.8482647296206618
8,160.5,134.2,0.8361370716510903
8,114.9,91.1,0.7928633594429939
10,149.2,120.95,0.810656836461126
18,30.55,25.25,0.8265139116202946
4,78.35,73.3,0.9355456285896617
14,131.95,101.0,0.7654414550966275
14,126.6,105.1,0.830173775671406
6,60.45,47.65,0.7882547559966915
14,98.1,82.9,0.8450560652395515
6,113.15,91.35,0.8073353954927088
10,95.3,81.95,0.859916054564533
8,130.85,104.9,0.8016813144822316
4,135.7,120.8,0.8901989683124539
12,89.1,67.4,0.7564534231200898
14,73.1,60.95,0.8337893296853626
4,172.4,144.25,0.8367169373549884
14,79.25,60.8,0.7671924290220821
8,123.05,104.1,0.8459975619666802
4,115.3,98.85,0.8573287077189939
4,97.2,82.7,0.8508230452674898
2,132.0,116.2,0.8803030303030303
10,25.9,21.5,0.8301158301158301
6,136.45,118.9,0.8713814584096738
6,98.8,78.4,0.7935222672064778
4,138.85,123.05,0.886208138278718
12,213.95,169.7,0.7931759756952559
6,46.55,39.55,0.849624060150376
2,150.35,126.95,0.8443631526438311
6,59.8,51.5,0.8612040133779264
8,155.85,120.85,0.7754250882258582
8,46.35,37.75,0.81445523193096
6,203.2,166.1,0.8174212598425197
12,267.0,204.7,0.7666666666666667
6,138.85,118.35,0.8523586604249189
6,118.0,103.35,0.8758474576271187
6,93.3,74.8,0.8017148981779206
6,110.15,86.85,0.7884702678166137
4,99.35,86.05,0.8661298439859084
2,151.65,130.5,0.8605341246290801
2,109.25,90.6,0.8292906178489703
10,149.45,117.75,0.7878889260622282
4,44.25,38.7,0.8745762711864407
2,92.35,80.7,0.8738494856524093
12,143.1,117.6,0.8218029350104822
8,145.45,115.6,0.7947748367136473
12,120.85,100.3,0.829954489035995
4,36.8,33.7,0.9157608695652174
4,205.2,183.45,0.8940058479532164
2,82.15,69.6,0.8472306755934267
8,97.2,79.0,0.8127572016460906
12,93.7,77.15,0.8233724653148345
4,51.15,43.0,0.8406647116324536
10,135.25,102.35,0.7567467652495379
14,50.75,39.85,0.7852216748768472
14,87.35,66.0,0.7555809959931311
6,50.95,45.2,0.887144259077527
12,103.15,74.55,0.7227338826951042
8,57.05,49.25,0.8632778264680105
10,51.75,44.55,0.8608695652173913
10,149.6,120.4,0.8048128342245989
6,149.3,131.4,0.8801071667782987
14,127.6,100.3,0.7860501567398119
10,156.1,133.1,0.8526585522101218
0,108.4,98.3,0.9068265682656826
8,61.7,54.65,0.8857374392220422
8,60.7,52.75,0.8690280065897859
10,187.9,148.4,0.7897817988291644
8,140.35,122.6,0.8735304595653722
2,41.55,36.6,0.8808664259927798
12,107.0,87.05,0.8135514018691589
12,59.3,46.55,0.784991568296796
12,52.7,43.1,0.8178368121442126
14,125.5,97.55,0.7772908366533865
6,52.35,43.15,0.8242597898758357
4,186.85,163.75,0.8763714209258764
12,117.0,82.55,0.7055555555555556
8,84.3,64.6,0.7663107947805456
8,195.7,158.75,0.8111905978538579
8,126.95,107.2,0.8444269397400551
18,153.45,101.0,0.6581948517432389
12,155.35,126.45,0.8139684583199227
2,87.7,82.0,0.935005701254276
8,93.75,80.15,0.8549333333333333
4,55.8,45.15,0.8091397849462365
0,93.55,76.55,0.8182789951897381
8,183.55,145.0,0.789975483519477
12,211.7,165.35,0.7810581010864431
10,160.4,125.1,0.779925187032419
6,88.65,79.15,0.8928369994359842
12,62.25,52.25,0.8393574297188755
16,120.2,92.85,0.7724625623960066
16,113.1,84.5,0.7471264367816092
6,101.0,90.4,0.8950495049504951
6,98.3,85.35,0.8682604272634792
8,151.75,125.5,0.8270181219110379
10,132.85,104.75,0.7884832517877305
6,56.9,49.05,0.8620386643233744
4,123.85,103.2,0.8332660476382721
8,162.2,140.65,0.8671393341553637
6,39.7,33.4,0.8413098236775819
10,134.25,102.75,0.7653631284916201
2,64.15,55.55,0.8659392049883087
8,129.35,105.05,0.812137611132586
6,83.8,74.5,0.8890214797136038
6,162.85,123.1,0.7559103469450414
12,37.65,27.05,0.7184594953519257
10,106.3,88.25,0.8301975540921919
0,77.7,71.85,0.9247104247104247
6,121.95,101.65,0.8335383353833539
12,153.7,116.3,0.756668835393624
6,93.1,81.75,0.8780880773361976
4,67.2,57.55,0.8563988095238095
4,155.25,119.9,0.7723027375201288
12,97.55,82.65,0.8472578165043567
4,117.6,97.6,0.8299319727891157
4,103.15,95.05,0.9214735821619001
10,85.95,67.4,0.7841768470040721
10,138.7,112.3,0.809661139149243
2,111.8,94.35,0.84391771019678
14,61.15,52.35,0.8560915780866721
14,80.45,64.55,0.8023617153511498
10,86.8,72.9,0.8398617511520737
10,90.0,75.75,0.8416666666666667
8,99.35,84.45,0.8500251635631605
6,112.6,91.95,0.816607460035524
8,74.2,57.7,0.7776280323450134
14,58.55,44.0,0.7514944491887275
6,151.7,124.3,0.8193803559657218
6,136.9,116.25,0.8491599707815924
6,179.75,153.85,0.8559109874826147
12,124.1,101.35,0.8166800966962128
14,84.15,69.55,0.8265002970885323
12,36.6,25.55,0.6980874316939891
8,100.15,86.3,0.8617074388417374
4,98.5,90.0,0.9137055837563451
4,177.95,133.9,0.7524585557740938
2,88.95,80.95,0.910061832490163
16,37.1,27.85,0.7506738544474394
10,173.95,137.1,0.7881575165277378
16,144.45,104.55,0.7237798546209762
10,57.85,48.65,0.8409680207433017
4,177.05,151.85,0.8576673256142333
12,118.45,94.8,0.8003376952300548
8,69.2,60.95,0.8807803468208093
18,95.2,72.85,0.7652310924369747
2,59.75,44.3,0.7414225941422594
12,233.65,183.8,0.786646693772737
10,162.3,126.25,0.7778804682686383
2,273.8,227.9,0.8323593864134404
6,96.0,89.25,0.9296875
2,74.4,61.25,0.823252688172043
10,127.3,113.2,0.8892380204241949
6,124.9,107.8,0.8630904723779024
12,58.5,41.05,0.7017094017094017
6,143.45,121.65,0.8480306727082607
18,113.25,87.4,0.7717439293598234
2,64.4,59.3,0.9208074534161491
8,96.75,82.8,0.8558139534883721
10,111.9,98.95,0.8842716711349419
2,75.8,60.25,0.7948548812664907
4,51.45,45.55,0.8853255587949466
12,155.65,124.65,0.8008352071956312
0,77.85,66.0,0.8477842003853564
6,87.1,76.15,0.8742824339839265
6,93.3,78.0,0.8360128617363344
20,108.0,86.2,0.7981481481481482
6,24.2,20.6,0.8512396694214877
10,127.8,99.95,0.7820813771517997
8,163.85,131.3,0.8013426914861154
20,111.35,78.05,0.7009429726088909
2,122.65,112.55,0.9176518548715858
12,71.65,61.3,0.8555478018143754
4,68.55,59.8,0.8723559445660102
10,74.5,63.55,0.8530201342281879
10,108.7,91.45,0.8413063477460901
8,99.6,83.7,0.8403614457831325
16,66.85,55.2,0.8257292445774121
4,130.85,114.9,0.8781047000382117
6,51.95,42.35,0.8152069297401348
6,92.25,85.95,0.9317073170731708
8,47.45,36.6,0.7713382507903056
10,91.85,80.5,0.8764289602612956
10,55.7,44.45,0.7980251346499102
10,75.7,54.7,0.7225891677675033
4,56.25,43.1,0.7662222222222222
8,80.45,60.2,0.7482908638906153
6,85.0,63.5,0.7470588235294118
8,134.3,113.95,0.8484735666418466
6,63.7,47.2,0.7409733124018838
12,84.4,63.25,0.7494075829383886
6,194.8,169.5,0.8701232032854209
2,77.15,67.55,0.8755670771224887
8,56.0,45.35,0.8098214285714286
10,219.75,178.05,0.8102389078498293
2,171.3,153.8,0.8978400467016929
14,122.05,95.8,0.7849242113887751
12,68.3,51.95,0.760614934114202
4,219.5,187.1,0.8523917995444191
18,133.5,105.4,0.7895131086142322
18,53.6,39.6,0.7388059701492538
4,68.45,59.3,0.8663257852447042
8,75.85,64.2,0.8464073829927489
6,150.9,122.4,0.8111332007952287
4,86.25,73.9,0.8568115942028985
6,174.6,154.6,0.8854524627720504
4,21.2,19.65,0.9268867924528302
10,148.95,124.95,0.8388721047331319
4,121.8,96.8,0.7947454844006568
20,79.85,58.3,0.7301189730745147
2,84.45,81.15,0.9609236234458259
8,70.3,62.45,0.8883357041251778
2,109.95,91.75,0.8344702137335153
6,97.3,86.75,0.8915724563206577
6,116.2,88.75,0.7637693631669535
6,148.15,130.05,0.8778265271684104
6,122.7,104.75,0.8537082314588427
2,117.05,94.1,0.803929944468176
6,93.85,84.1,0.8961108151305275
8,68.95,53.95,0.7824510514865844
12,63.85,52.05,0.8151918559122945
2,107.05,86.35,0.8066324147594582
6,99.1,77.1,0.7780020181634713
14,159.05,125.55,0.7893744105627162
4,127.7,109.7,0.8590446358653093
14,36.0,26.55,0.7375
12,59.2,43.3,0.731418918918919
10,48.45,39.95,0.8245614035087719
12,66.95,57.1,0.8528752800597461
14,90.0,74.85,0.8316666666666667
14,86.45,72.8,0.8421052631578947
10,91.95,75.35,0.8194671016856987
6,176.75,147.1,0.8322489391796323
4,97.05,83.1,0.8562596599690881
6,112.2,99.65,0.8881461675579323
6,97.9,91.0,0.9295199182839632
2,97.5,79.45,0.8148717948717948
10,98.4,84.0,0.8536585365853658
10,127.6,101.9,0.79858934169279
8,131.35,112.25,0.8545869813475447
12,83.25,61.2,0.7351351351351352
6,69.85,59.25,0.8482462419470294
6,55.25,49.3,0.8923076923076924
0,102.55,89.6,0.8737201365187713
10,143.8,117.5,0.8171070931849791
6,126.15,106.2,0.8418549346016647
10,110.6,84.85,0.7671790235081374
10,84.0,71.15,0.8470238095238095
4,83.1,71.55,0.8610108303249098
4,128.3,117.65,0.916991426344505
0,84.5,72.2,0.8544378698224852
4,116.95,100.3,0.857631466438649
8,50.45,37.5,0.7433102081268583
10,129.75,107.2,0.8262042389210019
8,66.5,51.8,0.7789473684210526
4,72.6,67.1,0.9242424242424242
12,132.7,93.3,0.7030896759608138
16,121.45,99.1,0.815973651708522
2,143.0,129.0,0.9020979020979021
18,124.45,97.85,0.7862595419847328
6,96.6,85.15,0.8814699792960663
6,38.1,32.5,0.8530183727034121
12,127.75,108.85,0.852054794520548
12,126.9,102.15,0.8049645390070922
20,45.7,28.6,0.6258205689277899
16,50.9,39.55,0.7770137524557956
10,58.95,47.55,0.806615776081425
4,132.05,114.15,0.8644452858765619
4,103.3,83.65,0.8097773475314618
4,116.0,93.0,0.8017241379310345
4,32.75,24.2,0.7389312977099237
10,94.3,79.1,0.83881230116649
18,88.85,71.9,0.8092290377039955
8,181.05,137.1,0.7572493786246893
8,80.2,65.25,0.8135910224438903
6,87.8,74.0,0.8428246013667426
2,126.3,114.25,0.9045922406967538
4,173.0,149.1,0.861849710982659
4,175.5,149.6,0.8524216524216525
6,85.25,77.1,0.9043988269794722
6,60.95,46.75,0.7670221493027072
0,191.55,172.65,0.9013312451057165
2,107.65,94.95,0.8820250812819321
6,144.95,107.05,0.7385305277681959
4,105.2,90.05,0.8559885931558935
8,120.85,100.0,0.8274720728175424
12,157.9,112.5,0.7124762507916402
10,74.45,63.9,0.8582941571524513
16,46.0,39.95,0.8684782608695653
2,140.45,127.15,0.9053043787824848
12,75.2,58.4,0.776595744680851
0,48.1,43.95,0.9137214137214137
2,80.0,62.75,0.784375
6,154.35,129.55,0.8393262066731455
0,110.55,103.25,0.9339665309814563
14,97.8,79.55,0.8133946830265849
6,88.15,77.0,0.8735110606920022
10,84.7,73.75,0.8707201889020071
4,129.85,109.55,0.8436657681940701
4,139.75,121.95,0.8726296958855099
4,80.05,68.0,0.84946908182386
6,116.8,94.05,0.805222602739726
20,170.85,120.75,0.7067603160667252
10,155.4,112.55,0.7242599742599742
2,214.05,178.65,0.8346180798878766
12,170.4,136.45,0.8007629107981221
6,57.45,48.45,0.8433420365535248
0,142.8,129.65,0.9079131652661064
6,119.0,98.9,0.83109243697479
4,247.45,213.95,0.8646191149727218
0,86.15,78.8,0.914683691236216
6,211.6,164.65,0.7781190926275993
4,103.15,84.6,0.8201648085312652
0,46.5,40.05,0.8612903225806452
10,107.75,86.3,0.8009280742459397
6,191.3,163.2,0.8531102979613173
6,160.45,131.75,0.8211280772826426
4,63.7,58.45,0.9175824175824175
8,124.25,105.8,0.8515090543259557
4,201.95,165.9,0.8214904679376083
10,96.4,72.7,0.754149377593361
10,101.55,85.9,0.8458887247661251
4,142.4,118.0,0.8286516853932584
6,103.95,89.55,0.8614718614718615
20,70.05,50.25,0.7173447537473233
8,100.15,88.9,0.8876684972541188
18,104.7,75.3,0.7191977077363897
14,150.15,122.85,0.8181818181818182
4,49.75,39.05,0.7849246231155779
14,43.35,33.55,0.7739331026528259
8,116.05,95.15,0.8199052132701422
6,146.35,122.65,0.8380594465322856
10,148.5,109.6,0.7380471380471381
6,78.4,62.7,0.7997448979591837
6,137.9,114.25,0.8284989122552574
14,90.2,75.8,0.8403547671840355
2,122.55,113.9,0.9294165646674827
4,51.0,43.3,0.8490196078431372
12,147.2,115.3,0.7832880434782609
4,81.45,72.35,0.8882750153468385
4,103.15,92.3,0.894813378574891
10,141.35,126.15,0.8924655111425539
8,67.3,54.5,0.8098068350668648
4,130.6,119.55,0.9153905053598775
4,146.0,129.85,0.8893835616438356
6,181.9,150.25,0.8260032985156679
12,45.8,38.85,0.8482532751091703
6,184.4,149.45,0.8104663774403471
6,25.75,22.6,0.8776699029126214
2,64.95,57.6,0.8868360277136259
8,43.15,30.65,0.7103128621089224
10,59.2,44.55,0.7525337837837838
8,112.5,96.3,0.856
16,65.45,51.7,0.7899159663865546
2,137.7,127.45,0.9255628177196805
10,41.85,34.0,0.8124253285543608
4,109.55,89.9,0.820629849383843
6,60.6,54.75,0.9034653465346535
16,117.55,98.8,0.8404934070608252
14,35.45,27.3,0.770098730606488
12,57.45,47.2,0.8215839860748477
10,89.25,74.65,0.8364145658263306
2,86.6,66.65,0.7696304849884527
4,104.5,89.1,0.8526315789473684
4,85.5,74.9,0.8760233918128655
8,150.9,128.5,0.851557322730285
4,61.75,51.6,0.8356275303643724
8,122.4,104.2,0.8513071895424836
10,159.7,141.6,0.886662492172824
6,53.3,41.95,0.7870544090056285
0,165.45,149.0,0.9005741915986702
8,102.5,79.8,0.7785365853658537
12,44.55,37.65,0.8451178451178452
8,133.35,93.5,0.7011623547056618
10,82.2,73.45,0.8935523114355232
8,43.2,34.55,0.7997685185185185
12,189.95,155.0,0.8160042116346407
8,60.45,53.55,0.8858560794044665
6,76.65,70.55,0.9204174820613177
10,133.9,108.35,0.8091859596713966
6,227.1,178.8,0.7873183619550859
8,204.65,165.4,0.8082091375519179
6,62.6,55.25,0.8825878594249201
6,106.85,91.75,0.8586803930744034
6,73.25,63.45,0.8662116040955632
10,119.65,101.1,0.8449644797325533
0,100.35,88.9,0.8858993522670653
12,97.35,76.55,0.7863379558294813
2,199.0,179.2,0.9005025125628141
8,196.05,169.25,0.8633001785258863
14,66.2,50.9,0.7688821752265861
14,116.55,95.85,0.8223938223938224
6,166.75,144.6,0.8671664167916042
8,85.45,74.85,0.8759508484493856
6,62.75,54.35,0.8661354581673307
8,38.4,31.0,0.8072916666666666
10,56.9,45.0,0.7908611599297012
4,102.65,86.4,0.8416950803701899
12,20.35,16.25,0.7985257985257985
10,69.65,53.8,0.7724335965541995
14,131.45,99.45,0.7565614302015976
6,203.25,179.2,0.8816728167281673
6,141.9,118.8,0.8372093023255814
8,148.05,131.75,0.8899020601148261
14,120.45,96.45,0.800747198007472
10,114.5,91.75,0.8013100436681223
10,12.45,10.45,0.8393574297188755
12,87.05,68.85,0.7909247558874211
2,117.65,110.1,0.9358266043348916
14,115.1,95.45,0.8292788879235448
8,41.35,35.7,0.8633615477629988
8,34.8,29.85,0.8577586206896551
6,43.65,37.15,0.8510882016036655
8,73.35,61.85,0.8432174505794138
10,90.3,70.9,0.7851605758582503
10,50.7,41.15,0.8116370808678501
6,53.55,48.0,0.896358543417367
6,122.6,103.4,0.8433931484502447
10,93.2,73.9,0.7929184549356223
6,72.15,55.55,0.7699237699237699
8,93.25,80.95,0.8680965147453084
6,232.4,187.3,0.8059380378657487
10,47.55,38.85,0.8170347003154574
2,138.85,117.2,0.8440763413755852
6,166.0,142.7,0.8596385542168675
12,163.0,129.75,0.7960122699386503
6,134.05,109.45,0.8164863856769862
14,106.45,77.35,0.7266322217003288
2,216.35,198.3,0.9165703720822741
14,59.0,49.05,0.8313559322033899
10,242.9,174.2,0.7171675586661177
10,106.85,90.3,0.8451099672437997
12,153.5,127.55,0.8309446254071661
2,78.9,63.5,0.8048162230671736
8,60.55,52.3,0.8637489677952106
2,72.2,68.2,0.9445983379501385
2,181.95,162.2,0.891453696070349
14,122.8,99.65,0.8114820846905537
8,79.0,66.9,0.8468354430379746
12,139.65,116.85,0.8367346938775511
4,55.95,48.65,0.8695263628239499
8,46.5,40.45,0.8698924731182796
6,101.75,90.0,0.8845208845208845
8,69.75,60.95,0.8738351254480287
8,46.15,34.35,0.7443120260021668
18,58.5,45.2,0.7726495726495727
6,45.3,41.6,0.9183222958057395
0,77.1,63.3,0.8210116731517509
8,200.5,161.35,0.8047381546134663
10,169.75,134.05,0.7896907216494845
16,121.05,97.0,0.8013217678645188
2,228.35,196.2,0.859207357127217
8,95.4,82.8,0.8679245283018868
4,102.35,95.4,0.93209574987787
4,67.2,56.65,0.8430059523809523
6,217.2,187.95,0.8653314917127072
4,95.15,82.3,0.8649500788229112
0,122.7,113.5,0.9250203748981255
4,151.1,138.65,0.9176042356055593
6,118.55,101.0,0.8519611978068325
6,74.1,65.1,0.8785425101214575
10,76.3,59.15,0.7752293577981652
12,68.1,56.65,0.8318649045521292
12,45.95,40.5,0.8813928182807399
2,65.4,57.9,0.8853211009174312
4,68.5,62.65,0.9145985401459854
10,60.45,52.15,0.8626964433416047
2,92.85,81.6,0.8788368336025848
4,141.05,126.2,0.8947181850407657
2,173.25,160.0,0.9235209235209235
4,114.95,93.2,0.8107872988255763
10,133.65,119.3,0.8926300037411149
18,80.4,57.15,0.710820895522388
4,57.9,47.25,0.8160621761658031
4,74.6,60.0,0.8042895442359249
6,60.3,52.55,0.8714759535655058
8,64.65,49.2,0.7610208816705336
8,67.25,59.7,0.8877323420074349
12,138.1,101.25,0.7331643736422881
12,52.25,44.45,0.8507177033492823
2,221.65,189.8,0.8563049853372434
10,104.35,87.4,0.8375658840440824
6,101.05,85.35,0.8446313706086096
16,119.95,94.55,0.7882451021258858
14,111.3,77.9,0.6999101527403414
4,250.3,203.1,0.8114262884538553
6,156.8,141.65,0.9033801020408163
8,68.95,62.1,0.9006526468455403
12,37.15,29.55,0.7954239569313594
6,170.55,147.4,0.8642626795661097
0,237.85,217.85,0.9159133907925163
2,90.55,84.95,0.9381557150745444
2,58.55,45.75,0.7813834329632793
6,130.75,116.65,0.8921606118546845
14,156.45,127.1,0.8124001278363695
14,150.55,111.55,0.7409498505479907
2,159.45,146.2,0.9169018501097522
2,131.95,120.2,0.9109511178476696
2,263.5,213.0,0.8083491461100569
8,85.4,71.4,0.8360655737704918
2,35.15,29.8,0.8477951635846372
4,40.3,36.0,0.8933002481389578
16,67.65,55.35,0.8181818181818182
4,315.25,251.3,0.7971451229183188
0,156.3,149.8,0.9584133077415227
10,123.9,96.75,0.7808716707021792
14,59.7,51.35,0.8601340033500837
6,170.0,153.4,0.9023529411764706
4,74.5,60.15,0.8073825503355705
22,101.8,73.0,0.7170923379174853
6,125.1,95.4,0.762589928057554
8,126.95,109.2,0.8601811736904293
8,180.0,137.65,0.7647222222222222
12,90.7,70.8,0.7805953693495039
4,76.3,66.65,0.8735255570117956
10,84.6,70.4,0.8321513002364066
16,103.7,75.8,0.7309546769527483
12,45.2,31.15,0.6891592920353983
8,153.2,126.7,0.827023498694517
6,182.6,152.95,0.8376232201533407
8,67.7,59.65,0.8810930576070901
4,106.9,94.55,0.8844714686623012
4,91.1,82.15,0.9017563117453348
4,89.75,78.85,0.8785515320334262
4,115.0,104.45,0.9082608695652173
8,105.45,82.9,0.7861545756282599
6,156.2,128.4,0.8220230473751601
4,118.95,106.35,0.8940731399747793
6,69.7,62.05,0.8902439024390244
4,87.75,80.75,0.9202279202279202
2,123.5,102.85,0.8327935222672065
8,76.05,61.55,0.809335963182117
10,121.15,92.9,0.7668179942220388
6,43.45,36.1,0.8308400460299195
2,113.45,99.2,0.874394006170119
4,167.8,140.65,0.8382002383790227
10,82.25,61.4,0.7465045592705167
6,63.6,48.75,0.7665094339622641
10,187.95,156.45,0.8324022346368715
6,142.3,113.4,0.7969079409697821
0,47.0,43.95,0.9351063829787234
2,45.85,43.6,0.95092693565976
8,109.25,85.85,0.785812356979405
4,23.7,20.7,0.8734177215189873
8,76.4,67.2,0.8795811518324608
6,71.5,54.1,0.7566433566433567
8,88.6,68.3,0.7708803611738149
6,119.55,92.95,0.7774989544123797
12,130.6,94.15,0.7209035222052067
14,73.0,59.6,0.8164383561643835
6,76.1,60.0,0.7884362680683311
8,52.2,47.2,0.9042145593869731
4,133.7,116.8,0.8735976065818998
0,137.8,125.0,0.9071117561683599
10,21.8,17.8,0.8165137614678899
4,149.95,128.25,0.8552850950316773
6,56.95,44.8,0.7866549604916594
2,180.0,154.2,0.8566666666666667
4,185.15,164.0,0.8857682959762355
2,167.45,138.55,0.8274111675126904
12,31.75,26.95,0.8488188976377953
8,192.8,152.3,0.7899377593360996
4,162.9,140.45,0.8621853898096992
2,215.0,177.5,0.8255813953488372
12,145.2,114.3,0.7871900826446281
4,93.95,81.3,0.8653539116551358
16,138.45,111.65,0.806428313470567
2,130.45,96.9,0.7428133384438482
6,74.35,64.25,0.8641560188298588
2,75.4,69.35,0.919761273209549
6,67.9,56.95,0.8387334315169367
12,28.05,24.8,0.8841354723707665
2,21.65,18.25,0.8429561200923787
4,72.8,59.3,0.8145604395604396
8,211.0,176.4,0.8360189573459715
10,96.9,82.0,0.846233230134159
2,144.5,116.65,0.8072664359861592
4,175.65,132.05,0.7517791061770567
10,121.6,98.55,0.8104440789473685
6,91.45,79.85,0.8731547293603061
18,86.7,66.75,0.7698961937716263
6,47.05,40.35,0.8575982996811902
2,102.5,87.45,0.853170731707317
14,154.4,124.0,0.8031088082901554
6,56.4,45.5,0.8067375886524822
6,155.75,122.15,0.7842696629213484
12,86.35,58.3,0.6751592356687898
2,138.25,113.95,0.8242314647377939
16,142.0,102.95,0.725
0,121.25,96.75,0.797938144329897
12,92.95,72.85,0.78375470683163
8,99.05,83.7,0.8450277637556789
8,70.95,54.85,0.7730796335447498
2,192.4,158.5,0.8238045738045738
4,40.7,32.25,0.7923832923832924
6,164.5,143.15,0.8702127659574468
8,110.8,73.3,0.6615523465703971
4,127.45,108.7,0.8528834837191055
4,127.7,105.35,0.8249804228660924
4,56.25,46.0,0.8177777777777778
4,122.3,104.6,0.8552739165985282
2,53.65,45.9,0.8555452003727866
2,182.6,156.6,0.8576122672508215
10,30.65,24.4,0.7960848287112561
8,136.95,115.05,0.8400876232201533
10,81.35,67.45,0.8291333743085433
8,41.75,34.0,0.8143712574850299
12,49.2,39.0,0.7926829268292683
8,101.8,83.4,0.8192534381139489
4,191.4,165.3,0.8636363636363636
10,126.25,104.7,0.8293069306930693
8,140.65,118.4,0.8418059011731248
8,167.0,136.55,0.8176646706586826
4,124.65,113.0,0.9065383072603289
8,140.7,121.6,0.8642501776830135
6,157.25,126.8,0.8063593004769475
6,59.6,50.65,0.8498322147651006
12,35.2,29.95,0.8508522727272727
8,110.85,83.95,0.7573297248534056
2,113.45,97.8,0.8620537681798149
16,146.4,107.55,0.7346311475409836
10,148.5,130.1,0.8760942760942761
4,82.35,73.4,0.891317547055252
4,193.65,173.8,0.8974954815388587
4,111.75,91.4,0.8178970917225951
4,31.75,28.45,0.8960629921259843
8,87.7,79.75,0.9093500570125428
18,78.0,57.65,0.7391025641025641
2,92.2,82.15,0.8909978308026031
2,119.95,104.55,0.8716131721550646
10,100.6,88.3,0.8777335984095428
4,160.4,136.4,0.8503740648379052
12,61.95,49.35,0.7966101694915254
4,210.1,181.5,0.8638743455497382
18,84.1,63.55,0.7556480380499405
4,59.7,51.55,0.8634840871021775
20,57.75,42.7,0.7393939393939394
4,81.3,70.25,0.8640836408364083
4,139.85,118.2,0.8451912763675367
6,97.1,81.9,0.84346035015448
4,67.95,62.15,0.9146431199411332
2,143.2,120.65,0.8425279329608939
0,128.0,106.4,0.83125
2,111.45,87.55,0.7855540601166442
8,45.05,39.0,0.8657047724750278
10,152.65,124.8,0.8175565018015067
6,120.9,102.9,0.8511166253101737
8,146.2,124.2,0.8495212038303693
10,36.55,30.25,0.8276333789329685
6,91.15,81.35,0.8924849149753155
4,101.45,88.55,0.8728437654016757
6,75.65,61.85,0.8175809649702578
8,30.85,24.25,0.7860615883306321
4,192.55,172.25,0.8945728382238379
8,111.2,93.3,0.8390287769784173
2,70.7,62.9,0.8896746817538896
6,237.0,199.3,0.8409282700421941
12,103.6,83.0,0.8011583011583011
4,85.45,76.2,0.8917495611468695
4,122.05,96.95,0.7943465792707907
14,110.65,83.65,0.7559873474920922
8,81.0,68.4,0.8444444444444444
6,76.5,66.0,0.8627450980392157
2,55.8,48.2,0.8637992831541219
4,127.95,110.75,0.8655724892536147
2,132.45,115.45,0.8716496791241978
6,112.95,90.15,0.798140770252324
10,181.9,141.75,0.7792743265530512
0,194.2,162.25,0.8354788877445932
8,89.75,72.9,0.8122562674094708
8,94.7,82.35,0.8695881731784583
6,160.2,133.7,0.83458177278402
18,136.1,105.8,0.7773695811903012
4,103.75,84.05,0.8101204819277108
6,66.8,55.15,0.8255988023952096
4,67.6,53.15,0.7862426035502958
6,108.8,99.2,0.9117647058823529
14,64.95,51.9,0.7990762124711316
8,50.65,35.75,0.7058242843040474
10,167.2,142.15,0.8501794258373205
0,149.6,129.95,0.8686497326203209
14,154.9,122.7,0.7921239509360878
4,85.45,76.0,0.8894090111176126
6,197.45,165.2,0.8366675107622182
8,100.25,77.25,0.770573566084788
0,108.45,92.8,0.8556938681420009
4,142.75,130.0,0.9106830122591943
8,57.55,54.4,0.945264986967854
4,98.45,89.0,0.9040121889283901
16,95.55,73.75,0.771847200418629
14,41.5,30.7,0.7397590361445783
2,119.2,100.3,0.8414429530201343
2,93.05,79.95,0.8592154755507792
6,156.5,124.25,0.7939297124600639
16,74.35,50.4,0.6778749159381304
8,105.15,88.35,0.8402282453637661
6,116.4,106.45,0.9145189003436426
4,61.75,51.8,0.8388663967611336
10,118.85,95.2,0.8010096760622634
4,135.9,113.7,0.8366445916114791
10,48.45,39.9,0.8235294117647058
4,58.55,47.15,0.8052946199829206
6,79.95,72.2,0.9030644152595372
6,94.95,78.0,0.8214849921011058
2,124.3,101.1,0.8133547868061143
6,47.95,41.05,0.8561001042752867
16,111.25,79.05,0.710561797752809
8,66.4,50.6,0.7620481927710844
22,123.9,93.4,0.7538337368845843
10,43.0,34.0,0.7906976744186046
12,74.05,60.45,0.8163403106009454
8,138.65,119.55,0.862243058059863
8,159.05,132.45,0.8327569946557686
10,17.45,13.7,0.7851002865329513
4,42.2,34.2,0.8104265402843602
10,180.2,140.05,0.7771920088790233
6,106.65,99.15,0.929676511954993
6,150.75,129.6,0.8597014925373134
10,156.7,128.35,0.8190810465858328
8,69.5,59.7,0.8589928057553957
8,171.0,140.75,0.8230994152046783
6,140.8,113.0,0.8025568181818182
14,132.1,98.8,0.7479182437547313
2,100.25,83.65,0.8344139650872818
6,145.5,120.95,0.8312714776632303
8,134.25,102.0,0.7597765363128491
12,102.35,82.85,0.8094772838299951
6,50.75,41.8,0.8236453201970443
12,43.5,36.1,0.8298850574712644
6,104.85,91.45,0.8721983786361469
4,100.8,83.65,0.8298611111111112
12,88.5,69.9,0.7898305084745763
18,110.15,86.8,0.7880163413527008
12,68.25,53.75,0.7875457875457875
4,126.5,111.8,0.8837944664031621
0,173.3,156.6,0.9036353144835545
6,103.25,89.55,0.8673123486682809
8,193.95,160.65,0.8283062645011601
10,78.1,66.35,0.8495518565941101
10,87.0,68.05,0.782183908045977
16,171.35,135.85,0.7928217099503939
10,88.85,74.5,0.8384918401800788
4,255.8,217.9,0.8518373729476153
12,140.6,99.85,0.7101706970128022
6,144.15,117.05,0.8120013874436351
8,79.5,63.65,0.8006289308176101
6,195.55,162.0,0.828432625926873
8,185.05,152.25,0.822750607943799
8,143.05,116.05,0.8112548060118839
14,129.35,104.1,0.8047931967529958
8,116.65,103.25,0.8851264466352337
4,242.75,214.85,0.8850669412976313
6,72.3,61.75,0.8540802213001383
2,114.35,101.05,0.8836904241364233
4,116.3,100.05,0.8602751504729149
14,135.2,104.6,0.7736686390532544
8,112.0,92.4,0.825
14,97.45,80.3,0.8240123140071832
10,112.7,92.35,0.8194321206743567
4,170.35,128.9,0.7566774288230115
6,112.5,101.65,0.9035555555555556
4,190.6,161.15,0.8454879328436516
4,214.45,190.4,0.8878526463044999
8,188.2,157.2,0.8352816153028693
16,102.95,80.05,0.7775619232637202
10,73.7,63.05,0.8554952510176391
4,48.0,41.75,0.8697916666666666
2,94.9,85.05,0.8962065331928346
14,56.05,43.2,0.7707404103479036
0,138.15,124.6,0.9019182048498009
2,111.05,94.7,0.8527690229626295
8,30.2,23.55,0.7798013245033113
10,29.05,26.2,0.9018932874354562
4,76.05,67.15,0.8829717291255753
12,124.5,97.8,0.7855421686746988
8,43.7,40.05,0.9164759725400458
14,95.45,68.9,0.7218438973284442
6,152.9,128.5,0.8404185742315239
4,223.1,190.35,0.8532048408785298
2,232.0,206.65,0.8907327586206897
18,104.2,77.7,0.7456813819577736
0,175.0,164.95,0.9425714285714286
10,76.85,66.45,0.8646714378659727
8,63.45,47.05,0.7415287628053585
10,77.2,60.7,0.7862694300518135
10,118.4,97.55,0.823902027027027
10,164.45,135.7,0.8251748251748252
4,152.15,134.45,0.8836674334538285
4,136.75,120.55,0.8815356489945155
14,160.5,123.5,0.7694704049844237
16,89.2,68.6,0.7690582959641256
2,142.75,129.35,0.9061295971978984
2,131.5,116.8,0.888212927756654
8,46.55,40.85,0.8775510204081632
4,115.55,104.6,0.9052358286456079
20,121.1,94.05,0.7766308835672997
0,112.25,106.05,0.9447661469933185
6,170.0,142.8,0.84
10,76.55,62.5,0.8164598301763554
4,85.5,77.2,0.9029239766081871
4,107.9,99.85,0.9253938832252085
10,182.2,146.05,0.8015916575192097
6,83.25,70.95,0.8522522522522522
4,67.75,54.2,0.8
6,98.75,79.5,0.8050632911392405
8,97.9,86.55,0.8840653728294178
8,87.5,75.55,0.8634285714285714
8,129.7,112.2,0.8650732459521974
14,134.25,106.35,0.7921787709497207
4,70.95,53.35,0.751937984496124
4,174.85,147.7,0.8447240491850158
12,74.4,57.85,0.7775537634408602
4,90.25,81.0,0.8975069252077562
6,69.4,55.1,0.7939481268011528
6,110.35,92.65,0.8396012686905301
10,75.2,62.2,0.8271276595744681
12,90.9,62.8,0.6908690869086909
12,36.45,27.45,0.7530864197530864
8,145.2,124.65,0.8584710743801653
10,109.2,85.1,0.7793040293040293
8,71.45,62.0,0.867739678096571
22,86.45,58.8,0.680161943319838
8,134.65,117.9,0.8756034162643892
10,76.05,63.25,0.831689677843524
12,97.35,75.65,0.7770929635336415
4,102.75,96.75,0.9416058394160584
10,142.85,110.85,0.775988799439972
0,114.85,109.4,0.9525468001741402
2,113.0,99.3,0.8787610619469026
6,106.35,75.55,0.7103902209685002
14,118.0,95.55,0.8097457627118644
6,95.35,85.7,0.8987939171473519
4,100.1,90.55,0.9045954045954046
10,88.7,79.5,0.8962795941375423
12,98.65,75.7,0.7673593512417638
10,116.6,100.35,0.8606346483704974
8,189.35,169.2,0.8935833113282281
8,33.7,29.45,0.8738872403560831
2,123.3,110.4,0.8953771289537713
6,145.05,116.3,0.8017924853498793
10,116.6,94.75,0.8126072041166381
8,44.25,33.25,0.751412429378531
8,95.0,76.65,0.8068421052631579
14,64.3,47.9,0.744945567651633
14,74.7,58.3,0.7804551539491299
12,100.85,82.55,0.8185423896876549
4,80.05,70.65,0.8825733916302311
4,154.25,128.0,0.8298217179902755
14,178.05,139.6,0.7840494243190115
12,62.7,45.85,0.7312599681020734
6,171.5,147.2,0.8583090379008746
6,61.2,52.2,0.8529411764705882
8,65.75,57.6,0.8760456273764259
6,96.85,82.6,0.8528652555498193
4,179.95,154.45,0.8582939705473742
6,95.75,86.25,0.9007832898172323
4,119.2,102.3,0.8582214765100671
4,158.2,138.75,0.8770543615676359
4,200.45,157.35,0.7849837864804191
6,271.55,232.5,0.856195912354999
8,41.55,34.5,0.8303249097472925
2,32.0,28.35,0.8859375
4,66.15,58.8,0.8888888888888888
12,91.55,72.5,0.7919169852539596
8,93.2,79.85,0.8567596566523605
8,161.6,129.95,0.8041460396039604
4,178.0,160.15,0.8997191011235955
12,82.35,68.45,0.8312082574377656
4,108.55,94.45,0.8701059419622293
0,116.85,103.4,0.8848951647411211
6,98.75,84.9,0.859746835443038
10,145.9,124.0,0.8498971898560658
12,79.4,69.0,0.8690176322418136
2,79.9,69.05,0.8642052565707133
4,159.7,138.8,0.8691296180338134
8,68.35,59.15,0.8653986832479883
4,176.7,159.05,0.9001131861912847
6,140.85,112.95,0.8019169329073482
0,86.75,79.5,0.9164265129682997
8,177.25,141.4,0.7977433004231311
8,135.05,101.55,0.7519437245464643
8,131.25,108.25,0.8247619047619048
16,168.85,132.05,0.7820550784720166
12,87.15,66.2,0.759609868043603
6,137.15,111.35,0.8118847976667882
10,59.65,47.5,0.7963118189438391
12,30.55,22.6,0.7397708674304418
2,276.0,247.6,0.8971014492753623
4,68.2,62.55,0.9171554252199413
4,130.65,107.6,0.823574435514734
20,64.0,48.4,0.75625
2,103.2,93.4,0.9050387596899225
6,48.35,39.3,0.81282316442606
4,173.0,144.35,0.834393063583815
6,185.45,138.7,0.7479104880021569
2,84.55,73.1,0.8645771732702543
16,192.15,142.9,0.7436898256570388
8,73.85,57.4,0.7772511848341233
6,42.05,34.95,0.83115338882283
14,65.2,46.25,0.7093558282208589
6,254.25,201.85,0.7939036381514257
6,91.9,74.05,0.8057671381936888
14,243.0,198.4,0.8164609053497942
0,201.35,186.5,0.9262478271666252
16,120.55,100.55,0.8340937370385733
14,64.45,51.15,0.7936384794414275
16,74.6,59.8,0.8016085790884718
2,265.55,236.5,0.8906044059499153
2,94.4,80.25,0.8501059322033898
4,211.6,171.75,0.8116729678638941
8,87.5,62.2,0.7108571428571429
4,137.6,119.6,0.8691860465116279
8,66.3,57.95,0.8740573152337858
4,116.6,98.3,0.8430531732418525
2,156.4,130.1,0.8318414322250639
4,118.85,103.95,0.8746318889356332
6,40.05,34.6,0.8639200998751561
4,51.35,38.3,0.7458617332035054
8,79.25,66.4,0.8378548895899054
6,80.8,66.45,0.8224009900990099
16,78.25,51.65,0.6600638977635783
12,188.25,154.65,0.8215139442231075
10,145.0,116.55,0.8037931034482758
4,40.3,35.8,0.8883374689826302
4,164.4,142.1,0.8643552311435523
10,223.7,183.25,0.8191774698256593
6,115.45,106.7,0.924209614551754
8,182.1,150.35,0.8256452498627128
2,112.85,100.85,0.8936641559592379
2,193.25,164.6,0.8517464424320828
4,172.45,146.1,0.8472020875616121
0,66.5,57.7,0.8676691729323308
10,67.15,58.55,0.8719285182427401
10,105.75,89.8,0.8491725768321513
12,58.7,45.4,0.7734241908006815
6,112.55,94.45,0.8391825855175478
16,40.9,29.1,0.7114914425427873
12,170.2,123.9,0.7279670975323149
4,100.0,93.6,0.936
10,29.5,22.4,0.7593220338983051
6,35.45,28.2,0.7954866008462623
2,161.15,141.55,0.878374185541421
8,88.95,71.2,0.8004496908375491
4,67.25,54.55,0.8111524163568773
16,134.65,114.1,0.8473821017452655
4,131.85,120.35,0.912779673871824
12,80.15,63.3,0.7897691827822833
4,160.3,138.3,0.8627573300062383
6,104.85,90.45,0.8626609442060086
2,149.45,123.7,0.8277015724322516
4,150.1,136.8,0.9113924050632911
2,260.3,206.75,0.7942758355743373
12,71.95,64.95,0.9027102154273802
16,123.75,98.95,0.7995959595959596
12,159.4,132.45,0.8309284818067754
12,125.6,100.5,0.8001592356687898
8,103.2,89.05,0.8628875968992248
0,77.95,69.85,0.8960872354073124
2,73.45,64.4,0.876786929884275
14,124.35,99.6,0.8009650180940893
2,190.9,156.05,0.8174436877946569
6,189.85,145.8,0.7679747168817488
6,89.4,74.75,0.8361297539149888
10,109.55,87.35,0.7973528069374715
2,60.5,51.4,0.8495867768595041
12,172.05,129.8,0.7544318512060447
8,110.35,93.55,0.847757136384232
10,143.7,118.6,0.825330549756437
8,104.65,80.05,0.7649307214524605
4,221.9,186.55,0.8406940063091483
4,115.6,92.4,0.7993079584775087
2,105.45,87.2,0.826932195353248
4,131.05,112.95,0.861884776802747
10,54.35,47.55,0.874885004599816
6,152.15,124.5,0.8182714426552744
8,90.65,75.2,0.8295642581356867
4,127.95,114.45,0.8944900351699883
4,257.3,220.5,0.8569762922658375
14,27.8,18.3,0.658273381294964
8,34.25,28.05,0.8189781021897811
8,101.45,77.55,0.7644159684573681
6,92.05,78.8,0.8560564910374796
4,164.3,144.15,0.8773584905660378
2,107.5,91.85,0.8544186046511628
4,74.8,63.3,0.8462566844919787
8,50.75,44.4,0.8748768472906404
6,147.45,123.9,0.8402848423194303
6,58.35,45.85,0.7857754927163667
10,146.4,124.15,0.8480191256830601
12,127.2,99.55,0.782625786163522
4,95.55,75.55,0.7906855049712193
6,51.55,46.0,0.8923375363724539
6,52.75,45.75,0.8672985781990521
8,76.05,57.05,0.7501643655489809
12,98.25,86.2,0.87735368956743
4,122.15,103.5,0.8473188702415063
6,94.45,81.0,0.8575966119640022
10,88.3,67.4,0.7633069082672707
10,76.8,64.55,0.8404947916666666
6,210.65,162.35,0.7707097080465226
8,84.55,70.3,0.8314606741573034
8,82.4,72.95,0.8853155339805825
12,74.55,62.15,0.8336686787391012
14,76.8,57.25,0.7454427083333334
8,32.1,26.3,0.8193146417445483
10,163.55,130.6,0.7985325588505044
14,57.25,45.5,0.7947598253275109
8,136.85,116.2,0.8491048593350383
8,98.9,77.3,0.78159757330637
4,150.05,121.05,0.8067310896367877
4,181.5,153.65,0.8465564738292011
4,81.15,70.45,0.8681454097350585
10,76.1,61.55,0.8088042049934296
4,69.0,54.4,0.7884057971014493
2,75.25,64.65,0.8591362126245847
6,200.25,161.8,0.8079900124843945
8,57.9,50.5,0.8721934369602763
4,117.3,96.9,0.8260869565217391
8,94.45,80.6,0.853361566966649
12,44.55,33.5,0.7519640852974186
0,112.1,102.35,0.9130240856378233
8,88.35,75.25,0.8517260894170912
8,175.85,145.45,0.827125390958203
12,125.2,98.6,0.7875399361022364
10,108.3,90.35,0.8342566943674977
10,171.65,140.6,0.8191086513253714
10,115.5,95.75,0.829004329004329
4,80.45,71.05,0.8831572405220633
6,88.65,69.15,0.7800338409475466
4,75.45,68.7,0.9105367793240556
8,89.2,81.55,0.9142376681614349
8,93.95,77.9,0.8291644491750931
12,157.85,128.85,0.8162812796959138
6,77.3,64.0,0.8279430789133247
6,128.25,103.25,0.8050682261208577
10,87.75,61.85,0.7048433048433048
8,86.1,64.9,0.7537746806039489
12,149.4,113.25,0.7580321285140562
8,116.5,99.15,0.8510729613733906
2,71.15,62.0,0.8713984539704849
8,106.0,92.6,0.8735849056603774
4,53.6,47.35,0.8833955223880597
4,143.5,133.1,0.9275261324041811
12,99.75,86.35,0.8656641604010025
14,57.2,40.7,0.7115384615384616
6,112.15,89.2,0.7953633526526973
20,39.15,27.35,0.698595146871009
6,69.7,54.3,0.7790530846484935
12,94.05,75.9,0.8070175438596491
8,30.0,22.25,0.7416666666666667
6,124.7,108.65,0.8712910986367282
8,89.4,72.45,0.8104026845637584
8,49.9,37.6,0.7535070140280561
12,120.05,103.85,0.8650562265722616
8,125.2,103.9,0.8298722044728435
4,196.0,172.75,0.8813775510204082
0,62.1,52.1,0.8389694041867954
12,225.2,175.65,0.7799733570159858
8,129.9,106.95,0.8233256351039261
12,170.15,136.9,0.8045841904202174
12,176.75,160.25,0.9066478076379066
2,60.55,52.35,0.8645747316267548
4,100.75,92.95,0.9225806451612903
4,108.1,96.7,0.8945420906567992
14,180.85,140.95,0.7793751727951341
8,96.25,70.1,0.7283116883116884
10,110.0,92.95,0.845
6,48.0,43.1,0.8979166666666667
6,125.45,102.2,0.8146671980868873
14,106.1,86.35,0.8138548539114043
10,70.8,57.75,0.815677966101695
16,207.4,151.3,0.7295081967213115
16,115.1,89.05,0.7736750651607298
14,160.75,123.85,0.7704510108864697
10,131.4,107.25,0.8162100456621004
12,64.85,46.4,0.7154973014649191
4,125.7,108.85,0.8659506762132061
4,155.35,136.3,0.8773736723527519
10,74.05,54.5,0.7359891964888589
0,173.35,155.3,0.8958753965964811
12,108.9,88.25,0.810376492194674
8,239.2,201.15,0.8409280936454849
10,161.25,129.4,0.8024806201550387
4,59.25,53.8,0.9080168776371308
10,61.85,49.7,0.8035569927243331
4,56.7,49.75,0.8774250440917107
10,42.95,36.2,0.8428405122235157
2,134.95,113.0,0.8373471656168952
6,59.05,50.05,0.8475867908552075
10,63.8,53.5,0.8385579937304075
4,96.1,82.55,0.8590010405827263
10,118.15,98.5,0.8336859923825646
8,62.2,48.1,0.7733118971061094
14,229.4,196.65,0.8572362685265911
10,92.35,72.15,0.781266919328641
2,107.75,95.35,0.8849187935034802
10,146.3,126.2,0.8626110731373889
8,49.0,40.45,0.8255102040816327
6,105.7,93.1,0.8807947019867549
16,60.5,46.15,0.7628099173553718
8,98.9,82.8,0.8372093023255814
8,60.0,48.3,0.805
8,128.75,104.85,0.814368932038835
6,67.6,62.6,0.9260355029585798
6,100.4,81.65,0.8132470119521913
6,63.95,53.0,0.8287724784988272
6,102.0,87.2,0.8549019607843137
8,103.65,87.1,0.8403280270139893
2,159.1,148.7,0.9346323067253299
2,72.4,64.15,0.886049723756906
10,107.65,89.75,0.8337203901532745
10,88.15,78.95,0.89563244469654
2,110.45,91.5,0.8284291534631055
18,40.2,27.85,0.6927860696517413
10,108.75,90.4,0.8312643678160919
6,128.55,115.7,0.9000388953714508
6,51.85,47.45,0.9151398264223722
8,165.15,135.55,0.8207689978807146
2,53.7,50.95,0.9487895716945997
10,58.65,46.35,0.7902813299232737
6,159.95,134.5,0.8408877774304471
2,84.95,71.6,0.8428487345497352
6,63.8,47.5,0.7445141065830722
10,116.45,94.95,0.815371404036067
8,200.45,170.55,0.8508356198553255
0,81.35,69.1,0.8494161032575291
8,44.2,33.5,0.7579185520361991
6,99.75,80.65,0.8085213032581454
6,117.95,98.75,0.8372191606612972
2,136.35,123.7,0.9072240557389072
16,52.4,45.15,0.8616412213740458
6,110.95,96.75,0.87201442091032
8,62.05,53.3,0.8589846897663175
2,124.25,95.85,0.7714285714285715
8,82.15,60.9,0.7413268411442483
6,87.3,70.4,0.8064146620847652
4,193.95,165.35,0.8525393142562516
14,66.3,51.35,0.7745098039215687
12,132.8,111.35,0.8384789156626506
6,119.35,104.25,0.8734813573523251
6,79.0,64.85,0.8208860759493671
8,172.8,139.35,0.8064236111111112
10,125.0,99.25,0.794
14,24.45,19.75,0.8077709611451943
2,151.8,136.05,0.8962450592885376
8,104.3,83.4,0.7996164908916586
12,57.4,41.6,0.7247386759581882
8,133.95,122.05,0.9111608809257186
6,205.2,184.1,0.8971734892787524
6,22.3,19.55,0.8766816143497758
12,109.4,88.55,0.8094149908592322
8,125.2,109.2,0.8722044728434505
4,169.35,140.8,0.8314142308827871
8,101.55,89.15,0.8778926637124569
12,78.55,56.75,0.7224697644812221
8,145.0,119.65,0.8251724137931035
8,132.05,109.25,0.8273381294964028
8,120.7,101.85,0.843827671913836
4,73.95,53.4,0.7221095334685599
18,102.7,84.85,0.8261927945472249
10,103.7,89.9,0.866923818707811
14,138.25,102.75,0.7432188065099458
4,179.0,141.3,0.7893854748603352
6,84.35,71.65,0.8494368701837581
18,45.55,34.55,0.7585071350164654
4,94.3,85.75,0.9093319194061505
10,118.7,100.7,0.8483572030328559
8,95.55,85.25,0.892203035060178
8,122.3,107.05,0.875306623058054
12,183.85,139.4,0.7582268153385913
10,83.85,64.9,0.7740011926058438
2,59.9,48.6,0.8113522537562604
4,119.0,107.5,0.9033613445378151
4,253.8,217.15,0.8555949566587865
20,31.55,21.85,0.6925515055467512
2,131.75,110.45,0.8383301707779887
10,107.2,81.45,0.7597947761194029
14,107.85,84.1,0.7797867408437645
10,119.6,93.4,0.7809364548494984
10,135.25,116.25,0.8595194085027726
8,70.6,59.65,0.8449008498583569
10,44.2,36.1,0.8167420814479638
6,112.55,97.6,0.8671701466015105
8,181.95,151.75,0.8340203352569387
4,148.25,133.0,0.897133220910624
20,23.2,15.05,0.6487068965517241
10,145.25,109.55,0.7542168674698795
8,265.05,222.45,0.8392756083757782
14,229.6,177.55,0.773301393728223
8,121.15,99.75,0.8233594717292613
12,146.55,108.65,0.7413851927669737
8,128.0,109.0,0.8515625
6,114.0,92.1,0.8078947368421052
2,88.1,68.25,0.7746878547105562
10,141.95,114.8,0.8087354702359986
12,72.55,64.5,0.8890420399724328
10,38.4,31.7,0.8255208333333334
10,69.45,57.5,0.827933765298776
4,93.8,80.45,0.8576759061833689
8,119.9,105.75,0.8819849874895747
14,42.3,36.25,0.8569739952718676
14,87.0,72.85,0.8373563218390805
10,123.2,89.8,0.7288961038961039
12,62.2,48.95,0.7869774919614148
18,46.0,34.2,0.7434782608695653
12,96.3,81.0,0.8411214953271028
8,112.35,95.6,0.8509123275478415
2,114.15,102.0,0.8935611038107752
12,68.75,54.35,0.7905454545454546
6,44.85,36.5,0.8138238573021181
8,135.4,111.3,0.8220088626292467
12,99.25,80.15,0.8075566750629722
0,64.65,57.75,0.8932714617169374
8,77.5,58.7,0.7574193548387097
12,122.95,98.35,0.7999186661244408
4,172.3,145.15,0.8424260011607662
0,109.15,95.0,0.8703618873110398
4,83.45,66.95,0.8022768124625524
0,115.9,104.5,0.9016393442622951
10,79.6,60.55,0.760678391959799
4,118.55,98.7,0.8325601012231126
6,110.4,94.25,0.853713768115942
12,171.2,132.25,0.7724883177570093
8,53.1,44.55,0.8389830508474576
6,199.4,180.65,0.9059679037111334
2,54.9,49.55,0.9025500910746812
4,114.35,94.35,0.825098382160035
14,162.1,120.15,0.7412091301665639
6,91.75,78.25,0.8528610354223434
0,109.0,96.95,0.8894495412844037
4,136.1,117.65,0.8644379132990448
20,54.25,40.55,0.7474654377880184
8,41.85,35.4,0.8458781362007168
12,78.15,63.3,0.8099808061420346
0,153.0,137.95,0.9016339869281046
2,123.0,107.05,0.8703252032520326
12,213.2,186.25,0.8735928705440901
4,88.65,75.7,0.8539199097574732
2,95.2,85.75,0.9007352941176471
10,120.2,101.0,0.8402662229617305
0,178.6,159.0,0.8902575587905935
8,83.85,71.4,0.851520572450805
12,87.05,63.6,0.7306145893164848
18,123.15,85.05,0.6906211936662606
6,115.3,103.5,0.8976582827406765
4,62.75,56.55,0.901195219123506
0,101.75,78.8,0.7744471744471745
4,105.75,94.45,0.893144208037825
6,128.05,110.3,0.8613822725497853
4,152.55,123.15,0.8072763028515241
8,182.25,155.2,0.8515775034293552
4,113.95,100.85,0.8850372970601141
4,97.45,87.2,0.8948178553104156
16,86.95,68.4,0.7866589994249569
10,204.0,171.35,0.8399509803921569
12,82.4,67.05,0.8137135922330098
8,125.3,112.0,0.8938547486033519
4,69.5,61.75,0.8884892086330936
6,136.2,127.05,0.9328193832599119
8,73.15,64.3,0.8790157211209843
6,64.75,50.8,0.7845559845559845
8,99.4,82.4,0.8289738430583501
4,90.8,81.1,0.8931718061674009
4,52.35,45.3,0.8653295128939829
2,269.75,221.1,0.8196478220574606
8,44.85,33.25,0.7413600891861761
6,85.75,75.25,0.8775510204081632
8,161.1,133.6,0.8292985723153321
8,241.25,198.85,0.8242487046632124
14,208.85,171.6,0.8216423270289681
12,27.9,22.25,0.7974910394265233
6,41.45,35.0,0.8443908323281062
14,86.0,69.4,0.8069767441860465
8,42.6,33.75,0.7922535211267606
10,131.45,99.75,0.7588436667934576
16,61.1,49.25,0.8060556464811784
8,69.6,56.2,0.8074712643678161
2,130.4,109.7,0.8412576687116564
4,52.25,45.55,0.8717703349282296
6,41.8,36.3,0.868421052631579
4,198.95,158.0,0.7941693892937924
14,74.35,65.9,0.8863483523873571
6,193.0,160.4,0.8310880829015544
12,34.1,27.1,0.7947214076246334
2,88.5,79.45,0.8977401129943503
6,119.3,95.2,0.7979882648784576
10,179.05,132.6,0.7405752583077353
6,64.95,58.5,0.9006928406466512
0,264.15,230.55,0.8727995457126633
2,91.6,83.6,0.9126637554585153
2,237.4,213.85,0.9008003369839933
6,242.45,198.8,0.8199628789441122
4,44.2,36.3,0.8212669683257918
10,93.2,78.55,0.8428111587982833
16,107.1,86.45,0.8071895424836601
4,180.35,158.65,0.8796784031050735
0,61.2,50.7,0.8284313725490197
8,48.35,39.2,0.8107549120992761
6,142.75,118.25,0.8283712784588442
6,102.0,81.85,0.8024509803921569
0,93.9,83.4,0.8881789137380192
4,78.15,69.65,0.891234804862444
2,110.75,100.25,0.9051918735891648
10,121.7,97.5,0.8011503697617092
12,71.25,58.2,0.8168421052631579
12,169.1,138.55,0.8193376700177409
12,155.5,127.15,0.817684887459807
8,70.85,58.45,0.8249823570924488
10,90.3,79.7,0.8826135105204873
4,117.6,102.7,0.8732993197278912
6,195.9,155.85,0.7955589586523737
6,107.95,87.3,0.8087077350625289
6,111.85,90.3,0.8073312472060795
14,89.2,71.2,0.7982062780269058
2,64.45,49.5,0.7680372381691234
12,80.0,62.6,0.7825
12,65.7,59.0,0.898021308980213
2,68.9,51.45,0.7467343976777939
10,173.7,144.55,0.832181922855498
8,121.3,104.9,0.86479802143446
8,47.2,42.35,0.8972457627118644
6,137.2,123.95,0.9034256559766763
4,163.5,142.5,0.8715596330275229
8,147.95,114.05,0.7708685366677932
14,55.6,48.25,0.8678057553956835
6,85.05,72.0,0.8465608465608465
6,84.85,66.25,0.7807896287566294
12,67.65,56.35,0.8329637841832964
4,194.05,163.35,0.841793352228807
4,211.85,171.0,0.8071748878923767
4,101.75,86.75,0.8525798525798526
6,218.8,165.05,0.7543418647166362
12,89.05,78.3,0.8792813026389669
2,129.95,119.2,0.917275875336668
4,108.95,96.9,0.8893988067921065
6,73.0,60.35,0.8267123287671233
8,46.4,36.35,0.7834051724137931
12,18.4,12.8,0.6956521739130435
18,117.75,95.7,0.8127388535031848
14,47.9,44.6,0.9311064718162839
4,127.15,97.75,0.7687770349980338
12,209.9,173.35,0.825869461648404
4,163.1,136.6,0.8375229920294298
6,85.5,79.85,0.9339181286549708
6,124.15,99.8,0.8038662907772856
12,162.4,132.4,0.8152709359605911
4,52.85,42.4,0.8022705771050141
4,98.95,78.2,0.7902981303688732
10,90.2,72.5,0.8037694013303769
14,176.3,163.5,0.9273964832671583
2,102.1,91.0,0.89128305582762
6,88.55,71.55,0.8080180688876341
4,72.15,58.65,0.8128898128898129
10,163.6,141.7,0.8661369193154034
4,98.15,81.0,0.8252674477840041
12,90.4,84.75,0.9375
4,98.25,79.95,0.8137404580152672
4,321.2,282.95,0.8809153175591532
8,51.25,42.5,0.8292682926829268
14,120.95,108.4,0.8962381149235221
2,138.3,119.45,0.8637020968908171
0,171.65,146.3,0.8523157588115351
6,68.85,56.25,0.8169934640522876
12,118.95,91.3,0.7675493905002102
12,152.7,122.25,0.8005893909626719
6,96.85,77.75,0.802787816210635
6,40.15,35.95,0.8953922789539228
2,231.25,187.15,0.8092972972972973
10,41.15,36.35,0.8833535844471446
4,83.7,76.65,0.9157706093189965
2,68.9,57.6,0.8359941944847605
6,114.95,90.1,0.7838190517616355
10,231.6,171.95,0.7424438687392055
16,61.45,49.25,0.8014646053702197
8,61.25,57.3,0.9355102040816327
4,97.75,85.2,0.871611253196931
10,87.3,77.65,0.8894616265750286
4,95.3,91.15,0.9564533053515215
0,147.45,118.05,0.8006103763987793
14,193.95,175.55,0.9051301881928332
6,123.3,100.9,0.8183292781832928
8,116.65,96.55,0.8276896699528504
14,187.35,161.85,0.8638911128903123
0,68.5,64.15,0.9364963503649635
0,54.95,46.0,0.8371246587807097
14,36.9,29.0,0.7859078590785907
4,99.8,77.4,0.7755511022044088
14,121.35,104.1,0.857849196538937
12,96.0,76.25,0.7942708333333334
10,165.7,148.75,0.8977066988533494
2,110.35,101.75,0.9220661531490711
4,77.55,62.45,0.8052869116698904
14,144.2,113.25,0.7853675450762829
8,125.4,100.55,0.8018341307814992
4,148.7,117.5,0.7901815736381977
12,81.4,71.9,0.8832923832923832
4,38.35,27.8,0.7249022164276402
4,107.85,94.15,0.8729717199814557
8,124.15,91.1,0.7337897704389851
6,123.05,105.15,0.8545306785859407
10,47.15,40.75,0.8642629904559915
14,75.65,59.55,0.7871777924653007
12,191.8,160.0,0.8342022940563086
6,66.6,57.85,0.8686186186186187
6,107.35,93.2,0.8681881695388914
12,92.9,69.6,0.7491926803013994
14,31.55,25.65,0.8129952456418383
8,67.65,58.05,0.8580931263858093
4,144.0,122.1,0.8479166666666667
4,67.5,60.15,0.8911111111111111
12,85.55,73.25,0.8562244301578025
6,102.7,92.95,0.9050632911392406
12,178.7,141.95,0.7943480693900392
8,177.2,143.4,0.809255079006772
14,25.25,20.85,0.8257425742574257
14,119.05,95.05,0.7984040319193616
6,140.35,118.55,0.8446740292126825
16,100.9,85.95,0.8518334985133796
2,59.8,51.05,0.8536789297658863
4,65.5,50.85,0.7763358778625954
4,49.55,41.0,0.82744702320888
4,90.05,78.75,0.8745141588006663
12,46.8,36.65,0.7831196581196581
6,98.5,84.9,0.8619289340101522
12,81.4,58.15,0.7143734643734644
8,112.15,96.85,0.8635755684351315
20,49.4,32.5,0.6578947368421053
10,56.9,48.6,0.8541300527240774
6,177.7,155.9,0.8773213280810355
10,34.05,25.25,0.7415565345080763
8,101.7,82.5,0.8112094395280236
6,126.65,114.15,0.9013028030003948
4,224.5,184.9,0.8236080178173719
8,93.8,74.65,0.7958422174840085
18,39.85,29.9,0.7503136762860728
8,101.1,88.5,0.8753709198813057
6,159.95,139.0,0.8690215692403876
6,102.45,86.2,0.8413860419716935
2,64.95,53.25,0.8198614318706697
14,30.25,21.1,0.6975206611570248
14,90.3,70.2,0.7774086378737541
4,71.6,62.15,0.8680167597765364
10,128.8,108.1,0.8392857142857143
14,49.3,37.2,0.7545638945233266
14,107.9,78.3,0.7256719184430028
4,120.95,103.95,0.8594460520876395
14,134.6,105.75,0.7856612184249628
4,126.45,119.1,0.9418742586002372
14,98.95,80.25,0.8110156644770086
4,184.95,160.75,0.869153825358205
10,90.0,73.4,0.8155555555555556
6,96.7,86.7,0.8965873836608066
8,177.85,141.65,0.7964576890638179
0,180.75,155.3,0.8591977869986168
6,140.95,115.3,0.8180205746718695
8,78.25,66.7,0.8523961661341853
4,156.95,138.25,0.8808537750876075
2,162.05,140.75,0.8685590867016353
6,207.5,178.35,0.8595180722891567
4,94.35,86.1,0.9125596184419714
6,196.45,156.25,0.7953677780605752
4,139.05,126.55,0.9101042790363179
10,150.5,128.5,0.8538205980066446
8,182.6,149.9,0.8209200438116101
6,140.4,122.9,0.8753561253561254
12,96.2,74.75,0.777027027027027
10,130.2,110.5,0.8486943164362519
12,58.3,42.45,0.7281303602058319
8,65.8,55.8,0.8480243161094225
14,97.3,76.1,0.7821171634121274
8,138.75,118.3,0.8526126126126126
2,18.45,17.1,0.926829268292683
8,98.65,78.35,0.7942219969589458
0,83.8,78.95,0.9421241050119332
6,118.8,103.4,0.8703703703703703
10,138.2,110.35,0.798480463096961
10,154.9,125.65,0.8111684958037444
4,121.45,105.1,0.8653766982297242
8,182.25,146.0,0.8010973936899863
2,162.7,147.9,0.9090350338045482
4,108.7,96.85,0.890984360625575
6,74.9,65.3,0.8718291054739653
12,120.6,99.55,0.8254560530679934
14,53.7,41.55,0.7737430167597765
10,77.8,63.3,0.8136246786632391
14,43.95,34.2,0.7781569965870307
6,103.2,90.1,0.873062015503876
12,188.15,154.15,0.8192931171937284
6,34.1,31.25,0.9164222873900293
4,182.05,158.9,0.8728371326558638
8,104.35,91.85,0.8802108289410637
16,37.2,24.3,0.6532258064516129
2,135.05,119.15,0.8822658274713069
22,148.35,101.2,0.6821705426356589
10,66.65,54.2,0.8132033008252063
14,86.8,61.85,0.7125576036866359
8,95.7,75.4,0.7878787878787878
6,63.7,52.55,0.8249607535321821
10,143.45,112.45,0.783896828163123
12,158.65,115.95,0.7308540813110621
2,135.2,126.7,0.9371301775147929
12,140.8,122.05,0.8668323863636364
10,63.55,48.0,0.7553107789142408
18,67.45,51.8,0.7679762787249814
6,33.6,28.45,0.8467261904761905
8,66.75,56.8,0.850936329588015
4,72.95,63.25,0.8670322138450994
12,181.45,152.9,0.8426563791678148
6,120.75,102.55,0.8492753623188406
2,155.2,133.8,0.8621134020618557
14,107.05,79.5,0.7426436244745446
4,201.6,166.6,0.8263888888888888
2,161.8,137.55,0.850123609394314
12,168.45,137.85,0.8183437221727515
8,169.55,140.9,0.831023296962548
8,89.85,74.75,0.8319421257651641
4,124.55,107.85,0.8659173022882376
10,83.1,66.9,0.8050541516245487
8,47.8,44.15,0.9236401673640168
10,235.0,194.85,0.8291489361702128
10,75.75,64.65,0.8534653465346534
8,77.7,62.75,0.8075933075933076
14,106.55,88.1,0.8268418582824965
6,77.9,65.9,0.8459563543003851
18,35.5,30.6,0.8619718309859155
10,199.45,166.5,0.8347956881423916
6,57.85,48.8,0.8435609334485739
8,123.5,109.2,0.8842105263157894
12,84.55,61.55,0.7279716144293318
8,132.7,110.85,0.8353428786737
20,54.5,43.35,0.7954128440366972
6,142.4,119.3,0.8377808988764045
8,160.15,139.8,0.8729316266000624
16,104.75,84.3,0.8047732696897375
6,184.2,157.25,0.8536916395222585
8,22.6,19.55,0.8650442477876106
6,56.45,49.7,0.8804251550044287
2,120.1,101.4,0.8442964196502915
12,90.35,67.85,0.7509684560044272
10,107.65,85.7,0.796098467254993
14,43.45,32.8,0.7548906789413119
6,67.1,56.9,0.8479880774962743
16,155.3,125.05,0.8052157115260785
10,95.8,80.0,0.8350730688935282
16,83.15,67.1,0.8069753457606735
6,193.05,147.45,0.7637917637917638
10,159.15,116.9,0.7345271756204839
12,146.25,105.0,0.717948717948718
2,39.15,34.6,0.8837803320561941
8,47.7,41.1,0.8616352201257862
10,163.5,133.35,0.8155963302752294
10,59.55,53.65,0.9009235936188077
2,123.9,112.85,0.9108151735270379
12,90.15,76.9,0.8530227398779812
8,126.95,98.2,0.7735328869633714
8,218.75,187.55,0.8573714285714286
8,78.85,60.3,0.7647431832593532
2,104.95,93.25,0.8885183420676512
6,108.25,90.05,0.8318706697459585
14,84.55,62.55,0.7397989355411
8,86.4,74.9,0.8668981481481481
0,95.3,82.4,0.8646379853095488
8,143.2,125.2,0.8743016759776536
6,174.8,144.6,0.8272311212814645
10,113.3,97.9,0.8640776699029126
8,137.4,124.95,0.9093886462882096
12,80.85,64.4,0.7965367965367965
4,62.05,53.3,0.8589846897663175
4,81.05,64.55,0.796421961752005
14,36.0,28.1,0.7805555555555556
6,55.8,47.15,0.8449820788530465
16,128.75,102.15,0.7933980582524272
4,139.0,117.3,0.8438848920863309
6,102.2,84.55,0.8272994129158513
4,74.2,63.25,0.8524258760107817
16,200.15,161.35,0.8061453909567824
6,163.05,129.7,0.7954615148727384
8,63.55,53.1,0.8355625491738788
20,123.0,87.65,0.7126016260162602
12,26.75,21.7,0.811214953271028
6,83.95,70.1,0.8350208457415128
14,98.9,76.95,0.7780586450960566
12,77.0,51.8,0.6727272727272727
14,114.6,92.3,0.8054101221640488
12,213.85,177.65,0.8307224690203414
10,81.95,66.0,0.8053691275167785
2,179.65,163.0,0.9073197884775953
10,63.35,44.95,0.7095501183898973
10,44.55,37.2,0.835016835016835
6,155.0,119.9,0.7735483870967742
4,60.7,53.55,0.8822075782537068
12,103.3,84.45,0.8175217812197483
8,125.85,112.35,0.8927294398092968
6,122.55,99.7,0.8135454916360669
8,31.65,24.8,0.7835703001579779
8,126.35,107.7,0.852394143252869
10,69.5,56.65,0.8151079136690648
4,204.55,162.2,0.792960156440968
2,51.45,48.65,0.9455782312925171
0,87.4,80.15,0.9170480549199085
4,116.75,103.8,0.8890792291220557
16,69.95,48.9,0.6990707648320229
4,233.15,203.2,0.8715419257988419
12,62.75,54.4,0.8669322709163346
4,126.45,104.95,0.8299723210755239
8,45.0,39.15,0.87
16,105.75,77.9,0.7366430260047281
14,101.45,84.3,0.8309512074913751
10,85.75,71.05,0.8285714285714286
10,113.6,87.5,0.7702464788732394
4,177.65,145.85,0.8209963411201802
16,196.25,144.55,0.7365605095541401
2,80.0,73.75,0.921875
6,119.9,94.85,0.7910758965804837
6,77.9,63.85,0.8196405648267009
14,66.5,53.4,0.8030075187969925
12,125.6,100.25,0.7981687898089171
12,99.5,85.25,0.8567839195979899
0,127.55,110.15,0.8635829086632693
8,33.15,29.4,0.8868778280542986
4,121.45,106.7,0.8785508439687114
2,73.9,68.6,0.9282814614343707
4,102.65,90.8,0.8845591816853385
16,152.95,114.1,0.7459954233409611
10,154.8,142.5,0.9205426356589147
4,111.2,93.35,0.8394784172661871
0,164.3,155.05,0.943700547778454
6,98.55,82.95,0.8417047184170472
6,63.35,55.0,0.8681925808997633
12,71.75,52.95,0.7379790940766551
14,97.2,78.25,0.8050411522633745
8,68.85,52.45,0.7618010167029775
4,58.75,49.35,0.84
8,52.85,42.7,0.8079470198675497
0,76.15,64.05,0.8411030860144452
4,182.8,161.05,0.8810175054704595
2,117.95,97.85,0.8295888088172955
2,106.95,94.8,0.8863955119214586
6,212.05,168.55,0.7948597029002594
14,101.25,80.55,0.7955555555555556
4,71.9,62.2,0.8650904033379694
4,45.65,38.8,0.8499452354874042
0,83.05,69.2,0.8332329921733895
2,99.6,87.45,0.8780120481927711
8,25.75,22.4,0.8699029126213592
6,134.1,116.4,0.8680089485458613
2,149.6,124.0,0.8288770053475936
2,159.05,149.35,0.9390128890286074
6,68.65,57.55,0.8383102694828842
6,62.75,56.55,0.901195219123506
4,115.85,96.6,0.8338368580060423
6,158.8,134.65,0.8479219143576826
8,162.2,140.45,0.8659062885326757
8,89.95,76.3,0.8482490272373541
2,100.35,81.05,0.807673143996014
16,75.55,60.25,0.7974851091992058
6,144.95,125.3,0.8644360124180752
2,174.05,156.4,0.8985923585176674
2,174.45,158.1,0.9062768701633706
8,148.15,128.3,0.8660141748228147
14,63.0,47.4,0.7523809523809524
12,54.3,43.5,0.8011049723756906
2,113.25,95.45,0.8428256070640177
10,44.15,38.8,0.8788221970554927
16,142.75,115.85,0.8115586690017513
4,69.4,55.2,0.7953890489913544
8,152.2,115.8,0.7608409986859396
6,31.4,27.35,0.8710191082802548
6,100.95,81.6,0.8083209509658247
2,106.0,91.05,0.8589622641509433
6,189.15,155.65,0.8228918847475548
2,72.05,64.6,0.8965995836224844
12,102.3,92.0,0.8993157380254154
2,28.4,23.15,0.8151408450704225
10,57.45,46.15,0.803307223672759
4,85.85,73.7,0.8584740827023879
14,96.0,68.95,0.7182291666666667
8,204.4,174.05,0.8515166340508806
8,75.3,66.75,0.8864541832669323
8,30.95,25.4,0.8206785137318255
4,60.05,53.8,0.8959200666111574
14,79.7,56.8,0.71267252195734
18,102.75,74.35,0.7236009732360097
2,95.4,67.5,0.7075471698113207
12,47.3,37.3,0.7885835095137421
4,43.4,37.95,0.8744239631336406
6,152.6,133.45,0.8745085190039319
6,85.35,77.25,0.9050966608084359
12,128.7,92.4,0.717948717948718
8,117.25,96.9,0.8264392324093817
0,103.9,94.45,0.9090471607314725
18,86.35,70.9,0.8210770121598147
4,111.35,102.1,0.9169286035024697
0,69.6,64.05,0.9202586206896551
10,106.95,91.9,0.8592800374006545
8,103.2,92.65,0.8977713178294574
6,115.05,97.55,0.8478922207735767
0,128.8,108.5,0.842391304347826
8,54.75,51.75,0.9452054794520548
18,209.95,159.35,0.7589902357704216
2,96.3,89.75,0.9319833852544133
14,83.95,59.15,0.7045860631328171
16,155.5,114.6,0.7369774919614148
10,94.25,76.9,0.8159151193633952
6,122.9,102.15,0.8311635475996745
6,86.65,75.2,0.8678592036930178
6,100.95,76.65,0.7592867756315007
6,78.95,65.5,0.8296390120329322
6,110.75,90.65,0.818510158013544
8,63.4,55.35,0.8730283911671924
2,84.95,78.15,0.9199529134785168
18,105.05,82.25,0.7829604950023799
12,73.05,55.4,0.758384668035592
8,38.55,32.85,0.8521400778210116
10,169.5,147.15,0.868141592920354
2,90.95,74.7,0.8213304013194063
4,88.85,71.7,0.806978052898143
6,77.95,66.35,0.8511866581141757
8,108.3,97.45,0.8998153277931671
2,40.7,32.45,0.7972972972972973
8,108.9,97.8,0.8980716253443526
12,144.2,123.8,0.8585298196948682
12,66.25,53.15,0.8022641509433962
0,83.45,76.85,0.920910724985021
2,100.2,95.95,0.9575848303393214
2,126.85,110.65,0.8722901064249113
10,77.95,61.1,0.7838357921744709
14,163.05,125.7,0.7709291628334867
6,97.0,86.3,0.8896907216494845
6,80.0,73.35,0.916875
12,23.3,15.65,0.6716738197424893
8,104.95,84.95,0.8094330633635064
2,264.65,223.05,0.8428112601549216
2,79.0,64.85,0.8208860759493671
12,111.0,78.7,0.709009009009009
4,75.7,61.55,0.8130779392338177
10,69.9,58.55,0.8376251788268956
2,167.15,142.35,0.8516302722105893
4,152.05,124.4,0.8181519237093061
8,189.15,155.75,0.8234205656886069
6,120.5,106.25,0.8817427385892116
8,85.7,73.35,0.8558926487747958
16,74.9,53.85,0.7189586114819759
8,105.5,90.6,0.8587677725118483
10,58.0,45.45,0.7836206896551724
6,167.25,139.45,0.8337817638266068
10,89.25,73.9,0.8280112044817927
14,83.1,64.75,0.7791817087845969
18,79.85,58.6,0.7338760175328741
8,70.9,58.95,0.8314527503526093
10,176.7,142.5,0.8064516129032258
8,116.9,101.35,0.8669803250641575
18,50.2,37.95,0.7559760956175299
14,88.55,68.2,0.7701863354037267
6,165.05,129.9,0.7870342320508936
14,116.65,95.45,0.8182597513930562
8,109.1,93.1,0.8533455545371219
4,44.5,36.85,0.8280898876404494
8,68.45,54.3,0.7932797662527392
6,71.3,57.45,0.8057503506311361
14,102.1,76.5,0.7492654260528894
12,169.15,133.95,0.791900679869938
16,106.15,81.8,0.7706076307112577
8,103.5,86.35,0.8342995169082126
2,96.95,84.6,0.8726147498710676
8,142.6,126.0,0.8835904628330996
10,105.4,84.15,0.7983870967741935
18,90.0,69.35,0.7705555555555555
8,176.1,149.5,0.8489494605337876
4,145.15,116.8,0.8046848088184636
10,167.3,151.25,0.9040645546921697
12,74.0,59.25,0.8006756756756757
4,142.95,124.3,0.869534802378454
10,49.75,39.4,0.7919597989949749
6,129.95,99.9,0.7687572143131974
10,103.4,92.35,0.8931334622823984
8,145.15,121.4,0.8363761625904237
4,113.45,91.2,0.8038783605112384
16,91.2,75.4,0.8267543859649122
4,97.55,88.0,0.902101486417222
4,148.15,116.85,0.7887276409044887
6,82.7,77.15,0.9328899637243047
6,62.0,50.4,0.8129032258064516
6,231.25,192.15,0.8309189189189189
6,101.1,84.7,0.837784371909001
10,173.25,147.4,0.8507936507936508
2,68.1,60.55,0.8891336270190896
6,98.35,75.5,0.7676664972038637
4,68.5,58.35,0.8518248175182481
10,84.5,70.5,0.834319526627219
4,49.95,37.8,0.7567567567567568
0,47.5,42.85,0.9021052631578947
6,101.5,84.85,0.8359605911330049
2,112.55,101.9,0.9053753887161262
16,53.9,41.15,0.7634508348794063
4,58.45,47.0,0.8041060735671514
8,59.65,47.45,0.7954735959765298
8,133.1,98.55,0.7404207362885049
10,98.7,81.7,0.8277608915906788
2,92.1,81.45,0.8843648208469055
10,89.3,62.45,0.6993281075027995
6,82.45,66.9,0.8114008489993936
6,136.1,113.05,0.8306392358559882
8,76.8,54.45,0.708984375
10,34.25,25.85,0.7547445255474453
4,95.5,84.2,0.881675392670157
4,46.95,44.15,0.9403620873269436
8,61.2,48.65,0.7949346405228758
4,80.0,71.4,0.8925
4,85.65,71.15,0.8307063631056626
14,161.15,124.7,0.7738132174992243
10,99.1,79.65,0.8037336024217961
4,34.3,29.25,0.8527696793002916
6,124.7,103.85,0.8327987169206095
14,139.25,103.5,0.7432675044883303
10,96.45,80.55,0.8351477449455676
2,176.65,136.15,0.7707330880271723
6,35.1,32.35,0.9216524216524217
12,98.75,84.2,0.8526582278481013
0,94.75,73.05,0.770976253298153
8,182.95,157.2,0.8592511615195408
10,79.95,67.3,0.841776110068793
6,74.2,67.75,0.9130727762803235
6,69.45,58.45,0.8416126709863211
2,100.75,89.15,0.884863523573201
6,101.7,86.85,0.8539823008849557
4,57.55,51.8,0.9000868809730669
2,52.9,42.05,0.7948960302457467
4,124.4,99.35,0.7986334405144695
10,178.85,141.05,0.7886497064579256
6,133.0,105.55,0.793609022556391
8,142.75,129.95,0.9103327495621716
6,110.65,92.8,0.8386805241753276
8,102.1,90.5,0.8863858961802155
2,181.3,151.45,0.8353557639271925
10,111.3,84.95,0.7632524707996406
8,39.5,30.15,0.7632911392405063
4,100.3,94.15,0.9386839481555334
0,116.0,105.7,0.9112068965517242
8,218.65,168.0,0.7683512462840155
12,83.95,66.35,0.7903513996426444
12,229.85,180.1,0.7835544920600391
4,86.05,75.15,0.873329459616502
4,97.0,87.2,0.8989690721649485
16,50.55,43.05,0.8516320474777448
12,109.65,93.0,0.8481532147742818
2,103.55,94.55,0.9130854659584742
2,100.9,89.15,0.8835480673934589
8,176.95,145.1,0.8200056513139304
10,19.65,14.15,0.7201017811704835
4,301.05,263.7,0.8759342301943199
4,124.35,106.65,0.8576598311218335
6,118.15,107.1,0.9064748201438849
12,119.95,85.05,0.7090454355981659
6,46.3,39.25,0.847732181425486
16,45.65,37.15,0.8138006571741512
4,105.55,88.65,0.8398863098057793
8,60.0,49.1,0.8183333333333334
0,160.45,134.15,0.8360860081022126
14,110.15,94.7,0.8597367226509306
12,53.5,42.9,0.8018691588785046
6,58.0,47.4,0.8172413793103448
2,102.05,78.45,0.7687408133268006
10,140.3,119.9,0.8545972915181753
12,87.45,68.6,0.7844482561463694
6,90.3,81.4,0.9014396456256921
2,264.75,219.85,0.8304060434372049
8,110.2,96.15,0.8725045372050817
2,107.4,93.2,0.8677839851024208
8,26.55,22.85,0.8606403013182674
2,145.25,118.5,0.8158347676419966
10,166.45,140.1,0.8416942024632021
2,79.05,69.05,0.8734977862112587
8,149.95,130.75,0.8719573191063688
10,51.3,38.45,0.7495126705653021
12,20.85,16.05,0.7697841726618705
2,92.5,84.8,0.9167567567567567
14,59.45,47.45,0.7981497056349874
2,151.4,130.45,0.8616248348745046
2,86.55,80.0,0.9243212016175621
12,39.9,30.25,0.7581453634085213
6,97.85,85.5,0.8737864077669902
14,166.7,129.45,0.7765446910617877
14,57.65,45.85,0.795316565481353
2,107.2,93.05,0.8680037313432836
6,94.65,78.4,0.8283148441627047
14,78.5,65.65,0.8363057324840765
6,81.65,70.2,0.8597672994488671
2,188.35,167.85,0.8911600743297053
20,109.55,79.1,0.7220447284345048
10,34.3,28.65,0.8352769679300291
8,118.05,98.85,0.8373570520965693
8,89.2,73.15,0.820067264573991
2,104.0,95.1,0.9144230769230769
8,171.25,149.15,0.8709489051094891
16,91.2,65.05,0.7132675438596491
6,75.2,63.35,0.8424202127659575
2,104.8,91.25,0.870706106870229
12,79.55,63.6,0.7994971715901948
14,83.5,66.45,0.795808383233533
10,76.9,61.5,0.7997399219765929
8,21.55,16.9,0.7842227378190255
10,144.75,111.8,0.7723661485319516
8,82.7,72.75,0.8796856106408706
12,50.65,42.8,0.8450148075024679
4,129.35,101.25,0.782759953614225
8,138.75,118.4,0.8533333333333334
4,54.75,45.5,0.8310502283105022
4,57.9,47.55,0.8212435233160622
10,99.6,75.4,0.7570281124497992
12,32.9,31.05,0.9437689969604863
2,149.95,134.45,0.8966322107369123
12,171.5,152.1,0.8868804664723032
6,238.4,191.8,0.8045302013422819
4,115.9,105.9,0.913718723037101
2,90.85,71.7,0.7892129884424877
6,80.6,66.5,0.825062034739454
4,109.05,94.55,0.8670334708849152
14,36.1,28.8,0.7977839335180056
10,39.45,31.7,0.8035487959442332
4,122.25,93.4,0.7640081799591002
12,103.45,77.45,0.7486708554857419
6,129.75,114.95,0.8859344894026975
10,93.05,75.5,0.8113917248790973
12,103.35,85.75,0.8297048863086599
6,65.05,57.45,0.8831667947732513
16,85.75,64.15,0.7481049562682216
8,69.25,52.6,0.7595667870036101
2,184.8,166.4,0.9004329004329005
6,168.5,152.85,0.9071216617210682
10,165.0,133.7,0.8103030303030303
6,150.85,133.9,0.8876367252237322
10,67.7,55.45,0.8190546528803545
14,77.75,64.3,0.8270096463022508
12,87.75,79.15,0.901994301994302
6,135.15,116.35,0.8608953015168331
12,57.65,42.95,0.7450130095403296
12,128.1,110.25,0.860655737704918
6,82.5,73.35,0.889090909090909
8,141.3,124.9,0.883934890304317
6,101.05,87.15,0.8624443344878773
4,75.15,64.35,0.8562874251497006
8,157.65,118.4,0.7510307643514114
8,60.85,45.65,0.7502054231717338
12,69.8,52.35,0.75
