rf,total_quartet,correct_quartet,correct_prop
12,200.1,153.65,0.7678660669665167
14,112.45,86.25,0.7670075589150733
8,260.65,198.95,0.763284097448686
16,152.9,112.2,0.7338129496402878
18,161.85,122.4,0.7562557924003707
4,82.65,69.3,0.838475499092559
6,239.2,186.15,0.7782190635451505
12,97.95,75.05,0.7662072485962226
16,179.75,140.65,0.7824756606397775
10,210.6,167.5,0.795346628679962
8,146.95,122.95,0.8366791425654985
10,183.8,151.35,0.823449401523395
12,135.25,115.3,0.8524953789279113
10,226.85,168.05,0.7407978840643598
8,109.5,83.5,0.7625570776255708
6,110.2,98.2,0.8911070780399274
10,108.9,87.35,0.8021120293847567
4,274.65,217.85,0.7931913344256326
4,210.0,169.9,0.809047619047619
8,180.95,140.85,0.7783918209450125
4,124.65,94.85,0.7609306056959486
10,79.3,64.25,0.8102143757881463
12,97.35,82.9,0.8515665125834617
4,197.7,158.0,0.7991906929691451
8,93.0,69.9,0.7516129032258064
12,47.6,36.6,0.7689075630252101
16,200.15,139.45,0.6967274544091931
8,278.55,218.6,0.7847783162807396
12,125.6,97.05,0.7726910828025477
10,91.5,73.05,0.7983606557377049
10,128.1,91.8,0.7166276346604216
4,124.7,102.75,0.8239775461106656
8,47.7,38.55,0.8081761006289309
12,242.85,188.55,0.7764051883878937
6,162.95,132.9,0.815587603559374
6,252.6,179.15,0.7092240696753761
12,246.5,200.65,0.8139959432048681
2,261.7,214.35,0.819067634696217
10,221.2,168.45,0.7615280289330922
12,239.2,185.55,0.7757107023411371
14,122.15,87.95,0.7200163733115023
16,127.35,97.05,0.7620730270906949
6,110.7,94.9,0.8572719060523939
14,137.45,102.0,0.7420880320116406
4,201.6,167.8,0.8323412698412699
12,189.4,146.4,0.7729672650475184
4,137.9,105.55,0.765409717186367
16,100.85,76.1,0.7545860188398612
10,199.2,167.4,0.8403614457831325
4,124.6,102.9,0.8258426966292135
8,163.05,144.15,0.8840846366145354
12,181.3,147.55,0.8138444567015996
6,172.3,150.65,0.8743470690655832
12,161.0,121.75,0.7562111801242236
14,148.85,123.3,0.8283506886126973
14,276.5,218.0,0.7884267631103075
14,99.55,73.2,0.7353088900050226
10,126.9,93.7,0.7383766745468873
14,265.05,199.7,0.7534427466515752
12,143.25,100.95,0.7047120418848167
16,79.75,61.05,0.7655172413793103
8,187.4,154.6,0.8249733191035219
14,195.0,147.3,0.7553846153846154
14,97.05,75.9,0.7820710973724884
16,110.5,88.4,0.8
12,108.25,78.45,0.7247113163972286
18,215.15,158.65,0.7373925168487102
0,294.95,234.75,0.7958976097643669
10,172.6,147.45,0.854287369640788
8,140.75,118.1,0.8390763765541741
12,346.2,261.45,0.7551993067590987
16,79.8,55.1,0.6904761904761905
8,405.6,314.65,0.7757642998027613
14,133.65,102.85,0.7695473251028807
10,123.6,99.35,0.8038025889967637
12,213.05,172.9,0.811546585308613
12,135.8,103.1,0.7592047128129602
14,115.8,82.4,0.7115716753022453
12,142.75,102.95,0.7211908931698774
10,104.85,85.55,0.815927515498331
4,253.65,211.25,0.8328405282870096
12,163.3,127.8,0.782608695652174
8,266.95,214.95,0.8052069675969282
6,115.55,97.85,0.8468195586326266
4,314.85,277.35,0.8808956646021915
4,269.65,226.3,0.8392360467272391
8,145.4,110.7,0.7613480055020633
8,214.1,169.4,0.791219056515647
6,174.15,137.0,0.7866781510192363
6,244.0,197.65,0.8100409836065574
8,184.6,148.5,0.804442036836403
12,168.2,133.2,0.7919143876337693
4,305.25,247.65,0.8113022113022113
14,271.2,211.75,0.7807890855457227
4,138.1,110.7,0.8015930485155685
12,195.2,157.3,0.8058401639344263
16,174.7,140.75,0.8056668574699485
14,197.65,158.45,0.8016696180116367
12,103.8,81.75,0.7875722543352601
8,72.9,51.05,0.7002743484224966
16,239.35,183.95,0.7685397952788803
8,67.85,47.0,0.6927044952100221
10,161.15,128.65,0.7983245423518461
14,184.9,146.05,0.7898864250946458
8,141.85,108.75,0.7666549171660204
10,139.0,100.4,0.7223021582733813
6,253.75,204.6,0.8063054187192118
2,74.5,53.95,0.7241610738255033
12,245.5,190.05,0.7741344195519348
4,233.7,188.8,0.8078733418913137
12,151.0,115.25,0.7632450331125827
8,117.95,92.15,0.781263247138618
8,121.65,89.65,0.7369502671598849
6,40.25,30.45,0.7565217391304347
10,154.75,130.55,0.8436187399030695
10,169.35,139.4,0.8231473280188958
8,197.9,176.65,0.892622536634664
6,140.4,120.2,0.8561253561253561
14,115.3,85.5,0.7415437987857763
14,141.75,110.95,0.782716049382716
8,229.4,187.2,0.8160418482999128
8,116.85,96.95,0.8296961916987591
20,196.55,129.45,0.6586110404477232
18,70.0,44.65,0.6378571428571429
12,116.75,96.1,0.8231263383297645
14,317.85,251.75,0.792040270567878
4,399.65,317.75,0.7950706868509946
2,222.5,190.1,0.8543820224719101
16,121.55,90.55,0.7449609214315097
8,207.5,176.0,0.8481927710843373
8,178.25,147.25,0.8260869565217391
12,184.35,146.75,0.7960401410360727
18,164.3,125.1,0.7614120511259891
8,67.5,54.05,0.8007407407407408
10,206.2,173.8,0.8428709990300679
10,200.0,148.3,0.7415
8,228.25,187.55,0.8216867469879519
18,74.25,56.0,0.7542087542087542
6,260.85,202.55,0.7764999041594787
8,222.35,176.55,0.7940184393973465
14,140.2,108.25,0.7721112696148359
6,169.05,140.4,0.8305235137533274
8,106.95,88.7,0.8293595137914913
2,347.2,295.0,0.8496543778801844
8,239.1,174.9,0.7314930991217063
8,185.85,150.1,0.8076405703524348
12,210.45,163.55,0.777144214777857
14,175.15,126.45,0.721952612046817
14,128.55,98.8,0.7685725398677558
16,73.25,51.85,0.7078498293515358
10,156.25,133.1,0.85184
16,96.55,76.8,0.7954427757638529
12,234.8,177.1,0.754258943781942
12,35.55,31.2,0.8776371308016878
8,146.75,117.05,0.7976149914821125
10,170.45,132.35,0.7764740393077149
4,264.55,201.4,0.7612927612927612
16,202.35,148.15,0.7321472695824067
14,151.6,111.0,0.7321899736147758
4,253.9,200.0,0.7877116975187082
6,40.75,31.1,0.7631901840490798
8,170.6,130.85,0.7669988276670574
10,139.15,109.3,0.7854832914121451
8,171.55,127.5,0.743223549985427
12,95.95,74.1,0.7722772277227723
16,191.8,145.5,0.7586027111574557
12,115.45,88.15,0.7635339974014725
10,139.1,114.5,0.8231488138030194
14,111.85,86.6,0.7742512293249888
10,68.6,52.85,0.7704081632653061
2,191.55,155.2,0.8102323153223702
6,138.0,120.25,0.8713768115942029
6,201.8,155.6,0.7710604558969276
12,266.45,208.05,0.7808219178082192
6,224.65,177.3,0.7892276875139105
8,206.55,169.65,0.8213507625272332
10,170.35,141.8,0.8324038743762842
8,310.15,243.85,0.7862324681605675
4,204.6,160.4,0.7839687194525904
8,258.6,210.0,0.8120649651972158
8,112.25,84.2,0.7501113585746102
6,195.65,151.3,0.7733197035522617
14,54.1,41.2,0.7615526802218114
6,272.1,213.8,0.7857405365674385
12,153.45,118.85,0.7745193874226133
8,118.55,94.45,0.7967102488401518
2,93.85,73.7,0.7852956846030901
6,215.0,182.1,0.8469767441860465
10,58.3,46.3,0.7941680960548885
6,221.25,177.05,0.8002259887005649
10,130.35,102.55,0.7867280398925969
10,235.15,177.55,0.7550499681054645
14,209.65,172.45,0.8225614118769378
12,312.85,262.25,0.8382611475147834
6,109.2,83.75,0.766941391941392
10,116.25,100.3,0.8627956989247312
10,104.65,83.7,0.7998088867654085
8,193.6,159.6,0.8243801652892562
12,106.15,76.15,0.7173810645313236
4,219.55,180.9,0.8239580961056707
8,171.5,140.5,0.8192419825072886
8,147.2,117.15,0.7958559782608695
4,139.35,114.9,0.8245425188374597
12,200.8,166.0,0.8266932270916335
2,113.2,94.65,0.8361307420494699
2,229.85,182.65,0.7946486839242984
14,119.25,88.75,0.7442348008385744
4,262.7,208.1,0.7921583555386372
6,200.7,171.1,0.8525161933233683
6,228.5,181.4,0.7938730853391684
8,205.7,172.25,0.8373845405930967
14,336.85,236.6,0.7023897877393499
10,131.1,103.4,0.7887109077040427
6,161.4,130.6,0.8091697645600991
16,256.1,181.5,0.7087075361187036
22,96.2,64.3,0.6683991683991684
6,265.15,210.05,0.7921930982462757
4,128.55,108.1,0.8409179307662388
18,168.55,119.15,0.7069118955799466
10,230.45,187.4,0.8131915816880018
16,127.3,97.35,0.7647289866457188
12,45.25,36.2,0.8
14,76.75,59.05,0.7693811074918567
12,148.8,113.55,0.7631048387096774
8,98.4,83.7,0.850609756097561
6,75.7,62.05,0.8196829590488771
6,224.15,183.1,0.8168637073388356
10,158.45,123.8,0.7813190280845692
4,159.7,129.85,0.8130870381966186
8,144.65,117.25,0.8105772554441756
4,221.55,165.95,0.7490408485669149
4,36.3,23.15,0.6377410468319559
6,202.95,177.7,0.8755851194875585
6,139.7,109.55,0.7841803865425913
14,159.55,112.4,0.7044813538075838
12,288.9,222.9,0.7715472481827622
10,147.3,121.05,0.8217922606924644
8,168.4,128.6,0.7636579572446556
8,111.9,89.0,0.7953529937444147
4,163.0,131.55,0.8070552147239264
8,285.8,226.65,0.793037088873338
4,111.9,89.55,0.8002680965147453
10,123.95,90.7,0.7317466720451795
8,279.15,220.95,0.7915099408919936
12,197.1,160.95,0.8165905631659056
10,74.0,64.3,0.8689189189189189
6,121.0,95.25,0.7871900826446281
10,211.65,165.6,0.7824238128986535
14,198.45,151.35,0.762660619803477
8,118.7,90.5,0.7624262847514743
8,134.4,101.1,0.7522321428571429
16,278.8,209.6,0.7517934002869441
4,163.65,136.35,0.8331805682859762
10,131.85,105.35,0.7990140310959424
16,142.1,105.8,0.7445460942997889
10,182.9,139.15,0.7607982504100601
14,251.55,190.9,0.7588948519181077
4,216.85,181.15,0.8353700714779801
2,63.3,52.55,0.830173775671406
8,251.75,194.3,0.7717974180734856
16,62.3,44.5,0.7142857142857143
4,201.2,173.0,0.8598409542743539
12,221.2,173.6,0.7848101265822784
8,140.55,114.75,0.816435432230523
14,171.8,126.75,0.7377764842840512
12,211.7,168.0,0.7935758148323099
22,179.2,124.85,0.6967075892857143
4,293.55,238.45,0.8122977346278317
14,214.65,169.45,0.7894246447705567
4,209.65,179.65,0.8569043644168853
6,116.0,94.5,0.8146551724137931
10,69.55,43.3,0.6225736879942487
6,215.5,181.2,0.8408352668213457
8,184.3,140.6,0.7628865979381443
22,62.55,44.05,0.7042366107114308
4,252.45,200.7,0.7950089126559715
10,98.3,81.7,0.8311291963377416
8,172.75,135.9,0.786685962373372
16,182.05,142.3,0.7816533919252953
12,349.45,268.5,0.7683502647016741
14,89.2,69.4,0.7780269058295964
10,159.65,118.3,0.7409959285937989
6,297.1,231.9,0.7805452709525412
6,396.95,324.65,0.817861191585842
10,84.85,60.85,0.7171479080730702
10,116.85,91.3,0.7813436029097133
6,320.4,275.95,0.8612671660424469
12,159.85,114.2,0.7144197685329997
8,151.1,113.5,0.7511581733951026
8,150.25,120.55,0.8023294509151414
8,126.1,105.7,0.838223632038065
18,263.5,185.75,0.7049335863377609
14,142.35,104.5,0.73410607657183
16,68.85,48.1,0.6986201888162672
6,95.7,76.2,0.7962382445141066
4,179.0,144.45,0.8069832402234637
10,153.95,121.9,0.7918155245209484
10,154.2,116.15,0.753242542153048
10,175.1,131.3,0.7498572244431754
14,249.15,186.6,0.74894641782059
6,295.05,227.85,0.7722419928825622
4,122.15,104.75,0.8575521899304134
6,134.45,106.85,0.7947192264782447
16,174.8,126.65,0.7245423340961098
8,196.3,164.5,0.8380030565461029
12,165.95,128.35,0.7734257306417596
8,330.7,254.65,0.7700332627759299
10,201.55,157.45,0.7811957330687175
14,222.1,164.7,0.7415578568212516
8,144.75,117.45,0.81139896373057
4,139.9,113.3,0.8098641887062187
8,306.95,233.15,0.7595699625346147
18,204.3,148.25,0.7256485560450319
10,177.2,137.55,0.7762415349887133
8,256.2,208.35,0.813231850117096
10,77.3,55.2,0.7141009055627425
16,163.85,123.05,0.7509917607567898
4,180.7,148.8,0.823464305478694
12,90.95,68.35,0.7515118196811434
8,92.15,82.05,0.8903960933260987
12,131.75,102.3,0.7764705882352941
8,179.6,135.3,0.7533407572383074
8,170.55,135.85,0.7965406039284667
12,190.8,146.0,0.7651991614255765
16,176.65,135.75,0.7684687234644778
6,215.85,178.95,0.8290479499652537
2,113.55,97.0,0.8542492294143549
8,300.75,243.8,0.8106400665004156
12,107.6,88.8,0.8252788104089219
12,180.55,143.5,0.794793685959568
10,88.95,66.55,0.7481731309724564
4,208.2,171.5,0.8237271853986552
8,144.95,105.75,0.7295619179027251
6,346.6,282.3,0.8144835545297172
6,64.8,48.8,0.7530864197530864
14,106.0,76.9,0.7254716981132076
10,276.2,214.75,0.7775162925416365
4,81.75,64.2,0.7853211009174312
6,222.3,188.9,0.8497525865946919
8,228.55,190.1,0.8317654780135638
12,205.7,163.7,0.7958191541079241
6,136.4,101.8,0.7463343108504399
16,137.75,100.4,0.7288566243194192
12,231.4,181.9,0.7860847018150389
8,294.6,212.0,0.7196198234894773
12,93.95,77.05,0.8201170835550825
6,216.3,177.3,0.8196948682385575
10,201.15,153.6,0.7636092468307233
16,162.9,118.7,0.7286678944137508
8,127.75,107.3,0.8399217221135029
4,172.9,150.7,0.871602082128398
10,222.4,183.85,0.8266636690647482
6,138.1,105.35,0.7628530050687907
8,324.85,247.5,0.761890103124519
12,112.9,83.2,0.7369353410097431
16,175.8,141.5,0.8048919226393629
18,169.7,132.15,0.7787271655863288
10,172.65,134.05,0.776426295974515
8,170.75,144.25,0.8448023426061494
12,182.4,140.75,0.7716557017543859
6,101.6,77.95,0.7672244094488189
16,204.25,149.5,0.7319461444308446
14,132.75,89.05,0.6708097928436911
8,163.65,119.5,0.7302169263672472
8,121.3,93.25,0.768755152514427
12,236.5,178.65,0.7553911205073995
22,177.3,127.2,0.7174280879864636
6,211.55,167.25,0.7905932403687072
6,211.45,173.7,0.8214707968786947
12,207.55,161.05,0.775957600578174
6,179.75,140.25,0.780250347705146
16,268.8,192.45,0.7159598214285714
18,105.1,72.05,0.6855375832540438
12,148.55,109.5,0.7371255469538875
2,111.15,95.85,0.8623481781376519
8,282.9,221.6,0.783315659243549
18,54.5,36.75,0.6743119266055045
6,123.55,95.25,0.7709429380817483
0,300.35,254.55,0.8475112368902946
4,146.8,111.75,0.7612397820163488
12,366.7,282.2,0.7695664030542678
10,303.9,233.2,0.7673576834485027
10,232.05,182.3,0.7856065503124326
10,103.4,82.45,0.7973887814313346
12,120.2,105.0,0.8735440931780366
10,131.7,101.3,0.7691723614274867
8,126.65,107.05,0.8452427951046191
16,121.0,97.45,0.8053719008264463
2,228.0,183.6,0.8052631578947368
8,143.15,106.75,0.7457212713936431
8,262.35,205.6,0.7836859157613875
6,137.45,119.3,0.8679519825391051
6,215.1,181.65,0.8444909344490934
10,220.0,179.5,0.8159090909090909
16,170.05,121.45,0.7142017053807703
8,80.45,64.85,0.8060907395898074
12,363.5,251.05,0.690646492434663
8,141.75,104.7,0.7386243386243386
18,176.9,131.5,0.7433578292820803
6,387.3,314.55,0.8121611154144074
8,175.7,139.35,0.7931132612407513
4,212.15,157.55,0.7426349281168985
12,68.7,50.9,0.7409024745269287
6,164.95,124.6,0.7553804183085784
12,173.3,145.45,0.8392960184650894
16,183.75,146.3,0.7961904761904762
8,133.9,102.2,0.7632561613144138
8,156.55,130.45,0.8332801022037688
10,54.75,42.3,0.7726027397260274
4,245.0,212.85,0.8687755102040816
10,150.6,106.45,0.7068393094289509
8,208.95,184.95,0.8851399856424982
4,90.45,80.55,0.8905472636815921
8,78.2,62.1,0.7941176470588235
8,137.5,111.5,0.8109090909090909
10,187.1,140.8,0.7525387493319081
14,196.85,155.9,0.7919735839471679
12,181.95,144.95,0.7966474306128057
8,415.4,349.45,0.8412373615792008
10,132.65,98.3,0.7410478703354693
14,140.75,110.6,0.7857904085257549
10,118.25,89.95,0.760676532769556
12,114.85,82.65,0.7196343056160209
8,165.7,134.25,0.8101991550995775
4,81.35,65.5,0.8051628764597418
14,147.45,114.55,0.776873516446253
14,104.85,80.65,0.7691940867906533
14,56.4,44.5,0.7890070921985816
16,134.4,99.25,0.7384672619047619
6,297.15,243.75,0.8202927814235235
14,162.3,122.65,0.7556993222427604
4,219.45,187.2,0.8530416951469583
6,109.65,84.0,0.7660738714090287
6,188.6,153.3,0.8128313891834571
14,251.0,194.8,0.7760956175298804
8,110.05,87.45,0.7946388005452067
12,191.55,149.1,0.7783868441660141
4,123.6,108.35,0.8766181229773463
8,139.5,117.4,0.8415770609318997
14,266.6,205.15,0.7695048762190547
6,175.0,139.45,0.7968571428571428
8,51.25,40.35,0.7873170731707317
10,73.05,50.0,0.6844626967830253
2,137.3,123.45,0.8991260014566642
10,83.0,61.25,0.7379518072289156
14,126.3,87.9,0.6959619952494062
14,188.65,131.85,0.6989133315663928
12,79.55,60.95,0.7661847894406034
10,206.35,170.6,0.826750666343591
6,236.75,193.7,0.8181626187961986
6,158.05,116.65,0.7380575767162291
8,162.8,130.55,0.8019041769041769
8,223.8,176.7,0.789544235924933
6,144.45,113.9,0.7885081343025269
4,222.0,180.75,0.8141891891891891
10,171.35,140.55,0.8202509483513277
12,318.9,254.8,0.7989965506428347
14,160.8,128.3,0.7978855721393034
10,217.25,169.6,0.7806674338319908
14,131.3,102.45,0.7802741812642803
22,215.6,149.7,0.6943413729128015
6,123.7,98.65,0.7974939369442199
6,59.55,50.0,0.8396305625524769
16,105.35,69.1,0.6559088751779781
6,110.65,92.8,0.8386805241753276
6,207.3,167.5,0.8080077182826821
6,203.2,150.95,0.7428641732283464
6,137.45,108.5,0.7893779556202255
8,196.7,153.15,0.7785968479918658
10,179.15,153.25,0.8554284119452973
10,77.95,66.4,0.8518280949326491
12,105.35,84.9,0.8058851447555766
8,110.5,85.1,0.7701357466063349
0,152.35,121.35,0.7965211683623236
12,133.2,86.9,0.6524024024024024
6,165.95,142.0,0.8556794215125038
8,82.7,66.3,0.8016928657799275
8,246.05,185.6,0.7543182280024385
10,147.5,116.6,0.7905084745762712
14,244.75,169.4,0.6921348314606741
16,110.95,76.65,0.6908517350157729
12,164.95,128.05,0.7762958472264323
6,112.25,97.5,0.8685968819599109
10,58.45,47.2,0.8075278015397775
2,208.65,186.45,0.8936017253774263
14,162.7,116.8,0.7178856791641057
14,73.4,55.2,0.7520435967302452
4,80.65,57.4,0.7117172969621822
12,215.5,177.4,0.8232018561484918
12,134.45,107.9,0.8025288211230941
4,155.4,134.5,0.8655083655083655
12,209.05,168.0,0.8036354939009807
12,150.6,114.75,0.7619521912350598
6,162.45,134.75,0.8294859956909818
18,128.15,86.95,0.6785017557549746
12,88.05,68.55,0.778534923339012
12,284.9,214.85,0.7541242541242541
6,199.0,156.05,0.7841708542713568
12,130.45,102.35,0.7845917976236105
8,254.75,194.25,0.7625122669283612
6,219.0,187.2,0.8547945205479452
10,77.55,61.85,0.7975499677627337
12,177.25,140.15,0.790691114245416
8,257.0,208.1,0.809727626459144
8,107.5,92.5,0.8604651162790697
8,91.0,71.45,0.7851648351648352
10,98.25,73.35,0.7465648854961832
2,146.5,117.15,0.7996587030716723
14,108.05,85.2,0.7885238315594633
4,210.2,170.3,0.8101807802093245
12,159.25,120.95,0.759497645211931
4,204.55,166.75,0.8152041065754094
6,248.45,200.9,0.8086134030992151
10,149.5,124.95,0.8357859531772576
10,240.1,172.2,0.717201166180758
16,228.05,179.2,0.785792589344442
14,141.65,98.2,0.6932580303565126
12,148.45,121.65,0.8194678342876389
14,159.8,114.75,0.7180851063829787
10,171.5,131.75,0.7682215743440233
12,148.0,124.65,0.8422297297297298
6,167.75,140.45,0.83725782414307
14,122.8,89.95,0.7324918566775245
12,177.95,142.3,0.7996628266366957
18,257.95,199.75,0.7743748788524908
12,105.1,73.45,0.6988582302568982
8,134.1,107.1,0.7986577181208053
20,230.85,171.55,0.7431232401992636
8,120.5,100.05,0.8302904564315353
10,122.45,93.15,0.7607186606778277
10,56.6,43.95,0.7765017667844523
10,92.8,70.65,0.7613146551724138
10,151.05,110.9,0.7341939755047997
8,78.2,62.85,0.8037084398976982
8,74.8,61.4,0.820855614973262
12,73.7,55.4,0.751696065128901
10,73.15,55.15,0.7539302802460697
8,54.55,43.6,0.7992667277726856
8,150.8,115.3,0.7645888594164456
12,282.45,216.05,0.7649141440963002
4,90.35,78.2,0.8655229662423907
12,151.5,116.3,0.7676567656765677
4,134.35,103.8,0.7726088574618534
8,93.6,77.2,0.8247863247863247
18,167.3,116.75,0.6978481769276749
4,206.5,164.05,0.7944309927360775
4,94.7,83.85,0.885427666314678
8,311.95,248.05,0.7951594806860074
12,179.95,139.35,0.7743817727146429
14,81.3,65.1,0.8007380073800738
10,151.95,132.05,0.8690358670615334
8,181.65,139.5,0.7679603633360859
8,32.55,28.3,0.869431643625192
8,270.85,214.9,0.7934280967325088
6,83.2,61.05,0.7337740384615384
6,130.2,107.3,0.8241167434715821
8,40.7,33.55,0.8243243243243243
8,155.3,128.05,0.8245331616226658
6,320.2,249.2,0.778263585259213
6,284.45,214.8,0.7551415011425558
10,180.95,135.8,0.7504835589941973
14,107.65,85.5,0.7942405945192754
6,177.9,144.7,0.8133783024170883
6,173.15,138.6,0.8004620271440948
12,157.95,113.3,0.7173156062044951
10,45.5,36.35,0.798901098901099
10,274.0,223.0,0.8138686131386861
12,70.0,51.55,0.7364285714285714
4,354.9,278.3,0.7841645533953226
10,124.4,91.6,0.7363344051446945
10,262.0,208.4,0.7954198473282442
14,42.7,30.45,0.7131147540983607
8,225.9,191.0,0.8455068614431164
6,217.6,170.55,0.7837775735294118
4,105.7,86.85,0.8216650898770104
8,219.95,170.15,0.7735849056603774
4,184.75,159.8,0.8649526387009472
12,242.5,185.9,0.7665979381443299
6,56.4,39.3,0.6968085106382979
16,68.55,52.4,0.7644055433989788
8,140.65,112.75,0.8016352648418059
14,85.7,68.35,0.7975495915985997
10,177.8,143.75,0.8084926884139483
4,166.9,141.7,0.8490113840623128
6,155.05,125.4,0.8087713640761045
8,251.5,210.4,0.8365805168986084
12,218.15,168.45,0.7721751088700436
12,107.75,79.7,0.7396751740139211
16,135.15,93.15,0.6892341842397336
14,141.45,112.5,0.7953340402969247
4,207.7,159.65,0.7686567164179104
12,145.45,111.1,0.763836369886559
10,110.45,90.9,0.8229968311453146
10,203.05,168.15,0.828121152425511
14,93.25,71.0,0.7613941018766756
22,128.7,98.35,0.7641802641802642
14,220.25,156.3,0.7096481271282633
4,176.95,149.55,0.8451539983046058
12,258.55,181.65,0.7025720363566041
2,121.6,99.4,0.8174342105263158
6,188.55,151.85,0.8053566693184832
8,96.55,82.2,0.8513723459347489
6,139.05,115.5,0.8306364617044228
6,180.2,147.8,0.8201997780244173
6,213.85,169.25,0.7914425999532383
16,151.8,102.7,0.6765480895915679
12,129.15,97.5,0.7549361207897793
12,108.0,89.75,0.8310185185185185
14,144.7,115.8,0.8002764340013822
8,144.15,117.2,0.8130419701699618
12,147.0,110.0,0.7482993197278912
8,230.95,188.65,0.8168434726131197
16,228.15,174.35,0.7641902257286872
16,102.35,69.1,0.6751343429408891
12,102.3,73.5,0.718475073313783
8,135.45,107.9,0.7966039128829826
6,265.45,212.95,0.8022226407986438
8,230.15,174.65,0.7588529220073865
10,189.8,143.9,0.7581664910432033
6,190.15,162.5,0.8545884827767551
12,165.8,131.85,0.7952352231604343
12,161.75,125.5,0.7758887171561051
4,126.7,103.35,0.8157063930544594
8,168.55,144.8,0.8590922574903589
12,201.8,144.75,0.7172943508424182
10,92.0,72.25,0.7853260869565217
4,73.35,61.35,0.83640081799591
10,105.8,79.1,0.7476370510396976
12,151.8,102.5,0.6752305665349143
8,179.5,151.9,0.8462395543175487
12,56.05,36.65,0.6538804638715433
10,140.45,113.0,0.8045567817728729
14,202.35,145.15,0.717321472695824
14,105.8,85.35,0.806710775047259
4,262.85,213.65,0.8128210005706676
10,173.45,136.35,0.786105505909484
4,114.45,92.45,0.8077763215377894
0,82.25,70.8,0.8607902735562311
6,58.7,49.35,0.8407155025553663
12,205.5,146.95,0.7150851581508516
4,296.65,228.3,0.7695937974043485
10,99.55,78.05,0.784028126569563
6,143.55,109.8,0.7648902821316614
14,193.45,153.0,0.7909020418712845
8,288.85,213.45,0.7389648606543189
4,180.8,154.4,0.8539823008849557
18,64.7,43.55,0.6731066460587326
2,285.35,232.6,0.8151393026108288
6,123.65,103.3,0.8354225636878285
10,61.05,44.25,0.7248157248157249
6,165.8,134.45,0.8109167671893848
8,190.2,158.0,0.8307045215562566
2,96.1,84.65,0.880853277835588
12,278.65,216.8,0.7780369639332496
8,97.0,80.7,0.831958762886598
14,88.3,67.45,0.7638731596828993
4,87.1,72.75,0.8352468427095293
6,147.25,123.65,0.8397283531409168
16,70.7,57.2,0.809052333804809
10,204.7,159.35,0.778456277479238
4,298.35,239.1,0.8014077425842132
6,65.5,51.95,0.7931297709923664
10,224.9,186.5,0.8292574477545576
14,51.65,37.75,0.7308809293320426
8,176.5,142.45,0.8070821529745043
14,176.3,115.5,0.6551332955190017
10,302.75,255.2,0.8429397192402973
8,185.8,153.55,0.8264262648008611
12,131.35,95.25,0.7251617814998097
4,167.55,131.55,0.7851387645478961
12,201.7,149.75,0.7424392662369856
4,121.9,104.2,0.8547990155865464
10,98.25,72.3,0.7358778625954199
18,88.2,64.5,0.7312925170068028
12,56.7,41.0,0.7231040564373897
14,217.4,175.65,0.8079576816927323
0,255.05,202.8,0.7951382081944717
8,233.2,180.2,0.7727272727272727
8,131.2,116.05,0.8845274390243902
4,157.55,130.8,0.830212630910822
6,212.7,188.1,0.8843441466854725
6,117.55,96.2,0.8183751595065929
8,190.35,152.25,0.7998423955870765
6,226.75,188.15,0.829768467475193
2,91.15,70.2,0.7701590784421284
2,221.0,193.75,0.8766968325791855
8,308.65,252.0,0.8164587720719261
6,137.3,118.3,0.8616168973051711
4,265.3,219.2,0.8262344515642669
12,52.2,31.8,0.6091954022988506
4,124.05,105.9,0.8536880290205562
8,333.05,268.95,0.8075364059450533
14,276.95,222.55,0.8035746524643438
14,82.0,66.5,0.8109756097560976
6,73.45,60.05,0.8175629680054459
4,286.25,207.55,0.7250655021834062
6,240.3,188.1,0.7827715355805244
8,134.55,106.35,0.79041248606466
8,336.45,255.65,0.7598454450884232
4,280.3,230.6,0.822689975026757
8,72.9,59.3,0.813443072702332
2,166.0,134.05,0.8075301204819277
6,124.2,98.75,0.7950885668276972
14,208.1,153.05,0.7354637193656895
14,119.85,98.0,0.8176887776387151
14,127.6,96.45,0.7558777429467085
6,174.5,139.75,0.8008595988538681
4,274.6,234.6,0.8543335761107065
10,66.8,50.35,0.7537425149700598
4,119.15,103.55,0.8690725975660931
12,48.15,32.9,0.6832814122533749
8,308.75,247.35,0.8011336032388664
6,239.05,179.55,0.7510980966325037
10,197.75,144.3,0.729709228824273
6,196.95,162.45,0.8248286367098249
10,143.7,112.7,0.7842727905358385
4,122.05,108.95,0.8926669397787792
12,124.55,99.85,0.8016860698514653
6,275.2,205.55,0.7469113372093024
8,279.35,207.8,0.7438696975120817
4,284.55,235.35,0.8270954138112809
14,170.55,138.85,0.8141307534447376
8,176.5,129.7,0.7348441926345609
12,152.4,125.15,0.8211942257217848
14,143.95,102.2,0.7099687391455366
12,181.3,141.1,0.7782680639823497
12,228.2,186.7,0.8181419807186678
8,154.85,114.9,0.7420083952211818
10,189.95,140.85,0.7415109239273493
4,170.1,141.35,0.8309817754262199
8,315.1,239.95,0.7615042843541733
14,160.7,131.85,0.8204729309271935
4,352.4,306.0,0.8683314415437003
6,137.95,96.85,0.7020659659296846
10,188.25,153.5,0.8154050464807437
10,187.1,157.0,0.8391234633885623
10,240.35,195.3,0.812565009361348
10,156.85,128.2,0.8173414089894804
12,103.3,82.1,0.7947725072604066
0,267.1,210.85,0.7894047173343317
16,159.05,123.25,0.7749135491983653
10,84.25,68.6,0.8142433234421365
6,147.9,114.1,0.7714672075726843
10,121.35,93.3,0.7688504326328801
8,108.3,94.55,0.8730378578024007
10,148.25,120.1,0.8101180438448566
6,197.8,165.6,0.8372093023255814
8,246.3,200.25,0.8130328867235079
4,283.9,227.3,0.800634026065516
12,179.7,146.05,0.8127434613244297
6,143.3,107.35,0.7491277041172366
14,212.65,162.25,0.7629908300023512
14,181.1,134.5,0.7426836002208724
6,155.15,127.55,0.8221076377699001
10,84.75,70.55,0.8324483775811209
8,368.95,289.5,0.7846591679089308
14,103.95,81.45,0.7835497835497836
4,139.5,121.0,0.8673835125448028
12,139.0,102.8,0.739568345323741
12,162.9,121.9,0.7483118477593615
8,205.65,159.05,0.7734014101628981
6,281.45,234.45,0.8330076390122579
4,154.2,129.2,0.8378728923476005
12,229.15,184.2,0.8038402792930395
6,53.1,45.0,0.847457627118644
8,114.85,89.65,0.780583369612538
8,173.75,133.9,0.7706474820143885
12,64.4,50.55,0.7849378881987578
6,80.55,66.0,0.819366852886406
12,140.9,112.3,0.7970191625266146
16,202.75,146.1,0.7205918618988902
18,177.45,132.55,0.7469709777402085
6,194.4,151.1,0.7772633744855967
14,107.85,87.0,0.8066759388038943
14,129.95,92.4,0.7110427087341286
12,164.25,135.4,0.8243531202435312
4,308.1,263.85,0.8563777994157741
18,221.2,158.7,0.7174502712477396
4,201.25,167.4,0.8318012422360248
8,146.3,118.95,0.8130553656869446
8,162.55,129.65,0.7976007382343894
6,125.3,102.4,0.8172386272944933
2,302.1,247.35,0.8187686196623635
6,72.95,59.9,0.8211103495544894
18,77.2,57.1,0.7396373056994818
12,188.35,155.9,0.8277143615609238
6,326.95,257.2,0.786664627618902
6,175.8,146.25,0.8319112627986348
8,87.65,69.5,0.7929264118653736
8,205.75,152.2,0.7397326852976914
10,81.0,63.65,0.7858024691358024
12,168.35,130.95,0.7778437778437779
2,67.05,56.35,0.8404175988068605
12,163.25,126.2,0.7730474732006125
6,73.4,59.7,0.8133514986376021
8,117.55,86.9,0.7392598894087622
10,202.2,162.45,0.8034124629080118
12,203.75,152.3,0.7474846625766871
8,137.5,113.7,0.8269090909090909
10,172.95,147.65,0.8537149465163342
6,162.9,139.7,0.8575813382443217
14,116.8,91.25,0.78125
10,117.25,95.35,0.8132196162046909
2,140.95,114.4,0.8116353316778999
8,136.1,110.9,0.8148420279206466
6,138.15,111.65,0.8081795150199059
18,114.35,89.3,0.7809357236554438
10,100.2,81.55,0.813872255489022
14,330.8,224.45,0.6785066505441354
8,230.95,175.5,0.7599047412859926
12,230.65,183.25,0.7944938218079342
12,152.05,121.05,0.7961196974679382
4,116.85,99.65,0.8528027385537014
6,143.95,116.55,0.8096561306009031
24,161.7,103.3,0.6388373531230674
14,111.65,85.3,0.7639946260635916
12,113.55,86.9,0.7653016292382211
10,166.25,122.95,0.7395488721804512
12,116.0,86.1,0.7422413793103448
10,35.05,28.45,0.81169757489301
8,149.05,125.9,0.8446829922844683
14,86.6,62.5,0.7217090069284064
12,68.7,54.05,0.7867540029112081
12,132.0,101.55,0.7693181818181818
16,118.65,91.6,0.7720185419300464
8,112.2,90.2,0.803921568627451
10,133.7,112.9,0.8444278234854151
14,252.7,181.8,0.7194301543332015
4,148.35,116.05,0.7822716548702393
10,78.3,54.7,0.698595146871009
2,119.1,103.85,0.8719563392107472
8,67.25,51.25,0.7620817843866171
8,262.65,214.2,0.8155339805825242
10,254.85,191.6,0.7518147930154994
20,173.0,111.35,0.6436416184971099
10,134.45,111.25,0.8274451468947565
8,235.3,181.85,0.772843178920527
4,190.55,154.6,0.8113356074521123
6,71.6,55.35,0.7730446927374302
14,222.8,172.05,0.7722172351885098
12,149.65,118.8,0.7938523220848647
0,402.0,326.85,0.8130597014925374
12,205.2,170.7,0.8318713450292398
10,114.9,88.8,0.7728459530026109
12,169.2,134.0,0.7919621749408984
14,152.3,124.05,0.814510833880499
16,200.55,155.5,0.775367738718524
12,156.05,121.0,0.7753925024030759
8,216.0,171.35,0.7932870370370371
8,216.45,158.5,0.7322707322707322
0,165.2,128.0,0.774818401937046
8,170.2,135.95,0.7987661574618097
12,96.95,71.85,0.7411036616812791
8,179.45,148.95,0.8300362217887991
12,159.6,118.55,0.7427944862155389
14,166.1,127.2,0.7658037326911499
6,143.7,118.7,0.826026443980515
10,105.1,85.4,0.8125594671741199
6,107.0,83.05,0.7761682242990654
10,131.9,104.3,0.7907505686125853
6,164.0,140.75,0.8582317073170732
18,116.55,83.05,0.7125697125697126
6,137.2,120.2,0.8760932944606414
12,174.1,132.15,0.7590465249856404
8,180.4,140.7,0.7799334811529933
12,81.1,63.3,0.7805178791615289
6,248.85,213.65,0.8585493269037573
10,231.3,178.2,0.7704280155642024
6,270.35,209.15,0.7736267800998705
12,124.6,98.4,0.7897271268057785
10,299.9,221.1,0.737245748582861
8,91.25,76.8,0.8416438356164384
14,230.0,168.2,0.731304347826087
18,152.35,116.95,0.7676403019363308
6,219.25,165.95,0.7568985176738883
14,139.85,107.5,0.7686807293528781
6,139.1,117.95,0.8479511143062545
6,229.6,188.1,0.8192508710801394
16,81.45,57.5,0.7059545733578882
14,53.5,41.8,0.7813084112149533
16,132.8,98.3,0.740210843373494
14,119.25,83.55,0.70062893081761
6,224.1,193.4,0.8630075858991522
16,141.55,92.0,0.6499470151889791
10,115.25,91.35,0.7926247288503254
8,108.0,76.9,0.712037037037037
0,133.3,102.75,0.7708177044261065
12,141.8,113.9,0.8032440056417489
6,170.35,133.7,0.7848547108893454
6,210.05,165.35,0.7871935253511069
8,197.1,159.55,0.8094875697615423
20,114.55,87.25,0.7616761239633348
6,263.55,212.95,0.8080060709542781
12,116.1,85.1,0.7329888027562446
6,148.2,118.85,0.8019568151147098
6,289.2,226.6,0.7835408022130014
8,75.3,58.9,0.7822045152722443
8,226.95,175.4,0.7728574575897775
8,171.5,129.55,0.755393586005831
8,137.45,104.55,0.7606402328119316
8,156.85,121.2,0.7727127829136118
8,163.0,134.55,0.8254601226993865
10,122.65,102.1,0.8324500611496127
6,262.65,221.5,0.8433276223110604
14,145.25,108.1,0.7442340791738382
12,181.05,136.4,0.7533830433581884
12,186.55,141.75,0.7598499061913696
12,207.7,166.75,0.8028406355320173
8,119.15,103.6,0.8694922366764583
14,221.05,176.95,0.8004976249717258
16,241.9,195.15,0.8067383216205043
20,137.15,113.9,0.8304775792927451
14,139.3,106.15,0.7620244077530509
6,183.65,155.75,0.848080588075143
16,234.3,173.35,0.7398634229620145
12,245.0,189.15,0.7720408163265307
10,109.75,83.7,0.7626423690205011
10,191.95,152.65,0.7952591820786663
12,77.35,64.25,0.8306399482870072
4,120.05,101.7,0.8471470220741357
16,225.05,158.45,0.7040657631637414
18,122.75,97.5,0.7942973523421588
10,207.3,156.7,0.7559093101784853
4,137.45,111.3,0.8097489996362314
10,56.75,43.75,0.7709251101321586
8,104.4,85.45,0.8184865900383141
10,137.35,106.2,0.7732071350564252
14,133.8,101.2,0.7563527653213752
2,132.0,103.5,0.7840909090909091
12,302.6,233.45,0.7714805023132849
16,78.85,57.0,0.7228915662650602
4,343.15,273.8,0.7979017922191461
16,148.55,120.5,0.8111746886570178
6,206.6,164.0,0.7938044530493708
14,122.25,93.35,0.7635991820040899
16,147.3,107.7,0.7311608961303462
20,140.75,98.5,0.6998223801065719
8,247.3,205.5,0.8309745248685807
4,209.05,182.05,0.8708442956230567
6,210.6,170.2,0.8081671415004749
8,208.3,176.05,0.8451752280364858
10,106.05,80.7,0.7609618104667609
8,291.9,240.35,0.8233984241178486
4,97.25,79.45,0.8169665809768637
12,192.4,133.85,0.6956860706860707
12,204.45,164.55,0.8048422597212033
8,74.35,64.85,0.8722259583053127
12,202.75,142.2,0.7013563501849568
16,122.7,91.6,0.7465362673186634
12,162.7,123.55,0.7593730792870313
6,200.5,173.25,0.8640897755610972
4,221.15,178.2,0.8057879267465521
8,178.85,135.9,0.7598546267822197
12,178.75,140.8,0.7876923076923077
14,138.55,117.6,0.8487910501623962
10,308.5,250.45,0.8118314424635332
10,130.3,104.55,0.8023791250959325
8,307.2,230.05,0.7488606770833334
14,190.8,133.3,0.6986373165618449
14,95.45,68.45,0.7171293871136721
16,181.4,146.75,0.8089856670341786
12,203.5,149.2,0.7331695331695331
6,108.7,90.15,0.8293468261269549
20,181.2,136.75,0.7546909492273731
10,149.8,125.6,0.8384512683578104
18,167.55,132.9,0.7931960608773501
14,249.2,208.05,0.8348715890850722
4,244.3,200.45,0.8205075726565698
8,62.9,51.15,0.8131955484896661
8,140.6,120.3,0.8556187766714083
12,126.15,94.25,0.7471264367816092
10,190.2,143.55,0.7547318611987381
12,170.6,136.45,0.7998241500586166
14,114.7,85.9,0.7489102005231038
12,124.95,93.45,0.7478991596638656
8,163.15,128.4,0.7870058228623966
18,240.25,181.95,0.7573361082206035
18,106.2,71.95,0.6774952919020716
6,145.15,118.15,0.8139855322080606
10,357.55,287.45,0.8039435044049783
8,197.25,159.05,0.8063371356147021
12,171.8,133.3,0.7759022118742724
12,349.65,261.85,0.7488917488917489
12,77.5,67.9,0.8761290322580645
10,132.1,105.35,0.7975018925056775
6,181.85,158.45,0.8713225185592521
8,100.5,84.4,0.8398009950248756
20,88.5,63.45,0.7169491525423729
6,112.0,91.3,0.8151785714285714
8,179.0,152.0,0.8491620111731844
12,92.2,68.2,0.7396963123644251
12,240.55,187.9,0.7811265849095822
12,141.8,114.85,0.8099435825105783
14,68.2,47.9,0.7023460410557185
6,126.9,105.55,0.8317572892040977
6,133.65,114.45,0.856341189674523
8,168.25,132.7,0.7887072808320951
10,214.2,177.1,0.826797385620915
12,136.6,108.8,0.7964860907759883
16,63.4,39.9,0.6293375394321766
6,241.95,182.3,0.753461458979128
8,251.9,198.2,0.7868201667328305
12,217.05,166.1,0.7652614604929739
4,385.5,332.75,0.8631647211413749
14,120.15,86.35,0.7186849771119435
20,75.35,56.0,0.7431984074319841
18,186.4,136.3,0.7312231759656652
6,177.25,136.8,0.7717912552891396
2,216.2,181.75,0.8406567992599445
14,117.65,91.55,0.7781555461113472
20,139.8,109.85,0.7857653791130186
14,47.45,36.45,0.768177028451001
18,139.15,98.2,0.7057132590729429
0,146.15,121.3,0.8299692097160452
12,232.45,171.95,0.7397289739728974
8,87.35,59.85,0.6851745850028621
4,134.1,109.75,0.8184190902311708
10,142.75,113.2,0.7929947460595447
8,188.85,150.65,0.7977230606301298
14,97.8,64.7,0.6615541922290389
6,129.45,112.5,0.8690614136732329
6,104.55,90.7,0.8675274988043998
8,138.1,111.0,0.8037653874004345
8,136.35,111.1,0.8148148148148148
8,240.55,187.65,0.7800872999376429
14,380.9,289.7,0.7605670779732213
2,145.5,122.4,0.8412371134020619
14,177.05,128.9,0.7280429257271958
10,125.2,102.35,0.8174920127795527
14,133.2,98.4,0.7387387387387387
18,183.2,134.9,0.736353711790393
6,92.15,78.7,0.8540423223005968
12,83.15,55.3,0.6650631389055923
10,131.25,104.9,0.7992380952380952
8,201.3,161.4,0.8017883755588674
12,211.65,167.75,0.7925820930781952
16,96.05,71.85,0.7480478917230609
12,201.5,155.05,0.7694789081885856
12,120.0,96.55,0.8045833333333333
16,263.15,189.7,0.7208816264487935
16,99.35,69.5,0.6995470558631102
10,55.25,47.5,0.8597285067873304
4,137.1,114.55,0.8355215171407732
14,192.9,144.15,0.7472783825816485
10,110.6,89.65,0.8105786618444847
14,181.05,144.2,0.7964650648991991
10,82.0,65.7,0.801219512195122
12,207.85,169.55,0.8157324993986048
12,190.0,143.05,0.7528947368421053
14,68.3,55.55,0.8133235724743777
12,148.2,102.6,0.6923076923076923
8,177.55,143.45,0.8079414249507181
10,116.05,95.0,0.8186126669538992
10,127.6,98.45,0.771551724137931
2,345.5,275.3,0.7968162083936324
14,94.9,68.0,0.7165437302423604
10,115.4,94.35,0.8175909878682842
10,238.65,195.6,0.819610307982401
8,299.9,230.75,0.7694231410470157
8,147.55,109.1,0.7394103693663165
6,272.05,225.4,0.828524168351406
8,177.95,137.4,0.7721270019668446
12,89.55,72.1,0.8051367950865438
14,174.55,135.8,0.7780005729017474
10,106.75,89.85,0.8416861826697892
6,165.5,126.65,0.7652567975830815
0,125.7,105.8,0.841686555290374
12,107.55,87.55,0.8140399814039981
14,189.3,134.75,0.7118330692023244
18,175.5,137.0,0.7806267806267806
2,344.55,274.1,0.7955304019735887
10,183.55,149.85,0.8163988014165078
14,128.05,89.0,0.6950409996095275
6,147.0,112.4,0.7646258503401361
8,94.8,77.75,0.8201476793248945
4,110.95,92.1,0.8301036502929248
8,130.95,96.7,0.7384497899961817
16,188.0,141.7,0.7537234042553191
2,234.7,198.3,0.8449083936940776
8,76.85,61.7,0.8028627195836044
8,324.75,245.0,0.7544264819091608
4,94.7,80.8,0.853220696937698
8,129.15,105.65,0.8180410375532327
4,312.0,251.0,0.8044871794871795
10,54.5,42.45,0.7788990825688074
18,161.65,128.0,0.7918342097123415
0,178.45,158.75,0.8896049313533203
6,219.4,183.5,0.8363719234275296
8,76.3,62.2,0.8152031454783748
12,95.35,71.25,0.7472469847928683
10,74.75,58.65,0.7846153846153846
12,119.5,91.95,0.7694560669456066
10,139.2,114.0,0.8189655172413793
12,219.4,166.65,0.7595715587967183
6,305.2,238.2,0.7804718217562254
10,168.05,134.05,0.7976792621243678
10,105.65,83.15,0.7870326549929011
18,224.25,168.75,0.7525083612040134
8,320.8,256.1,0.7983167082294265
14,86.45,62.8,0.7264314632735686
10,137.65,110.85,0.8053033054849256
4,139.4,119.95,0.8604734576757532
8,154.8,126.95,0.8200904392764858
12,182.75,136.35,0.7461012311901505
16,252.7,191.65,0.7584091808468539
14,176.55,147.0,0.832625318606627
6,167.5,131.15,0.7829850746268656
4,176.75,143.65,0.8127298444130128
10,120.8,91.9,0.7607615894039735
8,116.3,93.6,0.8048151332760103
8,224.9,179.2,0.7967985771453979
2,208.05,184.4,0.8863254025474645
12,247.9,185.9,0.7498991528842275
12,123.1,87.95,0.7144597887896019
16,211.15,168.15,0.7963533033388587
4,217.2,174.2,0.8020257826887661
4,188.15,160.9,0.8551687483390912
18,36.45,23.15,0.635116598079561
12,192.35,141.45,0.7353782167923056
22,171.6,122.05,0.7112470862470862
16,143.4,100.2,0.698744769874477
16,153.0,115.6,0.7555555555555555
14,94.2,71.15,0.755307855626327
10,80.5,65.05,0.8080745341614907
2,108.35,94.65,0.8735579141670512
6,153.2,113.5,0.7408616187989556
10,236.15,177.85,0.7531230150328181
12,140.05,108.15,0.7722242056408426
10,220.15,174.6,0.7930956166250284
10,131.75,108.95,0.8269449715370019
12,171.05,123.7,0.7231803566208711
10,220.05,178.7,0.8120881617814133
14,102.0,76.6,0.7509803921568627
12,74.25,52.05,0.701010101010101
6,218.05,168.0,0.7704654895666132
14,159.1,121.45,0.7633563796354494
6,334.1,269.4,0.8063454055671955
10,168.05,143.2,0.8521273430526629
0,228.1,185.8,0.8145550197281894
12,122.95,100.4,0.8165921106140708
14,103.0,80.6,0.7825242718446602
10,174.0,129.4,0.7436781609195402
8,101.45,78.7,0.775751601774273
10,147.0,112.1,0.7625850340136054
18,166.55,111.6,0.6700690483338337
12,161.25,130.4,0.8086821705426357
20,121.8,90.05,0.7393267651888341
16,153.55,110.0,0.7163790296320417
12,94.8,69.9,0.7373417721518988
8,169.75,131.0,0.7717231222385862
14,89.9,73.0,0.8120133481646273
8,108.35,81.9,0.755883710198431
12,103.25,77.95,0.7549636803874092
12,98.1,73.65,0.7507645259938838
4,113.75,93.45,0.8215384615384616
6,115.05,96.05,0.8348544111255976
16,128.45,93.35,0.7267419229272091
8,146.3,125.8,0.859876965140123
4,150.8,128.95,0.855106100795756
10,226.4,179.0,0.7906360424028268
14,233.2,185.8,0.7967409948542024
10,134.35,95.4,0.7100855973204317
10,96.05,71.1,0.7402394586153045
8,184.1,157.65,0.856328082563824
6,66.25,53.9,0.8135849056603773
8,219.2,167.15,0.7625456204379562
10,162.15,123.3,0.7604070305272895
4,130.65,110.5,0.845771144278607
8,85.45,60.95,0.7132826214160327
20,324.7,224.4,0.6910994764397905
10,249.0,182.1,0.7313253012048193
4,390.8,309.55,0.792093142272262
16,241.3,181.45,0.7519685039370079
6,105.45,85.2,0.8079658605974396
2,313.85,268.5,0.8555042217619883
10,99.95,80.3,0.8034017008504252
12,129.7,96.9,0.7471087124132614
4,219.4,175.25,0.7987693710118505
18,208.15,155.8,0.7484986788373769
2,145.3,120.7,0.8306951135581555
2,129.7,111.5,0.8596761757902853
4,90.25,74.05,0.8204986149584488
8,169.9,136.35,0.8025309005297233
8,274.2,213.05,0.7769876002917578
8,242.3,196.5,0.8109781262897234
12,174.4,135.85,0.7789564220183486
6,241.4,209.3,0.8670256835128417
8,195.1,159.1,0.8154792414146591
10,200.15,168.45,0.841618785910567
10,401.55,305.8,0.7615489976341676
8,139.45,103.55,0.7425600573682324
6,282.95,232.15,0.820462979324969
14,132.45,108.75,0.8210645526613817
6,131.95,99.8,0.7563471011746874
20,154.1,112.85,0.7323166774821545
14,78.15,52.3,0.6692258477287268
6,183.1,144.7,0.7902785363189514
14,100.25,70.95,0.7077306733167082
6,103.75,87.55,0.843855421686747
6,158.95,131.1,0.8247876690783266
12,93.3,80.85,0.8665594855305466
14,66.2,47.45,0.7167673716012085
10,218.55,188.05,0.860443834362846
4,269.95,221.3,0.819781441007594
12,98.9,75.5,0.7633973710819009
8,156.25,126.2,0.80768
6,171.75,132.2,0.7697234352256186
6,157.65,135.95,0.8623533143038377
8,256.75,210.5,0.8198636806231743
10,128.75,100.7,0.7821359223300971
4,190.9,151.85,0.7954426401257203
2,122.75,105.3,0.8578411405295315
8,110.8,85.2,0.7689530685920578
6,139.2,113.1,0.8125
10,42.7,33.75,0.7903981264637002
10,120.5,100.8,0.8365145228215768
4,142.65,118.55,0.8310550297932001
4,105.75,85.2,0.8056737588652483
8,180.95,153.1,0.8460900801326333
16,107.6,81.85,0.7606877323420075
12,146.55,115.0,0.7847151142954623
12,309.2,241.35,0.7805627425614489
12,225.0,182.75,0.8122222222222222
6,132.9,100.85,0.7588412340105343
6,124.45,105.3,0.8461229409401366
10,105.5,84.15,0.7976303317535545
4,158.8,128.85,0.8113979848866498
2,215.0,163.75,0.7616279069767442
14,186.15,137.5,0.7386516250335751
12,240.5,181.0,0.7525987525987526
12,194.75,149.95,0.7699614890885751
14,97.15,77.25,0.7951621204323212
12,203.4,151.3,0.7438544739429696
14,65.5,46.8,0.7145038167938931
10,99.5,83.8,0.842211055276382
8,170.75,129.8,0.7601756954612006
8,155.15,119.55,0.7705446342249436
10,89.1,73.5,0.8249158249158249
6,170.1,120.9,0.7107583774250441
4,144.75,112.1,0.7744386873920552
6,186.25,153.0,0.8214765100671141
16,166.65,119.0,0.714071407140714
2,200.45,167.7,0.8366176103766525
8,179.45,149.0,0.8303148509334076
10,151.9,126.05,0.8298222514812377
14,160.45,127.05,0.7918354627609847
4,246.8,193.3,0.7832252836304701
10,109.65,93.15,0.8495212038303693
2,256.7,202.55,0.7890533696922477
12,131.95,105.15,0.7968927624100038
12,119.95,78.55,0.6548561900791997
6,142.65,116.5,0.8166841920785138
6,242.75,190.95,0.7866117404737384
6,183.55,147.2,0.8019613184418415
8,87.05,67.9,0.7800114876507754
4,239.3,202.8,0.8474717927287924
12,141.6,117.25,0.8280367231638418
6,136.25,111.2,0.8161467889908257
4,268.3,231.6,0.8632128214685054
10,209.85,152.4,0.7262330235882773
10,64.8,53.15,0.8202160493827161
6,256.1,196.65,0.7678641155798516
10,244.4,180.3,0.7377250409165302
6,166.7,131.15,0.786742651469706
10,101.05,77.95,0.7714002968827314
4,110.35,93.15,0.8441323062981423
10,174.3,126.7,0.7269076305220884
8,173.75,146.15,0.8411510791366906
2,122.7,102.8,0.8378158109209454
10,187.75,159.85,0.8513981358189081
14,91.8,71.85,0.7826797385620915
14,184.0,136.25,0.7404891304347826
8,114.4,84.75,0.7408216783216783
6,208.0,158.2,0.760576923076923
16,173.4,126.5,0.7295271049596309
6,229.05,197.6,0.8626937349923598
12,181.0,146.4,0.8088397790055248
8,162.65,125.75,0.7731324930833077
10,256.65,199.0,0.7753750243522307
10,195.15,146.4,0.7501921598770177
10,289.75,223.1,0.7699741156169111
12,137.15,112.05,0.8169886985052862
12,152.45,115.2,0.755657592653329
10,183.9,143.7,0.7814029363784666
2,160.6,134.0,0.8343711083437111
20,147.9,103.75,0.7014874915483434
12,240.35,183.65,0.7640940295402538
14,130.1,97.95,0.7528823981552651
6,64.85,56.3,0.8681572860447185
12,187.85,148.45,0.7902581847218525
4,253.4,206.95,0.8166929755327546
14,53.4,41.55,0.7780898876404494
2,180.05,154.5,0.8580949736184393
10,166.55,125.85,0.7556289402581807
10,231.7,187.95,0.8111782477341389
8,214.2,178.35,0.8326330532212886
12,161.7,132.15,0.8172541743970315
6,98.65,72.45,0.7344145970603142
12,159.0,122.0,0.7672955974842768
4,216.65,182.6,0.8428340641587815
8,169.65,133.7,0.7880931329207191
4,163.6,142.15,0.8688875305623472
6,78.6,60.6,0.7709923664122137
10,315.9,232.8,0.7369420702754036
8,228.75,195.6,0.8550819672131148
6,108.3,85.1,0.7857802400738689
14,80.75,60.05,0.7436532507739938
12,220.4,171.35,0.7774500907441017
10,129.1,105.95,0.8206816421378776
16,121.15,83.2,0.6867519603796945
4,119.95,104.05,0.8674447686536056
10,152.5,116.8,0.7659016393442623
4,253.55,207.4,0.8179846184184579
20,280.55,192.65,0.6866868650864374
8,149.65,108.9,0.727697961911126
10,52.75,41.4,0.7848341232227488
8,171.8,138.15,0.8041327124563445
10,131.15,109.05,0.8314906595501335
8,217.05,162.15,0.7470628887353145
8,177.15,154.6,0.872706745695738
6,164.8,137.75,0.8358616504854369
12,163.9,132.85,0.810555216595485
6,174.95,157.35,0.8993998285224349
18,144.9,106.9,0.7377501725327812
18,94.75,66.0,0.6965699208443272
12,177.9,142.7,0.8021360314783587
6,234.3,186.4,0.7955612462654716
10,59.1,49.2,0.8324873096446701
14,241.0,191.25,0.7935684647302904
12,110.05,94.9,0.862335302135393
10,125.55,101.4,0.8076463560334528
10,164.55,142.5,0.8659981768459435
10,112.2,91.3,0.8137254901960784
4,224.55,177.35,0.7898018258739702
16,98.55,71.55,0.726027397260274
8,130.3,108.95,0.8361473522640062
20,128.2,85.8,0.6692667706708268
6,153.45,123.3,0.8035190615835777
10,89.15,66.65,0.7476163768928772
2,246.65,214.45,0.8694506385566593
14,98.85,80.9,0.8184117349519474
6,109.0,89.2,0.818348623853211
8,93.65,72.85,0.7778964228510411
8,113.25,95.9,0.8467991169977925
8,47.15,36.35,0.7709437963944857
10,125.05,106.35,0.8504598160735706
6,50.0,40.0,0.8
8,153.7,116.65,0.7589459986987638
10,98.05,78.95,0.8052014278429372
2,104.85,93.05,0.8874582737243681
12,190.15,140.75,0.7402051012358665
16,157.15,125.15,0.7963728921412663
10,143.95,115.6,0.8030566168808614
12,212.05,159.85,0.7538316434803113
6,188.85,163.3,0.8647074397670108
6,132.85,98.45,0.741061347384268
10,101.95,84.85,0.832270720941638
10,149.95,122.85,0.8192730910303434
4,88.15,76.15,0.8638684061259218
6,276.35,232.2,0.8402388275737289
8,104.5,80.8,0.7732057416267942
4,231.6,195.65,0.8447754749568221
10,136.45,107.6,0.7885672407475266
10,113.3,96.1,0.8481906443071492
16,35.5,29.25,0.823943661971831
10,109.5,84.05,0.7675799086757991
8,141.25,110.85,0.7847787610619469
10,132.85,112.6,0.8475724501317276
6,141.6,120.7,0.8524011299435028
10,126.65,95.55,0.7544413738649822
6,88.45,74.2,0.8388920293951385
14,276.15,211.4,0.7655259822560203
16,114.65,83.05,0.7243785433929351
6,151.35,125.85,0.8315163528245788
14,159.15,130.25,0.8184103047439523
10,226.85,162.55,0.716552788186026
2,121.85,106.75,0.8760771440295445
10,79.3,65.6,0.8272383354350568
10,158.05,129.5,0.8193609617209744
14,133.0,102.65,0.7718045112781955
8,142.75,113.85,0.7975481611208406
4,205.8,159.4,0.7745383867832848
4,162.65,123.7,0.760528742699047
6,243.35,195.15,0.801931374563386
18,162.85,120.25,0.7384095793675162
12,140.55,112.4,0.7997154037709
8,154.0,126.9,0.824025974025974
10,68.15,43.05,0.6316947909024211
22,176.3,113.1,0.6415201361315939
16,66.5,44.85,0.674436090225564
12,191.3,142.55,0.7451646628332462
4,93.35,77.15,0.8264595607927155
8,149.5,113.9,0.7618729096989967
12,252.3,190.0,0.7530717399920729
2,275.3,213.35,0.774972756992372
16,163.8,121.75,0.7432844932844933
18,75.05,54.4,0.7248500999333778
12,255.15,197.35,0.7734665882814031
8,87.65,70.65,0.8060467769537935
18,201.2,146.75,0.7293737574552683
8,184.8,149.4,0.8084415584415584
2,160.05,146.15,0.9131521399562637
10,256.4,208.65,0.8137675507020281
10,169.35,125.45,0.7407735459108356
4,144.15,117.35,0.8140825528962886
6,234.85,187.45,0.7981690440706835
8,124.75,107.5,0.8617234468937875
10,172.7,134.4,0.7782281412854661
12,124.8,100.4,0.8044871794871795
4,130.1,116.25,0.893543428132206
10,82.75,62.85,0.7595166163141994
12,128.95,88.6,0.6870880186118651
2,144.7,122.65,0.8476157567380788
6,252.0,200.6,0.796031746031746
12,102.55,85.35,0.8322769380789858
6,111.55,95.1,0.8525324966382788
8,53.2,41.45,0.7791353383458647
14,180.55,130.9,0.7250069232899474
12,354.55,278.45,0.7853617261317163
2,83.55,68.2,0.8162776780371035
8,85.6,66.85,0.7809579439252337
12,206.5,165.15,0.7997578692493946
22,63.05,36.85,0.584456780333069
6,185.0,159.3,0.8610810810810811
8,166.85,127.75,0.7656577764459095
6,169.9,137.55,0.8095938787522072
12,150.0,106.45,0.7096666666666667
12,148.0,119.95,0.8104729729729729
10,183.85,136.95,0.7449007342942616
8,204.05,159.05,0.7794658172016663
6,124.3,105.5,0.8487530168946098
8,59.15,40.4,0.6830092983939138
16,108.8,82.0,0.7536764705882353
12,227.85,172.2,0.7557603686635944
8,178.55,136.0,0.7616914029683562
10,232.75,184.85,0.7941997851772288
14,263.05,190.3,0.723436609009694
16,131.15,87.65,0.6683187190240183
8,269.7,192.1,0.7122728958101594
14,121.55,90.65,0.7457836281365693
10,116.45,95.2,0.8175182481751825
12,41.55,32.35,0.7785800240673887
4,116.5,87.05,0.7472103004291846
14,175.2,132.6,0.7568493150684932
10,109.65,91.85,0.8376652986776105
14,226.35,157.1,0.6940578749723879
10,167.65,141.8,0.8458097226364449
8,133.95,107.95,0.8058977230309817
14,196.1,152.35,0.7768995410504844
8,184.0,147.7,0.8027173913043478
14,129.45,91.45,0.7064503669370413
12,159.3,113.4,0.711864406779661
14,256.35,181.7,0.7087965671932904
6,177.0,143.3,0.8096045197740113
8,209.7,174.3,0.8311874105865522
12,42.0,32.05,0.763095238095238
14,103.5,74.55,0.7202898550724638
12,87.9,64.25,0.7309442548350398
6,129.0,107.25,0.8313953488372093
4,63.3,55.6,0.8783570300157978
12,206.55,151.2,0.7320261437908496
6,146.65,122.9,0.8380497783839073
4,143.05,116.05,0.8112548060118839
12,158.7,130.05,0.8194706994328923
20,77.15,54.05,0.7005832793259883
14,172.45,129.95,0.7535517541316323
8,152.25,132.7,0.8715927750410509
10,143.4,126.25,0.8804044630404463
10,122.55,96.05,0.7837617299061608
8,72.7,58.25,0.8012379642365888
12,133.2,109.85,0.8246996996996997
2,262.15,219.75,0.8382605378600038
8,108.9,91.45,0.839761248852158
12,150.1,118.55,0.7898067954696869
6,182.4,149.1,0.8174342105263158
10,266.9,210.8,0.7898089171974523
8,216.4,175.1,0.8091497227356746
16,169.65,134.8,0.7945770704391394
4,33.35,26.3,0.7886056971514243
8,181.05,144.9,0.8003314001657
12,120.75,90.35,0.74824016563147
2,179.65,157.75,0.8780962983579181
12,59.6,43.2,0.7248322147651006
4,231.8,196.85,0.8492234685073339
8,204.1,170.25,0.8341499265066145
10,149.65,118.65,0.7928499832943535
8,179.55,147.65,0.822333611807296
18,186.75,149.55,0.8008032128514057
20,148.7,110.7,0.7444519166106254
8,190.6,157.35,0.8255508919202519
14,218.5,160.9,0.7363844393592678
6,209.6,175.75,0.8385019083969466
4,306.35,235.6,0.7690550024481801
8,152.75,110.25,0.7217675941080196
14,171.45,121.45,0.7083697871099446
6,147.2,120.7,0.8199728260869565
6,147.65,112.4,0.7612597358618354
12,243.75,183.45,0.7526153846153846
6,236.95,180.75,0.7628191601603714
4,151.0,123.7,0.819205298013245
10,120.5,103.05,0.8551867219917012
10,138.3,102.5,0.7411424439624006
6,154.55,130.9,0.8469750889679716
2,222.4,186.75,0.8397032374100719
8,194.4,161.9,0.8328189300411523
16,90.6,75.1,0.8289183222958058
12,134.1,107.4,0.8008948545861297
12,157.7,124.9,0.7920101458465441
6,258.0,196.25,0.7606589147286822
10,188.2,144.4,0.767268862911796
8,201.2,171.25,0.8511431411530815
12,114.35,87.4,0.7643200699606472
10,232.9,186.3,0.7999141262344354
22,83.85,49.1,0.5855694692903995
12,102.3,85.45,0.8352883675464321
8,168.9,138.4,0.8194197750148017
14,216.85,172.25,0.7943278764122665
10,61.65,51.6,0.8369829683698297
8,55.9,42.8,0.7656529516994633
8,68.25,52.1,0.7633699633699633
6,191.55,160.5,0.8379013312451057
8,86.45,65.55,0.7582417582417582
8,222.4,185.9,0.8358812949640287
8,218.2,176.35,0.8082034830430798
8,140.85,112.45,0.7983670571529996
12,221.4,177.7,0.8026196928635954
8,119.2,97.5,0.8179530201342282
4,115.45,96.7,0.83759203118233
2,149.6,129.6,0.8663101604278075
6,229.8,175.95,0.7656657963446475
6,177.85,143.2,0.8051728985099803
16,102.1,68.4,0.6699314397649363
12,247.0,193.4,0.7829959514170041
12,108.3,90.6,0.8365650969529086
10,252.65,187.7,0.7429249950524441
8,70.85,53.85,0.7600564573041637
6,169.3,141.4,0.835203780271707
6,187.4,156.1,0.8329775880469584
2,30.05,23.1,0.7687188019966722
8,103.55,74.35,0.718010622887494
8,156.45,121.9,0.7791626717801214
2,215.15,181.6,0.8440622821287473
16,129.65,99.75,0.7693790975703818
4,281.0,222.5,0.791814946619217
2,142.65,110.0,0.77111812127585
20,140.05,102.35,0.7308104248482685
4,204.2,184.2,0.9020568070519099
6,111.0,81.7,0.7360360360360361
14,76.05,59.25,0.7790927021696252
4,277.35,244.1,0.8801153776816297
10,301.6,239.5,0.7940981432360743
18,108.7,82.0,0.7543698252069917
14,142.45,96.8,0.6795366795366795
8,300.3,246.3,0.8201798201798202
6,177.3,152.75,0.8615341229554427
4,155.15,110.1,0.7096358362874637
4,148.6,113.25,0.7621130551816958
6,138.45,106.4,0.7685084868183459
10,143.9,104.45,0.7258512856150104
6,270.2,209.05,0.7736861584011843
12,105.65,83.9,0.7941315664931378
8,215.25,175.15,0.8137049941927991
12,134.65,114.25,0.8484961010025993
6,203.5,160.85,0.7904176904176904
6,201.55,168.25,0.8347804515008683
4,145.4,120.45,0.828404401650619
14,272.9,209.0,0.7658482960791498
8,181.65,146.2,0.8048444811450591
8,244.05,202.15,0.8283138701085843
12,202.6,160.2,0.790720631786772
16,277.45,214.0,0.7713101459722472
4,190.15,162.8,0.8561661845911123
8,166.75,137.2,0.8227886056971514
2,215.35,194.2,0.9017877873229626
4,332.05,261.7,0.7881343171209155
14,250.9,201.65,0.8037066560382623
0,172.0,139.9,0.8133720930232559
16,198.75,162.35,0.8168553459119496
12,113.85,87.05,0.7646025472112429
4,86.4,75.95,0.8790509259259259
4,93.85,74.95,0.798614810868407
14,284.35,223.9,0.787409882187445
8,145.4,113.8,0.782668500687758
8,40.95,27.5,0.6715506715506715
6,121.3,100.05,0.8248145094806265
12,170.2,130.1,0.7643948296122209
14,186.4,137.35,0.7368562231759657
10,198.3,150.25,0.7576903681290973
10,116.4,90.5,0.7774914089347079
6,126.45,108.8,0.8604191379992092
12,93.85,62.9,0.6702184336707512
4,208.6,150.35,0.7207574304889741
4,83.8,70.1,0.8365155131264916
10,100.1,81.55,0.8146853146853147
8,274.75,206.35,0.7510464058234759
12,319.3,244.2,0.7647979956154087
12,98.45,77.15,0.7836465210766886
4,242.9,198.65,0.8178262659530671
10,81.2,60.9,0.75
12,152.35,104.4,0.6852641942894651
14,94.1,68.55,0.7284803400637619
14,102.85,82.65,0.8035974720466699
10,189.9,142.5,0.7503949447077409
12,113.3,89.8,0.7925860547219771
2,158.05,129.55,0.8196773173046504
14,136.0,108.7,0.799264705882353
4,200.6,158.9,0.792123629112662
8,141.95,112.55,0.7928848185980979
4,185.75,145.65,0.7841184387617766
4,207.85,157.7,0.758720230935771
10,60.3,49.7,0.824212271973466
8,104.65,87.2,0.8332537028189202
10,98.45,82.3,0.8359573387506348
10,186.6,146.9,0.7872454448017149
8,229.5,177.6,0.7738562091503268
6,134.0,105.2,0.7850746268656716
10,253.55,182.4,0.7193847367383159
16,185.7,136.4,0.7345180398492192
14,230.05,183.7,0.7985220604216474
12,82.3,69.35,0.8426488456865128
10,236.7,184.6,0.7798901563160119
4,110.95,86.75,0.7818837314105452
10,132.15,103.25,0.781309118426031
10,89.0,70.85,0.7960674157303371
12,313.8,228.9,0.7294455066921606
16,244.8,170.35,0.6958741830065359
10,206.05,161.6,0.7842756612472701
12,165.3,133.55,0.8079249848759831
10,118.45,92.55,0.7813423385394681
8,260.25,193.95,0.7452449567723343
10,96.6,80.5,0.8333333333333334
6,120.85,98.6,0.8158874637980968
10,246.85,192.8,0.7810411180879077
14,117.4,91.6,0.7802385008517888
6,244.95,201.75,0.8236374770361298
10,83.35,72.55,0.8704259148170366
14,182.35,137.8,0.7556896078969015
12,74.05,55.8,0.7535449020931803
10,82.35,62.65,0.7607771706132362
14,270.35,213.3,0.7889772517107453
12,208.95,163.6,0.7829624312036373
8,177.05,146.25,0.8260378424173962
8,117.25,92.1,0.785501066098081
14,99.05,75.1,0.7582029278142353
8,71.65,58.35,0.8143754361479414
14,243.2,195.95,0.8057154605263158
8,67.75,56.05,0.8273062730627306
4,178.65,143.95,0.8057654631961937
8,162.95,132.6,0.8137465480208653
6,97.05,73.7,0.7594023699124163
10,67.05,51.45,0.767337807606264
6,198.2,162.1,0.8178607467204844
2,281.3,238.15,0.8466050479914682
8,185.55,147.95,0.7973592023713285
14,206.05,148.95,0.7228827954380005
12,93.35,76.7,0.8216389930369576
12,100.6,82.4,0.8190854870775348
8,115.95,98.35,0.8482104355325571
10,340.6,238.95,0.7015560775102759
12,212.95,162.65,0.7637943179150035
10,142.25,119.55,0.8404217926186291
10,135.15,113.35,0.8386977432482426
10,171.3,138.95,0.811150029188558
8,134.05,110.7,0.8258112644535621
14,142.15,111.6,0.7850861765740414
14,291.9,218.2,0.7475162726961289
10,123.85,98.05,0.791683488090432
8,182.4,141.85,0.7776864035087719
6,163.2,122.1,0.7481617647058824
16,201.0,155.3,0.772636815920398
6,186.4,156.85,0.841469957081545
4,179.05,148.6,0.8299357721306897
12,150.2,117.0,0.7789613848202397
6,132.05,115.3,0.8731541082923135
8,133.9,110.4,0.8244958924570575
14,245.7,185.2,0.7537647537647537
10,222.95,171.8,0.7705763624130971
10,59.5,51.0,0.8571428571428571
14,117.0,89.75,0.7670940170940171
4,99.65,79.9,0.8018063221274461
6,248.55,195.4,0.7861597264131965
2,340.35,284.3,0.8353165858674894
10,155.45,125.2,0.8054036667738823
12,158.3,122.9,0.7763739734680986
16,222.8,162.15,0.7277827648114902
14,190.9,142.1,0.7443687794656888
14,108.55,77.6,0.7148779364348227
10,36.35,26.8,0.7372764786795049
6,120.85,92.85,0.7683078196110881
8,121.0,94.55,0.781404958677686
10,126.15,102.95,0.8160919540229885
2,171.25,142.4,0.8315328467153285
10,103.8,89.7,0.8641618497109826
6,155.3,127.05,0.81809401159047
10,194.95,153.15,0.7855860477045397
14,207.55,168.85,0.8135389062876416
12,100.3,79.75,0.7951146560319042
14,112.85,87.55,0.7758085954807267
16,102.1,75.9,0.7433888344760039
8,153.9,117.8,0.7654320987654321
6,157.5,124.75,0.792063492063492
12,117.3,92.6,0.7894288150042625
14,182.35,142.65,0.782286811077598
8,178.75,136.4,0.7630769230769231
8,142.45,102.55,0.7199017199017199
6,127.45,95.85,0.7520596312279325
16,97.5,74.8,0.7671794871794871
14,73.6,56.05,0.7615489130434783
4,209.15,188.15,0.8995935931149892
16,86.05,57.95,0.673445671121441
8,137.05,106.75,0.7789128055454214
6,232.95,197.15,0.8463189525649281
12,211.25,171.45,0.8115976331360947
4,146.5,126.75,0.8651877133105802
2,265.1,225.7,0.8513768389287062
8,116.9,87.5,0.7485029940119761
18,42.85,26.0,0.6067677946324388
12,171.4,142.7,0.8325554259043174
4,97.0,72.5,0.7474226804123711
16,239.8,161.95,0.6753544620517098
6,136.75,107.8,0.7882998171846435
10,94.4,66.6,0.7055084745762712
12,112.55,93.55,0.8311861394935585
14,167.35,123.9,0.7403645055273379
8,187.05,147.8,0.7901630580058808
12,53.85,39.75,0.7381615598885793
4,240.3,204.15,0.8495630461922596
14,81.05,63.9,0.7884022208513264
8,176.4,143.4,0.8129251700680272
8,126.8,107.65,0.8489747634069401
8,198.45,161.3,0.8127991937515747
16,171.15,121.85,0.7119485831142273
12,92.3,68.25,0.7394366197183099
8,173.0,137.55,0.7950867052023122
14,169.85,132.9,0.782455107447748
8,340.5,269.25,0.7907488986784141
4,116.45,96.85,0.8316874194933448
8,96.65,75.5,0.7811691670977755
12,148.7,122.55,0.824142568930733
6,207.2,174.95,0.8443532818532818
10,162.0,137.1,0.8462962962962963
8,167.6,136.55,0.8147374701670644
12,141.3,106.7,0.7551309271054494
10,189.15,161.05,0.8514406555643669
8,314.4,246.65,0.7845101781170484
12,105.1,72.45,0.6893434823977165
18,110.65,85.4,0.771802982376864
14,200.0,148.1,0.7405
4,160.3,134.0,0.8359326263256395
10,173.75,129.5,0.7453237410071942
10,194.7,158.3,0.8130457113507961
6,190.3,154.65,0.8126642143983185
8,87.0,72.8,0.8367816091954023
4,251.15,219.35,0.8733824407724468
8,216.2,167.05,0.7726641998149861
12,113.4,91.2,0.8042328042328042
8,165.4,141.8,0.8573155985489722
10,158.9,122.75,0.7724984266834487
8,149.6,116.9,0.7814171122994652
10,121.95,92.0,0.7544075440754408
16,159.75,116.7,0.7305164319248826
4,229.85,175.4,0.7631063737219926
16,210.05,162.2,0.7721970959295406
16,146.7,109.4,0.7457396046353102
4,121.8,103.9,0.8530377668308703
2,186.2,157.6,0.8464017185821697
12,98.45,79.7,0.8095479939055358
2,161.05,129.55,0.8044085687674635
4,218.45,176.0,0.8056763561455711
10,163.4,135.6,0.8298653610771114
2,171.85,153.65,0.8940936863543788
6,193.55,152.2,0.7863601136657195
6,226.55,176.05,0.7770911498565438
14,256.85,205.75,0.8010511971968075
10,140.45,108.0,0.7689569241723033
12,94.8,71.6,0.7552742616033755
8,121.65,102.35,0.8413481298808055
4,156.75,135.25,0.8628389154704944
22,149.25,106.25,0.711892797319933
6,271.8,212.35,0.7812729948491538
8,308.95,228.4,0.7392782003560446
4,159.4,137.65,0.8635508155583438
8,89.6,66.45,0.7416294642857143
4,62.05,48.1,0.7751813053988719
14,207.2,160.15,0.7729247104247104
14,95.95,70.3,0.7326732673267327
8,215.15,174.5,0.8110620497327446
4,84.55,71.5,0.8456534594914252
8,120.35,95.05,0.7897798088907354
8,174.65,134.5,0.7701116518751789
2,167.85,145.5,0.8668453976764968
10,228.1,181.8,0.7970188513809733
8,160.95,129.75,0.8061509785647717
14,83.7,64.9,0.7753882915173238
8,245.2,199.25,0.8126019575856444
14,108.4,75.7,0.698339483394834
2,177.25,159.3,0.8987306064880113
4,174.6,138.95,0.7958190148911798
6,216.75,188.65,0.8703575547866206
8,237.9,194.75,0.8186212694409416
4,231.8,187.8,0.8101811906816221
16,138.2,99.7,0.7214182344428365
18,181.3,139.05,0.7669608383894099
10,89.25,71.2,0.7977591036414566
4,182.05,148.65,0.8165339192529525
6,260.25,204.75,0.7867435158501441
10,85.95,64.9,0.7550901687027342
4,232.0,183.45,0.7907327586206897
10,124.3,96.05,0.7727272727272727
12,131.95,110.2,0.8351648351648352
8,139.45,113.3,0.8124775905342416
8,99.05,83.3,0.8409893992932862
6,203.0,153.3,0.7551724137931034
14,195.35,157.0,0.8036856923470693
10,143.05,117.7,0.8227892345333799
10,147.9,119.6,0.8086544962812712
10,139.5,107.85,0.7731182795698924
10,282.95,224.55,0.793603110090122
8,161.05,127.35,0.7907482148401118
4,196.35,151.7,0.7725999490705373
20,77.25,53.1,0.6873786407766991
12,75.15,53.05,0.7059214903526281
4,200.5,159.0,0.7930174563591023
14,179.85,130.2,0.7239366138448707
6,124.6,104.1,0.8354735152487961
14,151.85,114.65,0.7550214027000329
6,123.85,109.65,0.8853451756156641
10,230.65,174.4,0.756123997398656
4,156.25,126.15,0.80736
10,117.55,93.3,0.7937048064653339
4,308.15,251.95,0.8176212883336038
6,56.7,48.55,0.8562610229276896
8,191.3,166.55,0.8706220595922635
8,250.3,188.8,0.7542948461845785
14,250.7,180.45,0.7197846031112884
4,131.3,106.55,0.8115003808073115
10,50.95,38.45,0.7546614327772326
8,157.7,130.6,0.8281547241597971
18,276.0,208.8,0.7565217391304347
12,114.1,95.5,0.8369851007887817
4,261.4,232.0,0.8875286916602907
10,37.9,29.2,0.7704485488126649
10,192.0,149.25,0.77734375
18,159.9,125.2,0.782989368355222
12,58.55,44.8,0.7651579846285226
10,143.5,111.15,0.7745644599303136
6,108.8,83.65,0.7688419117647058
8,83.35,66.7,0.8002399520095981
12,170.0,139.9,0.8229411764705883
8,134.6,108.2,0.8038632986627043
4,150.5,131.55,0.8740863787375416
6,86.05,67.5,0.7844276583381755
12,130.25,100.0,0.7677543186180422
8,71.8,54.45,0.7583565459610028
6,160.0,128.35,0.8021875
16,209.0,160.5,0.7679425837320574
18,220.2,161.75,0.7345594913714805
8,140.25,108.95,0.7768270944741533
8,216.5,170.35,0.7868360277136258
8,97.7,80.65,0.8254861821903787
12,185.15,136.7,0.7383202808533621
14,125.65,96.4,0.7672105053720653
2,129.9,112.05,0.8625866050808314
12,103.95,86.6,0.8330928330928331
10,155.0,125.55,0.81
12,166.85,124.55,0.7464788732394366
14,123.35,100.0,0.8107012565869477
10,151.45,123.65,0.8164410696599538
6,205.05,168.5,0.8217507924896367
12,81.65,62.8,0.7691365584813227
2,235.8,198.8,0.8430873621713316
12,293.75,226.9,0.7724255319148936
6,219.9,184.3,0.8381082310140974
4,204.45,160.95,0.7872340425531915
8,207.85,181.75,0.8744286745248978
6,276.3,207.75,0.751900108577633
12,163.1,118.95,0.7293071735131821
8,48.45,34.7,0.7162022703818369
6,288.65,219.55,0.7606097349731509
14,184.05,142.85,0.776147785927737
10,149.95,112.7,0.7515838612870956
10,118.65,97.25,0.8196375895490939
6,283.7,218.1,0.7687698272823404
14,157.1,133.15,0.8475493316359007
2,162.0,138.35,0.8540123456790123
16,38.75,26.65,0.687741935483871
8,249.8,186.1,0.744995996797438
14,102.2,77.55,0.7588062622309197
12,96.55,78.4,0.8120145002589332
4,210.7,175.45,0.8327005220692928
4,166.7,139.55,0.8371325734853029
6,241.6,206.5,0.8547185430463576
12,129.75,94.1,0.7252408477842004
8,166.35,133.75,0.8040276525398257
16,117.4,79.1,0.6737649063032368
4,180.2,147.35,0.8177025527192009
6,151.35,123.6,0.8166501486620417
4,148.9,116.05,0.7793821356615178
12,179.65,134.2,0.7470080712496521
12,108.5,85.25,0.7857142857142857
4,161.15,135.15,0.8386596338814769
12,43.3,33.7,0.7782909930715936
10,177.65,141.5,0.7965099915564312
12,188.5,136.05,0.7217506631299735
10,137.35,109.45,0.7968693119767019
12,142.45,107.75,0.7564057564057564
14,104.75,84.5,0.8066825775656324
6,141.15,119.15,0.8441374424371236
8,50.45,42.45,0.8414271555996036
10,154.1,118.7,0.7702790395846852
4,92.2,68.15,0.7391540130151844
10,177.2,137.4,0.7753950338600452
8,150.35,119.35,0.7938144329896907
16,290.1,215.75,0.7437090658393657
8,160.45,126.9,0.7909005920847616
10,163.95,128.15,0.7816407441293077
8,156.45,127.8,0.8168744007670182
18,97.25,71.7,0.7372750642673522
6,194.2,149.95,0.7721421215242018
12,153.8,111.45,0.7246423927178154
6,175.2,148.35,0.8467465753424658
8,188.6,145.7,0.7725344644750796
12,219.15,159.0,0.7255304585900069
4,345.75,285.3,0.8251626898047723
6,149.8,122.55,0.818090787716956
2,70.5,61.3,0.8695035460992908
6,98.2,80.35,0.8182281059063137
10,175.8,132.3,0.7525597269624573
8,204.3,172.15,0.8426333822809594
8,165.9,138.3,0.833634719710669
8,279.3,221.3,0.7923379878267096
14,332.55,261.0,0.7848443843031123
4,178.85,136.85,0.7651663405088063
6,108.1,95.4,0.8825161887141536
8,82.75,62.95,0.760725075528701
8,200.2,157.5,0.7867132867132867
4,208.95,166.2,0.7954055994256999
20,255.55,188.45,0.7374290745450988
14,261.35,208.1,0.7962502391429118
6,298.1,236.3,0.7926870177792688
2,265.4,219.2,0.825923134890731
12,109.75,89.65,0.8168564920273349
8,258.0,215.25,0.8343023255813954
12,50.0,37.9,0.758
14,176.15,128.65,0.7303434572807267
8,87.95,71.8,0.816372939169983
10,212.2,161.2,0.7596606974552309
10,65.8,49.0,0.7446808510638298
10,94.95,74.25,0.7819905213270142
20,138.05,98.9,0.7164070988772184
6,135.95,104.0,0.7649871276204487
12,139.0,101.7,0.7316546762589928
4,127.45,98.75,0.7748136524127108
6,195.5,162.45,0.8309462915601024
14,250.7,196.6,0.7842042281611488
16,168.0,123.3,0.7339285714285714
10,139.85,100.25,0.7168394708616375
8,171.25,125.15,0.7308029197080292
10,131.9,111.25,0.8434420015163002
20,68.95,48.3,0.700507614213198
8,90.05,72.5,0.8051082731815657
10,117.3,98.6,0.8405797101449275
12,85.4,68.05,0.7968384074941453
4,182.4,147.85,0.8105811403508771
6,321.75,243.35,0.7563325563325564
16,164.4,123.95,0.7539537712895377
6,152.1,122.7,0.8067061143984221
6,111.05,93.0,0.8374606033318325
8,208.25,159.9,0.7678271308523409
6,184.35,151.85,0.8237049091402224
14,147.15,105.65,0.7179748555895344
22,52.65,32.7,0.6210826210826211
2,273.95,232.15,0.8474174119364848
12,102.85,77.7,0.7554691298006806
14,270.8,195.9,0.7234121122599705
6,297.4,237.2,0.7975790181573639
8,282.8,229.3,0.8108203677510608
12,207.3,158.65,0.7653159671972986
8,191.4,160.4,0.8380355276907001
2,58.7,47.4,0.807495741056218
14,322.55,256.35,0.7947605022477136
16,292.05,212.45,0.7274439308337614
6,173.75,148.85,0.8566906474820144
8,151.7,125.65,0.8282794990112063
6,99.7,87.9,0.8816449348044132
6,123.5,94.3,0.7635627530364373
4,175.3,135.45,0.7726754135767256
10,91.15,77.4,0.8491497531541415
4,247.5,194.1,0.7842424242424243
14,179.25,131.55,0.7338912133891213
4,186.65,163.05,0.8735601392981516
12,109.5,87.9,0.8027397260273973
4,175.7,149.2,0.8491747296528173
10,69.15,54.85,0.7932031814895155
4,147.4,112.2,0.7611940298507462
2,159.95,134.65,0.8418255704907783
8,163.0,122.05,0.7487730061349693
12,90.8,73.2,0.8061674008810573
2,218.4,173.75,0.795558608058608
10,136.7,111.0,0.8119970738844184
12,68.8,48.3,0.7020348837209303
12,31.2,21.55,0.6907051282051282
10,92.45,71.4,0.7723093564088697
2,322.65,256.0,0.7934294126762746
2,355.4,307.6,0.8655036578503095
4,180.5,149.6,0.8288088642659279
8,257.3,201.95,0.7848814613291877
8,65.6,54.4,0.8292682926829268
8,160.15,123.4,0.7705276303465501
10,176.75,137.6,0.7785007072135784
10,142.5,112.1,0.7866666666666666
16,174.15,133.85,0.7685902957220787
6,91.25,75.1,0.823013698630137
14,110.05,86.5,0.7860063607451159
8,110.85,87.95,0.7934145241317095
6,102.95,84.3,0.818844099077222
16,137.1,101.4,0.7396061269146609
2,227.8,188.1,0.8257243195785777
10,90.2,66.45,0.7366962305986696
16,172.25,134.55,0.7811320754716982
12,162.8,130.95,0.8043611793611793
8,91.1,74.8,0.8210757409440176
16,255.8,184.5,0.7212666145426114
10,156.15,124.1,0.7947486391290426
12,64.3,44.05,0.6850699844479005
16,226.85,160.25,0.7064139299096319
10,132.75,105.75,0.7966101694915254
16,78.9,56.0,0.7097591888466414
6,154.2,128.4,0.8326848249027238
6,157.55,121.1,0.7686448746429705
10,239.15,186.75,0.7808906544010036
6,173.35,139.0,0.801845976348428
4,186.2,152.75,0.8203544575725027
12,91.4,74.35,0.813457330415755
12,238.65,183.35,0.7682799078147915
10,100.3,67.4,0.6719840478564307
10,129.05,100.1,0.7756683456024797
10,121.95,96.85,0.7941779417794178
8,127.05,106.25,0.8362849271940181
12,240.95,186.85,0.7754720896451546
14,193.9,135.15,0.6970087674058794
18,143.4,101.75,0.7095536959553695
6,267.8,227.35,0.8489544436146378
14,217.15,151.5,0.6976744186046512
12,193.65,151.8,0.7838884585592564
8,226.95,183.4,0.8081075126679885
2,117.75,97.5,0.8280254777070064
14,55.75,35.7,0.6403587443946188
12,250.2,184.55,0.7376099120703438
6,317.4,266.2,0.8386893509766856
14,140.55,114.6,0.8153681963713981
12,144.2,112.6,0.7808599167822469
16,185.75,140.2,0.7547779273216689
8,226.95,189.35,0.8343247411324081
4,151.0,130.15,0.8619205298013245
6,159.1,122.85,0.7721558768070396
8,149.35,122.25,0.8185470371610312
10,220.1,172.65,0.7844161744661517
10,106.1,80.8,0.7615457115928369
10,69.2,52.25,0.755057803468208
6,177.6,150.55,0.8476914414414415
12,145.6,111.8,0.7678571428571429
12,175.2,135.6,0.773972602739726
10,75.7,56.75,0.749669749009247
8,132.4,106.65,0.8055135951661632
12,227.95,176.95,0.7762667251590261
6,113.2,90.0,0.7950530035335689
10,163.15,135.95,0.8332822555930126
8,136.05,109.6,0.8055861815509004
14,182.7,143.0,0.782703886152162
8,279.4,222.65,0.7968861846814602
8,169.3,140.45,0.8295924394565859
2,107.0,93.55,0.8742990654205608
10,75.95,54.1,0.7123107307439105
18,178.75,119.55,0.6688111888111888
6,293.6,247.1,0.8416212534059946
16,151.6,110.35,0.7279023746701847
8,204.75,163.65,0.7992673992673993
16,186.1,138.2,0.7426114991939817
2,81.4,71.65,0.8802211302211302
6,218.1,178.3,0.8175149014213663
14,153.95,112.65,0.731731081519974
10,266.3,208.9,0.7844536237326324
16,61.6,55.75,0.9050324675324676
6,180.15,146.85,0.8151540383014155
12,117.9,95.3,0.8083121289228159
20,159.85,117.7,0.7363152955896153
18,216.5,157.2,0.7260969976905312
12,176.5,127.6,0.7229461756373937
4,186.1,161.05,0.8653949489521763
12,153.8,122.8,0.7984395318595578
12,144.6,120.85,0.8357538035961273
8,194.0,151.75,0.7822164948453608
4,194.4,159.25,0.8191872427983539
12,243.7,188.0,0.7714402954452195
12,128.45,104.0,0.8096535616971584
12,100.35,77.2,0.7693074240159442
14,107.0,80.85,0.755607476635514
2,149.8,128.15,0.8554739652870494
4,101.4,76.9,0.7583826429980276
10,219.25,169.2,0.7717217787913341
12,166.15,117.5,0.7071922961179657
10,236.45,182.4,0.7714104461831254
10,118.25,79.15,0.6693446088794927
8,171.2,133.25,0.7783294392523364
16,93.1,60.9,0.6541353383458647
4,151.6,118.55,0.7819920844327177
6,162.85,126.0,0.7737181455326988
2,235.15,204.45,0.869445035083989
0,179.1,154.75,0.8640424343941931
10,126.9,85.25,0.6717888100866825
6,174.0,141.65,0.8140804597701149
6,65.0,53.4,0.8215384615384616
14,265.65,193.0,0.7265198569546396
10,144.6,113.9,0.7876901798063624
6,237.35,198.4,0.8358963555930061
8,136.8,116.05,0.8483187134502924
16,169.5,115.2,0.679646017699115
8,208.6,175.55,0.8415627996164909
10,161.95,140.2,0.8656992899042915
6,129.6,100.1,0.7723765432098766
2,231.65,181.85,0.7850205050723074
10,124.05,96.05,0.7742845626763402
14,142.45,108.65,0.7627237627237627
20,113.05,91.9,0.8129146395400265
12,230.0,173.9,0.7560869565217392
10,131.0,103.8,0.7923664122137405
12,190.15,153.05,0.804890875624507
16,81.2,61.95,0.7629310344827587
10,152.55,109.35,0.7168141592920354
2,192.45,160.8,0.8355416991426344
10,43.0,30.05,0.6988372093023256
16,197.1,151.65,0.769406392694064
10,230.75,190.15,0.8240520043336945
18,143.1,106.5,0.7442348008385744
10,280.45,213.75,0.7621679443751115
8,209.95,149.5,0.7120743034055728
14,140.7,102.6,0.7292110874200426
12,102.2,77.8,0.761252446183953
16,171.1,126.3,0.7381648158971362
10,48.7,40.3,0.8275154004106776
8,203.9,152.6,0.7484060814124571
8,148.45,116.35,0.7837655776355675
16,31.15,20.95,0.6725521669341894
16,150.3,110.7,0.7365269461077845
14,150.8,113.5,0.7526525198938993
14,128.4,86.0,0.6697819314641744
10,137.8,94.95,0.6890420899854862
10,195.5,150.35,0.7690537084398977
6,173.9,134.05,0.7708453133985049
12,87.65,71.95,0.8208784940102681
12,127.0,91.75,0.7224409448818898
4,272.75,223.85,0.8207149404216315
6,214.85,165.7,0.7712357458692111
16,147.55,95.25,0.645543883429346
8,60.7,48.55,0.799835255354201
12,278.4,212.6,0.7636494252873564
8,332.6,267.6,0.8045700541190619
16,304.45,237.35,0.7796025619970438
6,161.7,144.65,0.8945578231292517
10,106.15,78.7,0.7414036740461611
18,194.3,149.5,0.7694287184765826
8,180.25,138.85,0.7703190013869625
10,217.1,159.0,0.7323813910640258
10,186.1,152.65,0.8202579258463192
6,63.6,56.2,0.8836477987421384
10,117.0,94.95,0.8115384615384615
14,78.7,57.0,0.7242693773824651
10,39.8,27.6,0.6934673366834171
10,273.0,220.25,0.8067765567765568
8,147.75,113.2,0.7661590524534687
10,148.5,114.4,0.7703703703703704
10,105.85,91.5,0.8644307982994804
10,207.0,152.8,0.7381642512077294
14,130.2,105.2,0.8079877112135176
10,151.7,131.1,0.8642056690837179
6,290.3,215.6,0.7426799862211505
2,255.0,196.4,0.7701960784313725
6,180.35,136.45,0.7565844191849183
14,91.1,81.2,0.8913282107574094
6,91.9,61.7,0.6713819368879217
12,272.45,223.5,0.820334006239677
0,281.15,214.55,0.7631157744975992
14,153.5,137.45,0.8954397394136808
6,182.55,136.35,0.7469186524239935
10,115.8,84.8,0.7322970639032815
14,170.4,151.0,0.886150234741784
6,202.85,162.8,0.8025634705447375
4,151.5,113.85,0.7514851485148515
6,230.7,175.95,0.7626788036410923
4,104.95,78.6,0.7489280609814197
14,116.2,78.55,0.6759896729776248
22,195.35,159.55,0.8167391860762734
6,172.0,139.25,0.809593023255814
12,195.15,155.3,0.7957981040225468
12,135.65,115.4,0.850718761518614
10,122.0,96.95,0.794672131147541
8,90.7,70.95,0.7822491730981257
6,163.5,128.7,0.7871559633027523
10,69.55,55.85,0.803019410496046
14,200.85,167.55,0.8342046303211351
2,187.95,148.8,0.7916999201915403
12,137.7,100.4,0.729121278140886
16,79.95,53.45,0.6685428392745466
22,167.55,132.95,0.7934944792599224
10,160.85,130.5,0.8113148896487411
6,145.4,95.6,0.657496561210454
18,313.8,266.9,0.8505417463352454
4,118.45,96.1,0.8113127902068383
4,205.1,162.95,0.7944904924427109
10,88.55,69.65,0.7865612648221344
12,202.0,150.85,0.7467821782178218
12,199.5,151.1,0.7573934837092732
14,113.45,86.4,0.7615689731159101
6,127.25,94.45,0.7422396856581532
14,122.8,87.35,0.7113192182410424
8,113.75,89.75,0.789010989010989
10,194.95,150.1,0.7699410105155168
10,116.75,80.05,0.6856531049250535
20,91.05,65.2,0.7160900604063701
16,198.9,167.3,0.8411261940673705
8,103.45,70.85,0.6848719188013533
20,263.1,201.9,0.7673888255416191
6,245.85,178.85,0.7274761033150295
12,111.65,81.6,0.7308553515450067
14,282.5,216.0,0.7646017699115044
12,107.8,74.85,0.6943413729128015
10,46.9,30.1,0.6417910447761194
18,174.65,134.45,0.7698253650157458
14,123.7,99.1,0.8011317704122878
12,117.05,90.0,0.7689021785561726
8,124.5,100.65,0.808433734939759
14,102.9,76.0,0.738581146744412
18,188.65,150.45,0.7975086138351445
18,90.25,70.0,0.775623268698061
10,263.15,214.5,0.815124453733612
2,91.65,61.15,0.6672122204037098
20,118.5,93.3,0.7873417721518987
8,106.05,84.8,0.7996228194247996
0,95.65,65.3,0.6826973340303188
2,265.15,221.95,0.837073354704884
4,319.75,246.8,0.7718530101641907
4,145.6,114.0,0.782967032967033
6,169.2,126.75,0.749113475177305
10,121.85,93.7,0.7689782519491177
4,151.25,133.5,0.8826446280991735
6,366.7,297.05,0.8100627215707663
8,183.4,141.75,0.7729007633587787
8,175.5,147.1,0.8381766381766381
8,101.9,74.4,0.7301275760549558
10,257.3,205.8,0.7998445394481151
8,273.45,228.25,0.8347046992137502
18,189.25,139.05,0.7347424042272127
6,226.9,189.35,0.8345085940943147
10,134.7,111.05,0.8244246473645137
10,212.35,168.1,0.7916176124323051
2,166.45,126.8,0.7617903274256533
12,90.85,66.25,0.7292239955971381
10,152.6,116.95,0.7663826998689384
10,205.05,164.7,0.803218727139722
8,317.2,244.35,0.7703341740226987
14,103.55,77.85,0.7518107194591984
6,265.95,201.7,0.7584132355705959
12,181.6,149.1,0.8210352422907489
12,102.1,74.3,0.7277179236043095
14,94.0,69.8,0.7425531914893617
14,111.25,84.5,0.7595505617977528
16,117.7,86.75,0.7370433305012745
6,149.45,127.95,0.8561391769822683
8,294.2,229.65,0.7805914343983684
8,114.5,85.9,0.7502183406113537
8,215.8,183.2,0.8489341983317887
12,174.65,131.3,0.7517892928714572
8,207.0,176.35,0.8519323671497585
10,104.45,87.35,0.8362853039731929
6,179.0,146.45,0.8181564245810056
16,184.15,131.9,0.7162639152864513
8,230.5,185.9,0.8065075921908894
2,155.65,122.25,0.7854159974301317
6,187.55,147.25,0.7851239669421488
4,217.45,180.0,0.8277765003449069
16,145.8,105.1,0.7208504801097394
12,75.25,57.85,0.7687707641196013
10,79.85,62.3,0.7802128991859737
18,172.2,128.25,0.7447735191637631
10,259.3,208.85,0.8054377169301967
10,131.1,101.4,0.7734553775743707
4,139.9,115.25,0.8238027162258756
8,310.65,246.45,0.7933365523901497
8,242.95,189.3,0.779172669273513
8,309.05,254.1,0.8221970554926388
12,196.3,151.9,0.7738155883851248
6,187.55,160.65,0.8565715809117569
6,299.9,246.25,0.8211070356785595
10,256.05,203.3,0.7939855496973247
10,187.9,142.25,0.7570516232038318
12,288.55,228.95,0.7934500086640097
10,44.25,31.35,0.7084745762711865
6,149.65,124.85,0.8342799866354828
8,124.95,93.1,0.7450980392156863
10,232.85,172.9,0.7425381146660941
10,287.65,222.75,0.7743785850860421
6,147.15,117.2,0.7964661909616038
8,188.5,159.1,0.8440318302387267
2,181.9,157.45,0.865585486531061
2,178.4,138.25,0.7749439461883408
6,134.2,111.6,0.8315946348733234
6,254.35,221.1,0.8692746215844309
4,120.45,103.3,0.8576172685761727
6,174.5,144.55,0.8283667621776505
6,182.25,149.1,0.8181069958847736
8,191.3,150.8,0.7882906429691584
6,157.1,129.3,0.8230426479949077
14,154.75,112.9,0.7295638126009693
16,177.3,143.3,0.8082346305696559
8,348.55,270.65,0.7765026538516712
4,140.15,120.7,0.8612201212986086
8,183.3,150.1,0.8188761593016912
14,270.95,200.5,0.7399889278464661
6,159.35,133.75,0.8393473486037025
10,251.65,198.4,0.7883965825551361
8,276.1,219.65,0.7955450923578413
4,229.65,187.65,0.8171129980404964
14,157.9,111.35,0.7051931602279924
14,162.6,118.6,0.7293972939729397
8,150.35,123.3,0.8200864649151979
12,250.0,185.45,0.7418
12,147.05,117.2,0.7970078204692281
10,120.1,95.3,0.7935054121565362
14,125.25,99.4,0.7936127744510978
0,363.1,307.6,0.8471495455797301
2,77.25,63.6,0.8233009708737864
16,189.55,149.4,0.7881825375890267
8,146.7,102.05,0.6956373551465576
10,109.4,80.4,0.7349177330895795
8,232.55,181.65,0.7811223392818749
6,110.35,93.5,0.8473040326234708
20,184.4,136.05,0.7377982646420824
8,162.55,134.45,0.827130113811135
8,207.6,158.8,0.7649325626204239
12,152.55,117.0,0.7669616519174042
6,230.05,188.4,0.8189524016518148
4,235.75,193.6,0.8212089077412513
8,199.2,158.3,0.7946787148594378
10,136.5,105.45,0.7725274725274726
16,140.45,103.2,0.7347810608757565
10,132.7,100.55,0.7577241899020347
12,242.95,192.65,0.7929615147149619
10,98.55,80.85,0.8203957382039574
6,152.4,123.5,0.8103674540682415
8,226.3,176.6,0.7803800265134777
18,128.1,103.0,0.8040593286494926
12,108.55,93.65,0.8627360663288807
8,165.95,128.2,0.7725218439288942
10,169.85,138.15,0.8133647335884604
6,168.95,140.15,0.8295353654927493
8,130.85,104.6,0.7993886129155522
12,59.3,44.95,0.7580101180438449
20,152.45,105.9,0.6946539849130863
2,145.1,117.6,0.8104755341144039
8,175.65,134.5,0.7657272986051807
4,255.45,216.1,0.8459581131336856
2,200.05,162.8,0.8137965508622844
8,132.45,110.1,0.8312570781426953
6,392.95,308.9,0.7861051024303346
6,183.05,156.15,0.8530456159519257
6,127.45,97.95,0.7685366810513927
10,73.35,55.15,0.7518745739604635
6,154.75,120.1,0.7760904684975768
8,133.15,105.4,0.7915884340968832
10,94.85,72.1,0.7601476014760148
8,187.55,152.45,0.8128499066915489
14,185.55,141.6,0.7631366208569119
12,219.85,174.5,0.7937229929497385
10,142.0,117.0,0.823943661971831
8,174.9,136.1,0.7781589479702687
8,121.95,101.75,0.8343583435834359
14,41.2,31.35,0.7609223300970874
12,141.8,109.55,0.7725669957686883
8,135.45,101.0,0.7456626061277224
14,197.8,139.1,0.7032355915065723
10,147.1,105.6,0.7178789938817132
8,142.55,108.55,0.7614871974745703
14,275.3,196.4,0.7134035597529967
10,156.5,115.6,0.7386581469648562
8,233.5,189.8,0.8128479657387581
6,193.75,156.15,0.8059354838709677
6,324.35,260.1,0.801911515338369
12,209.6,155.2,0.7404580152671756
10,116.9,95.8,0.8195038494439693
10,147.8,113.85,0.770297699594046
12,87.05,64.5,0.7409534750143596
4,97.0,80.95,0.8345360824742268
4,151.8,128.65,0.8474967061923584
6,241.15,200.7,0.8322620775450964
12,68.3,53.5,0.7833089311859444
22,153.2,111.35,0.7268276762402088
6,149.5,122.7,0.8207357859531773
6,345.85,267.85,0.7744687003035998
6,122.0,105.95,0.8684426229508196
8,97.6,82.4,0.8442622950819673
12,91.25,68.1,0.7463013698630137
18,134.85,103.8,0.7697441601779755
10,197.45,165.05,0.8359078247657635
12,113.0,86.95,0.7694690265486726
6,128.1,99.7,0.7782982045277127
16,100.7,77.95,0.7740814299900695
8,239.75,194.8,0.8125130344108447
2,189.95,161.75,0.8515398789155041
12,82.95,64.65,0.779385171790235
12,237.9,173.75,0.730348886086591
12,81.8,63.4,0.7750611246943765
10,93.5,68.35,0.7310160427807486
14,129.6,95.6,0.7376543209876543
6,199.75,161.15,0.8067584480600751
14,259.7,193.25,0.7441278398151714
14,351.8,261.95,0.7445992040932348
8,334.9,268.6,0.8020304568527918
10,183.5,152.2,0.8294277929155314
10,235.05,181.15,0.7706870878536481
18,118.9,86.4,0.7266610597140454
10,175.45,144.15,0.8216015958962667
10,175.5,139.55,0.7951566951566952
12,201.8,149.6,0.7413280475718533
16,130.65,99.65,0.762724837351703
10,138.55,120.3,0.8682785997834717
8,170.7,138.35,0.8104862331575864
4,183.95,160.9,0.8746942103832563
6,113.1,93.3,0.8249336870026526
6,318.5,249.4,0.7830455259026687
12,188.0,145.3,0.7728723404255319
6,120.55,93.6,0.7764413106594774
14,139.5,99.6,0.7139784946236559
6,113.25,85.85,0.7580573951434879
8,133.7,109.55,0.819371727748691
8,143.15,118.1,0.8250087320991967
18,193.7,149.15,0.7700051626226123
8,100.7,83.2,0.8262164846077458
6,263.1,212.65,0.8082478145191943
12,128.75,101.6,0.789126213592233
8,239.7,183.75,0.7665832290362954
8,206.5,168.55,0.8162227602905568
6,143.5,111.75,0.7787456445993032
10,118.3,94.55,0.7992392223161454
6,118.25,92.9,0.7856236786469345
16,160.85,97.45,0.6058439539944047
16,145.2,108.4,0.7465564738292011
10,167.4,138.6,0.8279569892473119
18,122.55,98.25,0.8017135862913096
10,281.5,205.55,0.7301953818827709
8,106.65,86.9,0.8148148148148148
2,219.3,194.4,0.8864569083447332
10,176.0,134.8,0.7659090909090909
10,176.9,138.4,0.7823629169022046
12,152.4,108.1,0.7093175853018373
8,150.3,122.5,0.8150365934797072
6,164.75,138.25,0.8391502276176024
4,299.0,245.95,0.8225752508361204
4,120.7,109.2,0.9047224523612262
18,65.65,50.15,0.763899466869764
10,96.25,78.45,0.815064935064935
10,165.95,136.5,0.822536908707442
8,125.95,96.05,0.7626042080190552
4,226.2,193.5,0.8554376657824934
6,283.3,231.3,0.816448993999294
18,165.45,125.05,0.7558174675128437
8,159.05,125.4,0.7884313109085194
10,219.0,156.3,0.7136986301369863
12,230.95,178.0,0.7707295951504655
6,166.65,138.85,0.8331833183318332
6,157.95,133.6,0.8458372902817347
10,235.65,171.65,0.7284107786972205
6,199.2,163.2,0.8192771084337349
16,174.95,122.15,0.6981994855673049
10,59.8,47.2,0.7892976588628763
6,121.05,97.35,0.8042131350681536
14,176.6,144.3,0.8171007927519819
14,74.9,58.15,0.7763684913217623
14,110.4,87.55,0.7930253623188406
8,100.55,88.55,0.8806563898557931
8,291.75,212.9,0.7297343616109683
14,242.75,201.05,0.8282183316168898
6,203.85,161.55,0.7924944812362031
12,93.4,73.6,0.7880085653104925
10,78.2,62.05,0.7934782608695652
14,109.3,83.65,0.7653247941445562
10,194.7,142.2,0.7303543913713405
14,89.95,71.85,0.7987770983879934
16,175.2,143.45,0.8187785388127854
12,54.55,43.55,0.7983501374885427
12,128.4,95.7,0.7453271028037384
8,136.55,121.45,0.8894177956792384
4,174.55,145.95,0.8361501002578058
2,156.8,140.05,0.8931760204081632
10,81.6,63.05,0.772671568627451
16,80.05,56.55,0.7064334790755777
6,214.85,153.75,0.7156155457295788
6,240.0,208.4,0.8683333333333333
12,260.85,207.7,0.7962430515622005
2,50.5,36.1,0.7148514851485148
10,125.55,86.0,0.6849860613301474
8,119.1,92.15,0.7737195633921075
8,237.3,179.85,0.7579013906447535
12,218.05,178.9,0.8204540243063517
12,182.0,147.95,0.8129120879120879
6,288.8,239.85,0.830505540166205
10,234.55,173.4,0.7392879982946067
12,228.55,158.5,0.693502515860862
6,130.6,116.9,0.8950995405819295
6,341.8,252.75,0.7394675248683441
12,111.65,88.1,0.7890729959695477
8,175.65,147.45,0.8394534585824082
12,73.7,55.75,0.7564450474898237
10,145.85,119.1,0.8165923894412067
10,74.55,62.65,0.8403755868544601
10,126.6,100.15,0.7910742496050553
6,106.2,82.15,0.7735404896421846
16,319.0,249.7,0.7827586206896552
8,184.0,147.2,0.8
2,230.1,176.25,0.7659713168187744
8,121.05,103.25,0.8529533250722842
4,175.8,134.05,0.762514220705347
4,196.65,168.3,0.8558352402745996
6,146.45,121.0,0.8262205530897917
8,266.05,204.1,0.7671490321368164
10,152.2,123.65,0.8124178712220762
4,75.15,63.6,0.846307385229541
2,102.95,83.6,0.8120446818844099
12,172.75,128.4,0.7432706222865413
14,108.75,81.2,0.7466666666666667
8,144.35,118.75,0.8226532732940769
8,152.25,119.0,0.7816091954022989
14,186.2,145.3,0.780343716433942
18,154.6,123.25,0.7972186287192755
10,161.05,113.0,0.7016454517230674
10,165.75,122.35,0.73815987933635
10,256.8,195.0,0.7593457943925234
12,96.8,74.95,0.7742768595041323
6,185.05,141.2,0.7630370170224263
10,119.15,92.8,0.7788501888375997
4,83.05,74.65,0.8988561107766406
6,166.15,139.8,0.8414083659343966
12,160.1,107.7,0.6727045596502186
12,242.45,193.25,0.7970715611466281
16,188.95,148.25,0.7845991002910823
12,198.6,150.5,0.7578046324269889
16,65.1,51.85,0.7964669738863287
10,201.6,161.3,0.8000992063492064
12,247.75,200.8,0.8104944500504541
12,39.2,26.85,0.6849489795918368
10,284.45,216.6,0.7614695025487783
14,263.55,192.55,0.7306014039081768
8,86.75,65.8,0.7585014409221902
10,230.95,186.1,0.8058021216713575
8,156.45,118.6,0.7580696708213487
6,229.75,181.8,0.7912948857453754
6,225.45,186.65,0.8278997560434687
16,94.0,66.35,0.7058510638297872
6,214.35,178.05,0.8306508047585724
14,148.8,114.65,0.770497311827957
8,85.7,69.25,0.808051341890315
10,122.9,93.3,0.7591537835638731
6,137.6,117.0,0.8502906976744186
4,82.2,67.45,0.8205596107055961
10,162.9,126.65,0.7774708410067526
8,205.85,165.3,0.8030119018702939
6,193.1,164.9,0.8539616778871051
8,207.9,179.7,0.8643578643578643
10,164.3,134.95,0.8213633597078515
14,93.4,69.75,0.7467880085653105
18,108.15,81.65,0.7549699491447064
6,219.45,171.0,0.7792207792207793
20,63.45,42.25,0.6658786446020488
8,65.15,49.85,0.7651573292402148
2,144.45,118.1,0.8175839390792662
4,303.25,245.25,0.8087386644682605
12,268.85,191.45,0.7121071229310024
2,148.4,129.95,0.8756738544474394
8,152.75,129.85,0.8500818330605565
16,130.65,101.8,0.7791810179869881
6,113.4,95.7,0.843915343915344
12,259.0,201.1,0.7764478764478765
10,113.65,95.65,0.8416190057193137
8,164.8,140.85,0.8546723300970874
12,246.45,170.6,0.6922296611888821
8,213.65,170.8,0.7994383337233794
10,164.05,120.15,0.7323986589454434
8,175.75,130.8,0.7442389758179232
8,156.05,128.85,0.8256968920217879
10,200.25,153.75,0.7677902621722846
4,145.6,114.8,0.7884615384615384
16,227.8,165.55,0.7267339771729587
8,198.9,157.95,0.7941176470588235
18,101.5,74.15,0.7305418719211823
8,211.85,176.95,0.8352607977342459
12,186.3,151.2,0.8115942028985508
10,211.3,158.15,0.748461902508282
8,148.45,118.55,0.7985853822835972
10,206.15,167.8,0.813970409895707
16,199.5,146.15,0.7325814536340852
8,120.8,103.2,0.8543046357615894
8,173.9,133.9,0.7699827487061529
6,157.05,121.2,0.7717287488061128
4,123.5,105.75,0.8562753036437247
6,94.45,80.6,0.853361566966649
14,222.7,169.5,0.7611136057476425
10,176.25,142.7,0.809645390070922
6,180.75,150.6,0.833195020746888
10,189.1,144.05,0.7617662612374405
12,199.45,154.25,0.7733767861619454
10,89.95,74.75,0.831017231795442
8,134.2,107.8,0.8032786885245902
6,186.55,152.6,0.8180112570356473
8,91.25,67.3,0.7375342465753425
8,74.05,63.85,0.8622552329507089
10,141.4,118.55,0.8384016973125884
6,231.3,182.1,0.7872892347600519
4,66.25,50.0,0.7547169811320755
10,121.4,94.9,0.7817133443163097
6,383.1,303.4,0.7919603236752806
8,220.2,185.7,0.8433242506811989
10,219.2,176.75,0.8063412408759124
6,312.2,232.95,0.7461563100576554
12,167.3,131.4,0.785415421398685
6,243.75,194.9,0.7995897435897436
4,196.35,158.1,0.8051948051948052
14,264.5,202.75,0.7665406427221172
8,199.75,150.2,0.7519399249061327
8,84.15,67.7,0.8045157456922163
4,168.2,139.95,0.8320451843043996
12,106.05,78.25,0.7378595002357379
14,172.65,131.15,0.7596293078482479
8,165.5,129.0,0.7794561933534743
14,135.8,90.1,0.6634756995581738
8,149.8,114.85,0.7666889185580774
12,134.65,112.25,0.8336427775714816
12,123.35,97.7,0.792055127685448
18,226.95,146.3,0.6446353822427847
8,144.3,121.15,0.8395703395703396
4,167.95,144.3,0.8591842810360226
10,85.85,67.9,0.7909143855562026
16,105.15,74.55,0.7089871611982882
12,79.25,62.55,0.7892744479495268
12,274.55,213.7,0.7783645966126389
6,105.9,95.7,0.9036827195467422
8,145.7,114.3,0.7844886753603294
2,221.0,174.5,0.7895927601809954
8,236.5,179.15,0.7575052854122621
8,139.8,115.95,0.8293991416309013
6,177.5,137.5,0.7746478873239436
6,277.65,229.6,0.826940392580587
12,277.5,210.55,0.7587387387387388
14,121.95,97.8,0.8019680196801968
10,115.0,88.3,0.7678260869565218
8,247.6,194.45,0.7853392568659128
8,148.15,128.3,0.8660141748228147
6,185.75,137.55,0.7405114401076716
16,166.8,126.35,0.757494004796163
14,179.3,124.2,0.6926938092582264
6,147.65,126.95,0.8598035895699289
10,90.7,77.45,0.8539140022050716
6,105.6,90.0,0.8522727272727273
10,122.0,100.75,0.8258196721311475
4,206.0,157.95,0.766747572815534
2,330.35,256.3,0.775843802028152
12,172.4,130.6,0.7575406032482599
2,181.9,139.85,0.7688290269378779
12,126.8,96.85,0.763801261829653
2,308.2,233.75,0.7584360804672291
4,177.2,146.55,0.8270316027088036
6,262.85,232.35,0.8839642381586457
10,260.7,193.4,0.741848868431147
18,110.1,86.6,0.7865576748410535
14,330.5,241.2,0.729803328290469
6,157.85,134.55,0.8523915109280963
4,247.05,201.0,0.8136004857316332
12,114.55,92.15,0.804452204277608
8,246.25,204.8,0.8316751269035533
14,83.45,71.35,0.8550029958058718
4,109.75,91.2,0.8309794988610478
6,227.15,187.45,0.8252256218357913
12,73.05,50.5,0.6913073237508556
10,237.0,201.6,0.850632911392405
22,156.0,109.3,0.7006410256410256
4,105.3,92.75,0.8808167141500475
12,129.9,97.95,0.754041570438799
18,117.9,90.25,0.765479219677693
10,177.55,140.65,0.792171219374824
4,146.75,126.45,0.8616695059625213
10,170.1,136.9,0.8048206937095826
16,241.5,191.1,0.7913043478260869
8,227.65,178.9,0.7858554799033605
4,260.0,207.55,0.7982692307692307
4,223.2,187.15,0.8384856630824373
16,248.9,182.4,0.732824427480916
10,201.15,153.0,0.7606263982102909
14,96.05,70.95,0.7386777719937533
12,186.45,136.55,0.7323679270581925
4,107.15,90.0,0.8399440037330844
16,38.85,24.15,0.6216216216216216
12,194.0,169.0,0.8711340206185567
8,280.9,213.6,0.7604129583481666
16,163.15,125.6,0.7698437021146185
8,181.8,130.35,0.716996699669967
10,189.7,155.8,0.8212967843964154
10,173.15,136.15,0.7863124458561941
8,126.75,97.2,0.7668639053254438
14,172.5,127.0,0.736231884057971
4,293.1,241.6,0.8242920504947117
12,174.0,126.05,0.7244252873563218
12,201.65,159.15,0.7892387800644681
10,142.25,115.85,0.8144112478031634
8,119.95,96.85,0.8074197582325969
14,159.25,117.85,0.7400313971742544
10,134.6,106.85,0.7938335809806835
10,100.05,81.5,0.8145927036481759
8,145.55,107.45,0.7382342837512882
6,159.25,128.5,0.8069073783359497
10,176.7,136.05,0.7699490662139219
14,131.35,97.25,0.7403882755995432
16,126.55,90.45,0.7147372580007902
8,291.9,219.7,0.7526550188420692
14,173.35,111.8,0.6449379867320449
6,119.0,95.4,0.8016806722689076
14,92.75,70.45,0.7595687331536388
6,185.5,149.35,0.8051212938005391
4,99.8,84.75,0.8491983967935872
6,129.9,95.15,0.7324865280985373
4,183.3,152.9,0.834151663938898
6,174.8,135.0,0.7723112128146453
14,169.45,132.2,0.7801711419297728
16,237.2,173.5,0.7314502529510961
10,141.75,115.1,0.8119929453262786
16,79.6,61.15,0.7682160804020101
14,132.65,98.2,0.740294006784772
10,214.9,166.05,0.7726849697533736
10,198.0,155.8,0.7868686868686868
6,226.5,189.85,0.8381898454746137
6,103.9,95.0,0.9143407122232916
12,269.55,211.85,0.7859395288443702
8,214.8,162.0,0.7541899441340782
4,121.3,101.4,0.8359439406430338
6,239.25,185.55,0.7755485893416928
10,197.3,152.0,0.7704004054738977
10,163.85,135.2,0.8251449496490693
8,196.0,163.3,0.8331632653061225
2,206.2,166.75,0.8086808923375364
8,116.95,84.85,0.7255237280889268
8,118.65,107.75,0.9081331647703329
20,177.0,125.6,0.7096045197740113
10,216.8,169.1,0.7799815498154982
8,181.35,146.55,0.8081058726220016
10,70.2,51.6,0.7350427350427351
16,98.85,69.5,0.7030854830551341
6,268.35,206.4,0.7691447736165455
10,186.85,143.0,0.7653197752207653
14,149.1,120.45,0.8078470824949698
10,300.95,241.65,0.8029573018773882
6,128.55,104.35,0.8117464021781408
10,57.15,44.25,0.7742782152230971
14,152.15,119.15,0.7831087742359514
14,116.05,90.9,0.7832830676432572
8,150.8,111.55,0.7397214854111406
8,137.95,110.45,0.8006524102935846
8,184.9,151.8,0.8209843158464034
8,187.0,150.4,0.8042780748663102
8,131.6,104.25,0.7921732522796353
14,220.9,176.9,0.8008148483476686
10,127.3,98.9,0.776904948939513
8,114.9,92.4,0.804177545691906
12,139.5,108.95,0.7810035842293906
14,169.9,132.55,0.7801648028251913
12,174.7,150.15,0.8594733829421866
18,203.55,135.1,0.6637189879636453
4,191.15,162.25,0.8488098352079518
12,217.95,167.1,0.76668960770819
6,156.25,127.05,0.81312
10,120.45,74.55,0.6189290161892902
16,191.45,131.9,0.6889527291721076
14,210.05,165.55,0.7881456796000952
10,304.2,225.1,0.739973701512163
8,241.15,190.7,0.7907941115488285
14,250.25,200.25,0.8001998001998002
14,175.45,142.1,0.8099173553719008
20,132.1,95.7,0.72445117335352
12,107.0,81.95,0.7658878504672897
20,110.9,77.8,0.7015329125338142
14,97.3,65.8,0.6762589928057554
8,70.65,55.65,0.7876857749469215
8,141.9,115.3,0.8125440451021846
6,118.9,104.35,0.8776282590412111
10,83.4,65.3,0.7829736211031175
14,121.85,89.95,0.7382027082478457
12,124.75,106.4,0.8529058116232465
6,188.1,145.8,0.7751196172248804
10,149.4,116.05,0.7767737617135207
14,162.85,131.75,0.8090267116978815
12,108.45,86.35,0.7962194559704933
6,84.15,66.25,0.7872846108140226
10,210.05,161.15,0.7671982861223519
18,130.05,92.25,0.7093425605536332
14,135.25,116.9,0.8643253234750462
2,69.7,64.1,0.9196556671449068
22,49.35,35.2,0.713272543059777
18,147.25,99.95,0.6787775891341257
12,194.55,155.15,0.7974813672577743
12,147.1,114.95,0.7814411964649898
16,143.55,112.15,0.7812608847091606
10,131.65,109.9,0.8347892138245347
10,140.45,113.4,0.8074047703809185
6,337.9,272.9,0.807635395087304
12,224.95,168.7,0.7499444320960214
10,169.45,122.85,0.7249926231926822
4,240.7,198.4,0.824262567511425
8,275.55,234.2,0.8499364906550535
4,125.0,106.9,0.8552
12,111.35,92.15,0.8275707229456668
20,78.3,55.25,0.7056194125159643
8,188.95,142.4,0.7536385287112993
8,33.35,26.75,0.8020989505247377
6,207.4,171.15,0.8252169720347156
16,84.0,62.15,0.7398809523809524
8,266.55,218.25,0.8187957231288688
10,161.5,126.8,0.785139318885449
4,425.35,336.15,0.7902903491242507
8,155.45,120.55,0.7754905114184625
6,98.1,82.4,0.8399592252803262
10,198.2,152.35,0.7686680121089808
16,179.75,143.2,0.7966620305980529
6,105.4,93.2,0.8842504743833017
8,145.85,107.35,0.7360301679808022
4,231.45,185.1,0.7997407647440052
14,225.65,180.25,0.7988034566807002
6,207.15,165.9,0.8008689355539464
6,180.05,153.3,0.8514301582893641
10,242.9,195.95,0.8067105804857966
14,89.65,62.15,0.6932515337423313
12,138.15,107.05,0.7748823742309084
12,169.6,120.95,0.7131485849056604
22,70.7,52.0,0.7355021216407355
4,160.65,142.35,0.8860877684407096
8,160.25,123.95,0.7734789391575663
4,115.75,93.25,0.8056155507559395
8,116.55,92.7,0.7953667953667953
12,152.45,126.4,0.8291243030501804
12,349.35,294.5,0.8429941319593531
6,273.55,204.05,0.7459331018095412
14,156.0,110.75,0.7099358974358975
12,106.7,74.15,0.6949390815370197
14,131.8,103.15,0.7826251896813353
16,125.3,99.0,0.7901037509976058
10,115.9,87.05,0.7510785159620362
0,174.95,146.15,0.8353815375821664
6,192.45,147.45,0.7661730319563523
10,99.1,74.55,0.7522704339051464
2,231.3,176.6,0.7635105923043666
18,156.0,119.6,0.7666666666666667
10,205.35,160.3,0.780618456294132
8,336.6,262.25,0.7791146761734997
6,88.45,66.9,0.756359525155455
4,124.0,93.5,0.7540322580645161
16,212.8,163.35,0.7676221804511278
10,227.75,186.0,0.8166849615806806
4,301.35,239.25,0.7939273270283723
2,184.9,150.35,0.8131422390481341
10,118.1,90.9,0.7696867061812024
10,224.95,181.45,0.8066236941542565
8,113.85,88.95,0.7812911725955204
16,138.8,98.65,0.7107348703170029
10,194.3,156.45,0.8051981471950592
6,298.55,236.15,0.7909897839557863
6,237.2,189.65,0.7995362563237775
10,204.55,161.05,0.787338059154241
12,119.95,96.75,0.8065860775323052
14,217.05,163.25,0.7521308454273209
4,281.5,220.95,0.7849023090586146
12,162.55,122.7,0.7548446631805599
14,242.8,173.95,0.7164332784184514
10,177.75,139.6,0.7853727144866386
6,159.15,135.15,0.8491988689915174
8,132.0,100.35,0.7602272727272728
22,256.2,177.7,0.6935987509758001
12,308.2,245.8,0.7975340687865022
6,117.65,99.6,0.8465788355291117
10,296.45,228.7,0.7714623039298364
6,222.65,178.4,0.8012575791601168
4,251.55,203.3,0.808189226793878
6,181.1,152.95,0.8445610160132524
14,74.35,51.2,0.6886348352387357
16,200.0,151.7,0.7585
6,207.0,166.05,0.8021739130434783
18,131.0,96.75,0.7385496183206107
10,123.0,95.95,0.7800813008130081
8,97.3,75.05,0.7713257965056526
8,82.4,70.0,0.8495145631067961
4,150.7,127.85,0.8483742534837425
12,140.05,103.15,0.7365226704748304
10,156.35,117.1,0.7489606651742885
2,115.55,95.55,0.8269147555170921
10,215.15,162.0,0.7529630490355566
6,278.9,219.35,0.7864826102545716
4,57.35,49.6,0.8648648648648649
12,98.2,68.85,0.7011201629327902
12,118.85,96.45,0.8115271350441733
20,127.25,94.1,0.7394891944990177
8,222.85,176.95,0.7940318599955126
4,138.6,122.9,0.8867243867243867
6,200.65,157.75,0.7861948666832793
18,121.7,88.2,0.7247329498767461
6,226.6,189.75,0.837378640776699
16,283.55,194.0,0.6841826838300124
12,179.25,139.35,0.7774058577405858
8,315.5,241.55,0.7656101426307449
8,88.35,73.7,0.8341822297679683
10,87.7,68.4,0.7799315849486887
6,135.3,113.45,0.8385070214338507
10,81.0,63.8,0.7876543209876543
8,84.45,72.2,0.8549437537004144
4,146.0,133.0,0.910958904109589
8,193.05,147.3,0.763014763014763
6,93.2,72.15,0.7741416309012875
4,107.6,93.8,0.8717472118959108
10,187.6,138.6,0.7388059701492538
4,150.3,114.35,0.7608117099135063
8,161.5,133.4,0.8260061919504644
2,181.55,150.6,0.8295235472321675
8,249.75,203.6,0.8152152152152152
10,91.4,77.65,0.8495623632385121
12,177.2,133.85,0.7553611738148984
6,99.65,82.7,0.8299046663321625
12,113.2,91.85,0.8113957597173145
6,154.45,122.4,0.7924894787957267
10,125.55,105.0,0.8363201911589009
10,215.05,173.85,0.8084166472913276
10,180.4,142.65,0.7907427937915743
