rf,total_quartet,correct_quartet,correct_prop
12,158.5,137.75,0.8690851735015773
8,148.6,113.45,0.7634589502018843
12,29.4,19.55,0.6649659863945578
8,109.85,93.5,0.8511606736458808
8,150.65,130.2,0.8642548954530368
14,132.55,94.65,0.7140701622029423
10,154.6,113.65,0.7351228978007762
8,101.4,76.45,0.7539447731755424
10,90.2,64.55,0.7156319290465631
8,141.55,119.45,0.8438714235252561
16,74.2,59.3,0.7991913746630728
10,52.95,39.6,0.7478753541076487
4,139.05,122.65,0.8820568140956491
14,160.5,131.8,0.821183800623053
12,181.45,153.65,0.8467897492422155
10,83.3,66.55,0.7989195678271308
6,64.6,54.7,0.846749226006192
12,163.75,123.5,0.7541984732824427
10,55.7,47.6,0.8545780969479354
16,100.0,80.4,0.804
8,116.9,89.2,0.7630453378956373
14,75.6,53.25,0.7043650793650794
12,168.05,140.45,0.8357631657244867
18,83.7,61.0,0.7287933094384708
14,105.45,83.7,0.7937411095305832
14,108.1,88.3,0.816836262719704
18,80.45,59.35,0.7377252952144189
4,97.15,84.5,0.8697889861039629
8,71.05,62.05,0.8733286418015482
16,34.55,25.2,0.7293777134587555
14,44.2,35.1,0.7941176470588235
8,129.45,100.45,0.7759752800309
18,100.2,75.3,0.7514970059880239
18,133.6,99.7,0.7462574850299402
16,172.4,135.45,0.7856728538283063
6,111.2,91.85,0.8259892086330936
6,92.9,75.35,0.8110871905274488
14,69.95,52.85,0.7555396711937098
10,106.45,91.55,0.8600281822451855
2,111.7,98.8,0.8845120859444942
6,99.55,83.8,0.8417880462079357
8,95.35,78.6,0.8243314105925538
8,81.95,69.2,0.8444173276388042
6,269.0,211.1,0.7847583643122676
10,147.45,117.55,0.7972193964055612
12,96.9,73.85,0.762125902992776
16,128.45,98.25,0.7648890618917867
8,167.6,140.4,0.837708830548926
14,125.95,103.8,0.8241365621278285
8,135.3,103.25,0.7631189948263118
16,96.55,78.15,0.8094251683065768
4,147.65,124.6,0.843887571960718
8,154.15,128.15,0.8313331170937399
8,160.55,120.05,0.747742136406104
20,43.35,30.2,0.6966551326412919
14,51.45,43.4,0.8435374149659864
14,94.5,74.8,0.7915343915343915
10,87.4,69.35,0.7934782608695652
12,65.4,51.4,0.7859327217125383
16,143.4,116.2,0.810320781032078
18,80.8,55.85,0.6912128712871287
16,71.8,55.25,0.7694986072423399
6,69.85,57.3,0.8203292770221904
8,57.45,46.4,0.8076588337684943
10,87.2,66.8,0.7660550458715596
6,112.85,90.45,0.8015064244572442
16,104.45,81.0,0.7754906653901388
12,125.15,105.2,0.8405912904514582
18,96.6,75.05,0.7769151138716356
4,70.8,58.6,0.827683615819209
12,160.85,126.9,0.7889337892446379
10,178.5,137.75,0.7717086834733894
6,63.45,53.95,0.8502758077226162
10,86.7,69.15,0.7975778546712803
18,51.5,33.85,0.6572815533980583
8,139.95,113.8,0.8131475526973919
14,126.2,97.8,0.7749603803486529
16,65.9,50.7,0.7693474962063733
6,113.45,93.2,0.8215072719259586
12,78.15,67.0,0.8573256557901472
8,163.25,131.1,0.803062787136294
6,119.4,107.5,0.9003350083752094
10,85.65,65.15,0.7606538237011091
12,141.45,116.9,0.8264404383174266
10,66.95,54.75,0.8177744585511576
8,65.95,50.95,0.7725549658832449
6,115.5,94.8,0.8207792207792208
10,126.15,108.95,0.8636543797066983
12,62.05,49.8,0.8025785656728445
6,71.2,63.75,0.8953651685393258
8,57.2,39.7,0.6940559440559441
16,151.55,121.25,0.8000659848234906
14,91.45,74.2,0.811372334609076
6,104.0,92.25,0.8870192307692307
10,31.15,26.15,0.8394863563402889
14,92.85,72.45,0.7802907915993538
16,45.55,32.9,0.7222832052689352
10,120.9,95.25,0.7878411910669976
12,144.15,110.5,0.766562608394034
4,118.35,98.6,0.8331220954795099
6,66.6,51.2,0.7687687687687688
10,204.15,154.15,0.7550820475140828
16,108.35,85.05,0.7849561605906784
12,80.5,61.85,0.7683229813664596
16,81.2,56.4,0.6945812807881774
14,144.15,112.85,0.7828650711064863
8,111.9,91.15,0.8145665773011618
4,109.8,94.7,0.8624772313296903
4,97.25,85.85,0.8827763496143959
12,181.8,157.2,0.8646864686468647
12,140.5,109.6,0.7800711743772242
18,99.3,67.85,0.6832829808660624
8,97.75,75.6,0.7734015345268542
8,65.95,52.1,0.7899924184988628
16,83.5,51.95,0.6221556886227545
12,139.75,118.95,0.8511627906976744
6,116.6,98.35,0.8434819897084048
10,54.05,37.2,0.6882516188714154
20,147.65,93.75,0.6349475110057569
14,82.85,68.95,0.832226916113458
10,115.1,93.5,0.8123370981754996
10,56.55,50.4,0.8912466843501327
10,154.9,114.05,0.736281471917366
10,103.85,82.95,0.7987481945113144
4,83.7,71.3,0.8518518518518519
6,94.25,73.95,0.7846153846153846
6,58.05,51.5,0.8871662360034454
6,57.5,46.45,0.8078260869565217
20,195.0,129.3,0.6630769230769231
18,44.65,31.8,0.7122060470324748
14,25.35,19.0,0.7495069033530573
10,108.3,87.45,0.8074792243767313
6,82.6,72.95,0.8831719128329297
8,112.25,92.65,0.8253897550111359
16,111.5,78.0,0.6995515695067265
12,202.1,154.2,0.7629886194952994
6,184.2,153.05,0.8308903365906624
6,139.85,121.3,0.8673578834465498
6,40.8,31.1,0.7622549019607843
14,43.45,37.9,0.8722669735327964
10,173.25,128.3,0.7405483405483405
4,130.75,106.65,0.815678776290631
8,127.75,103.4,0.8093933463796478
10,86.35,69.45,0.8042848870874348
14,54.75,43.3,0.7908675799086758
10,133.0,112.05,0.8424812030075188
14,64.7,43.5,0.6723338485316847
6,169.45,146.0,0.861611094718206
12,98.7,76.95,0.7796352583586627
14,118.75,95.15,0.8012631578947368
6,225.15,178.6,0.7932489451476793
18,124.6,96.95,0.7780898876404494
16,43.75,31.65,0.7234285714285714
8,227.45,186.95,0.8219388876676192
6,36.7,27.3,0.7438692098092643
12,76.2,56.3,0.7388451443569554
6,32.2,24.4,0.7577639751552795
8,78.5,60.65,0.7726114649681529
14,93.95,73.75,0.7849920170303353
10,80.5,63.9,0.7937888198757764
8,149.2,117.95,0.7905495978552279
10,133.5,113.55,0.8505617977528089
8,86.85,72.7,0.8370754173862982
8,135.65,124.15,0.9152230003685956
8,103.55,85.95,0.8300338000965717
10,90.95,72.95,0.8020890599230346
10,86.9,70.0,0.8055235903337169
6,78.65,57.85,0.7355371900826446
12,57.95,46.65,0.8050043140638481
12,133.95,98.2,0.7331093691675998
8,103.4,84.1,0.8133462282398453
14,91.05,62.5,0.686436024162548
6,73.6,61.7,0.8383152173913043
16,46.0,31.8,0.691304347826087
4,116.9,100.35,0.8584260051325919
10,67.65,54.3,0.802660753880266
10,149.3,126.0,0.8439383791024783
20,36.55,23.4,0.640218878248974
4,193.15,158.75,0.8219000776598498
16,70.55,52.2,0.739900779588944
16,230.85,179.4,0.7771280051981806
8,107.45,83.35,0.7757096323871568
12,107.8,95.7,0.8877551020408163
12,71.55,52.0,0.726764500349406
8,105.85,89.4,0.8445914029286726
14,144.45,115.0,0.796123226029768
8,177.65,138.1,0.77737123557557
14,73.3,53.25,0.7264665757162346
12,136.35,108.35,0.7946461312797947
10,85.95,68.7,0.7993019197207679
6,108.15,93.7,0.8663892741562644
8,183.8,147.0,0.7997823721436343
10,91.75,74.7,0.8141689373297003
14,233.8,186.05,0.7957656116338752
6,56.6,44.0,0.7773851590106007
4,48.45,41.05,0.847265221878225
10,44.8,35.7,0.796875
6,139.75,122.2,0.8744186046511628
8,91.7,75.55,0.8238822246455835
12,86.65,60.0,0.6924408540103866
12,71.9,58.6,0.8150208623087621
12,69.0,56.85,0.8239130434782609
10,110.0,93.65,0.8513636363636363
6,133.7,101.45,0.7587883320867614
12,47.25,34.45,0.7291005291005291
10,188.05,152.9,0.8130816272268013
6,167.0,146.0,0.874251497005988
16,146.7,98.25,0.6697341513292433
12,102.05,81.1,0.7947084762371387
16,115.15,89.55,0.7776812852800695
4,130.0,108.45,0.8342307692307692
12,101.55,81.2,0.7996061053668144
10,131.8,109.05,0.8273899848254932
18,46.95,35.2,0.7497337593184239
8,49.9,38.5,0.7715430861723447
16,80.05,63.05,0.787632729544035
12,46.4,38.05,0.8200431034482759
16,69.65,49.45,0.709978463747308
16,24.85,18.05,0.7263581488933601
4,122.95,111.2,0.9044326962179748
6,184.8,152.8,0.8268398268398268
8,40.65,27.75,0.6826568265682657
10,173.25,129.5,0.7474747474747475
10,50.15,37.8,0.7537387836490529
8,87.9,61.5,0.6996587030716723
14,124.95,103.15,0.8255302120848339
14,91.65,73.8,0.8052373158756138
12,84.25,73.2,0.8688427299703264
6,34.7,26.0,0.7492795389048992
14,133.7,100.15,0.7490650710545999
6,165.4,136.6,0.8258766626360339
14,69.55,53.3,0.7663551401869159
14,38.6,32.1,0.8316062176165803
20,99.8,67.2,0.6733466933867736
8,144.05,127.9,0.8878861506421382
6,61.9,52.6,0.8497576736672051
12,53.5,41.9,0.7831775700934579
10,90.95,76.4,0.840021990104453
12,45.85,32.3,0.7044711014176663
4,130.4,111.6,0.8558282208588958
6,89.7,73.9,0.8238573021181717
8,38.4,28.4,0.7395833333333334
14,104.9,86.95,0.8288846520495711
8,111.7,90.0,0.8057296329453895
8,181.45,137.65,0.7586111876550014
12,63.55,49.9,0.7852084972462627
18,106.6,86.2,0.8086303939962477
12,64.2,50.05,0.7795950155763239
10,63.35,52.15,0.8232044198895028
12,156.0,128.05,0.8208333333333333
6,75.3,61.4,0.8154050464807437
6,155.5,123.25,0.792604501607717
16,86.15,60.0,0.6964596633778294
4,107.45,87.6,0.8152629129827826
8,72.0,54.45,0.75625
8,138.05,113.35,0.8210793190872873
4,160.95,132.15,0.821062441752097
12,154.0,117.55,0.7633116883116883
10,175.0,147.85,0.8448571428571429
8,83.5,69.8,0.8359281437125748
10,149.95,123.2,0.8216072024008003
14,125.9,96.7,0.7680698967434472
12,91.65,73.8,0.8052373158756138
10,139.55,116.15,0.8323181655320674
16,123.95,91.3,0.7365873336022589
18,87.8,72.2,0.8223234624145785
14,99.55,74.45,0.747865394274234
8,126.95,96.8,0.7625049231981095
12,85.6,70.85,0.8276869158878505
10,55.9,47.6,0.851520572450805
18,26.1,15.4,0.5900383141762452
14,112.95,83.1,0.7357237715803453
6,156.8,135.55,0.8644770408163265
14,120.85,86.65,0.7170045510964005
10,94.75,77.7,0.8200527704485489
8,83.75,67.25,0.8029850746268656
6,108.5,94.45,0.8705069124423963
14,47.7,35.3,0.740041928721174
6,125.4,104.7,0.8349282296650717
8,194.3,155.9,0.8023674729799279
8,117.1,96.15,0.8210930828351836
8,74.0,58.55,0.7912162162162162
10,100.7,81.1,0.8053624627606752
2,96.2,85.8,0.8918918918918919
10,79.2,69.95,0.8832070707070707
8,75.95,60.3,0.793943383805135
12,164.2,105.65,0.6434226552984166
8,102.95,77.55,0.7532782904322487
12,46.65,36.0,0.7717041800643086
4,123.7,100.95,0.8160873080032336
10,121.4,94.2,0.7759472817133443
14,102.8,79.75,0.7757782101167315
18,45.55,31.05,0.681668496158068
10,108.0,92.9,0.8601851851851852
14,58.95,41.35,0.7014418999151824
12,42.9,30.0,0.6993006993006993
14,76.15,52.8,0.6933683519369666
8,60.75,49.55,0.8156378600823045
14,201.1,160.25,0.7968672302337145
16,109.85,78.4,0.7137005006827492
8,127.9,102.55,0.8017982799061767
14,158.4,122.95,0.7761994949494949
10,99.15,81.4,0.8209783156833081
8,57.85,43.0,0.7433016421780466
8,94.05,81.15,0.8628389154704944
16,129.3,97.55,0.754447022428461
12,66.25,55.55,0.8384905660377359
6,150.05,126.7,0.8443852049316894
4,95.15,75.1,0.789280084077772
14,72.9,63.45,0.8703703703703703
6,163.85,133.05,0.8120231919438511
12,97.95,81.95,0.8366513527309852
14,99.25,71.85,0.7239294710327456
8,54.9,44.45,0.8096539162112932
10,126.4,99.95,0.790743670886076
12,94.45,79.6,0.8427739544732663
12,133.5,109.5,0.8202247191011236
10,88.0,77.1,0.8761363636363636
0,129.25,109.95,0.8506769825918762
8,67.55,55.55,0.8223538119911177
8,126.25,102.05,0.8083168316831684
8,255.15,215.2,0.8434254360180287
14,181.65,153.1,0.8428296173960914
10,146.1,113.45,0.7765229295003422
16,62.35,53.1,0.8516439454691259
8,115.6,95.2,0.8235294117647058
6,103.65,85.4,0.82392667631452
6,175.0,140.2,0.8011428571428572
12,54.6,39.25,0.7188644688644689
0,129.3,115.4,0.8924980665119876
12,110.55,87.45,0.7910447761194029
12,81.7,65.0,0.795593635250918
14,56.8,40.9,0.7200704225352113
8,125.5,99.25,0.7908366533864541
12,158.15,117.85,0.7451786278849194
12,77.2,62.95,0.8154145077720207
12,73.0,62.0,0.8493150684931506
16,158.45,115.55,0.7292521300094668
8,49.65,39.5,0.7955689828801611
6,140.3,123.5,0.880256593014968
6,78.05,64.2,0.8225496476617553
10,140.0,103.65,0.7403571428571428
4,89.95,72.7,0.8082267926625903
6,96.8,78.6,0.8119834710743802
14,68.2,49.9,0.7316715542521994
12,166.65,129.5,0.7770777077707771
6,176.45,150.9,0.8551997733068858
10,112.65,89.8,0.7971593430980914
4,55.4,47.9,0.8646209386281588
8,142.8,116.65,0.8168767507002801
22,44.5,29.95,0.6730337078651686
10,99.25,76.0,0.7657430730478589
12,129.4,99.8,0.7712519319938176
14,72.05,59.8,0.8299791811242193
20,176.25,115.85,0.6573049645390071
2,63.7,51.35,0.8061224489795918
4,95.05,82.2,0.8648079957916885
10,30.25,25.9,0.856198347107438
10,116.95,86.85,0.7426250534416418
4,73.2,63.85,0.8722677595628415
12,207.3,154.95,0.7474674384949349
12,137.6,110.1,0.8001453488372093
8,113.95,96.9,0.8503729706011408
16,159.1,115.05,0.7231301068510371
12,100.9,79.45,0.7874132804757186
2,115.65,93.5,0.8084738434932988
20,58.25,45.15,0.7751072961373391
4,138.6,112.8,0.8138528138528138
8,95.15,82.2,0.8638991066736732
4,179.7,145.6,0.8102392877017252
10,209.8,162.85,0.7762154432793136
6,58.2,46.3,0.7955326460481099
8,86.9,71.45,0.8222094361334867
4,69.4,56.6,0.8155619596541787
6,149.3,130.3,0.8727394507702613
2,133.45,108.8,0.8152866242038217
14,95.15,71.15,0.7477666841828692
2,116.7,95.7,0.8200514138817481
14,113.2,93.1,0.8224381625441696
4,82.15,71.15,0.8660986001217286
6,223.45,185.3,0.8292682926829268
6,107.2,93.95,0.8763992537313433
16,188.0,143.25,0.761968085106383
10,169.95,122.15,0.7187408061194469
10,61.15,49.2,0.8045789043336059
8,126.35,96.4,0.7629600316580926
12,105.8,80.2,0.7580340264650284
4,112.8,94.05,0.8337765957446809
16,140.1,111.55,0.7962169878658102
4,51.25,38.55,0.7521951219512195
16,12.5,9.0,0.72
8,112.9,91.1,0.8069087688219664
14,108.95,81.3,0.7462138595686094
14,33.2,23.1,0.6957831325301205
12,48.15,40.05,0.8317757009345794
12,185.65,145.65,0.7845408025855104
10,186.4,142.9,0.7666309012875536
6,117.1,94.55,0.8074295473953885
10,72.1,59.0,0.8183079056865464
12,249.05,201.3,0.80827143143947
14,87.8,66.35,0.7556947608200456
2,69.2,54.75,0.7911849710982659
10,94.65,60.2,0.636027469624934
8,205.15,178.15,0.868388983670485
10,91.4,66.85,0.7314004376367614
14,140.4,112.75,0.8030626780626781
16,146.55,112.75,0.7693619924940294
6,148.7,125.9,0.8466711499663753
12,130.8,103.5,0.7912844036697247
10,150.85,128.85,0.8541597613523367
14,116.45,94.45,0.8110777157578359
14,114.85,87.65,0.7631693513278189
12,64.0,51.5,0.8046875
20,105.7,78.75,0.7450331125827815
10,124.2,102.3,0.8236714975845411
8,70.6,59.65,0.8449008498583569
16,52.7,36.15,0.6859582542694497
18,94.9,73.6,0.7755532139093783
10,132.65,110.45,0.8326422917451941
8,80.55,66.5,0.8255741775294848
6,180.55,146.75,0.8127942398227638
10,166.25,136.1,0.8186466165413534
4,87.05,75.85,0.871338311315336
4,154.15,130.5,0.8465780084333442
12,59.15,45.45,0.768385460693153
14,82.65,60.85,0.736237144585602
14,170.95,133.85,0.7829774787949693
8,112.85,85.5,0.7576428887904297
14,101.9,77.1,0.7566241413150148
12,147.7,123.7,0.8375084631008801
8,52.0,41.75,0.8028846153846154
2,141.95,124.05,0.8738992603029235
14,150.05,109.9,0.7324225258247251
6,170.85,148.5,0.8691834942932397
12,141.5,115.0,0.8127208480565371
10,79.8,65.15,0.8164160401002506
14,62.5,43.75,0.7
12,79.9,66.95,0.8379224030037546
8,60.5,51.3,0.8479338842975207
8,101.65,82.05,0.8071815051647812
6,130.95,109.15,0.8335242458953799
14,75.55,55.4,0.7332892124420913
10,121.95,103.1,0.8454284542845428
4,119.8,98.1,0.8188647746243739
2,104.95,86.75,0.8265840876607908
14,92.4,67.7,0.7326839826839827
4,213.3,180.1,0.8443506797937178
8,110.6,88.5,0.8001808318264014
16,55.5,37.95,0.6837837837837838
12,45.3,32.15,0.7097130242825607
12,64.2,51.7,0.8052959501557633
20,146.9,105.05,0.7151123213070115
12,95.75,81.2,0.8480417754569191
10,120.65,90.75,0.7521757148777456
10,94.9,75.4,0.7945205479452054
6,165.95,149.85,0.9029828261524555
10,168.45,136.8,0.8121104185218165
10,119.0,88.7,0.7453781512605042
12,100.9,83.55,0.8280475718533201
10,66.1,48.8,0.7382753403933434
10,109.25,90.25,0.8260869565217391
16,122.3,89.05,0.7281275551921504
10,85.1,67.2,0.7896592244418331
10,84.7,62.85,0.7420306965761512
10,110.4,91.6,0.8297101449275363
8,68.55,51.35,0.7490882567469
12,22.45,15.1,0.6726057906458798
8,78.75,63.0,0.8
6,75.75,63.4,0.836963696369637
8,102.75,81.3,0.7912408759124088
14,81.2,61.95,0.7629310344827587
6,108.5,90.9,0.8377880184331797
20,37.95,25.1,0.6613965744400527
8,162.25,127.9,0.7882896764252696
6,191.3,168.6,0.8813382122320962
8,100.3,88.25,0.8798604187437687
12,67.95,53.4,0.7858719646799117
10,163.85,140.3,0.8562709795544705
10,128.15,94.95,0.740928599297698
8,96.0,73.95,0.7703125
14,83.25,60.15,0.7225225225225225
10,114.55,92.95,0.8114360541248363
10,81.0,61.55,0.7598765432098765
2,136.45,114.4,0.8384023451813851
10,92.4,76.1,0.8235930735930735
10,168.65,145.2,0.8609546397865402
4,213.7,161.9,0.757604117922321
10,124.7,100.35,0.8047313552526063
6,211.2,182.0,0.8617424242424242
14,127.55,98.45,0.7718541748333987
6,140.25,120.9,0.8620320855614974
10,31.2,24.25,0.7772435897435898
10,67.95,54.35,0.7998528329654158
16,157.25,126.35,0.8034976152623211
12,106.35,87.55,0.8232251998119418
8,104.4,80.9,0.774904214559387
14,125.65,103.05,0.8201352964584162
10,78.65,61.35,0.7800381436745073
14,32.1,26.3,0.8193146417445483
10,48.55,37.9,0.780638516992791
8,90.85,77.85,0.8569069895432031
4,98.7,86.1,0.8723404255319149
8,89.05,63.7,0.7153284671532847
4,32.6,27.3,0.8374233128834356
4,81.65,66.8,0.8181261481935089
6,182.15,148.95,0.8177326379357672
6,90.7,75.1,0.8280044101433297
8,207.05,157.9,0.7626177251871529
8,110.7,89.9,0.8121047877145439
12,158.4,121.85,0.7692550505050505
14,58.75,42.15,0.7174468085106382
12,120.45,89.0,0.7388958073889581
8,54.45,43.65,0.8016528925619835
16,108.15,80.5,0.7443365695792881
12,117.9,100.35,0.851145038167939
10,98.05,78.0,0.7955124936257012
14,40.25,30.85,0.7664596273291926
16,114.0,86.75,0.7609649122807017
14,142.0,103.2,0.7267605633802817
8,119.1,100.1,0.8404701931150294
12,133.1,109.2,0.8204357625845229
14,51.85,37.7,0.7270973963355835
6,101.3,80.2,0.7917077986179665
10,202.15,156.2,0.7726935443977244
16,60.8,44.9,0.7384868421052632
16,102.75,79.5,0.7737226277372263
4,197.2,175.55,0.8902129817444219
6,57.95,51.6,0.8904227782571182
8,140.8,96.6,0.6860795454545454
10,137.85,113.5,0.8233587232499093
4,71.95,58.05,0.8068102849200834
2,74.95,63.65,0.8492328218812542
4,85.1,70.35,0.8266745005875441
10,169.35,132.85,0.7844700324771184
10,121.25,100.35,0.8276288659793815
14,108.85,85.9,0.7891593936610014
6,88.7,69.9,0.7880496054114995
8,85.05,70.4,0.8277483833039389
24,159.75,116.4,0.7286384976525822
10,74.1,59.85,0.8076923076923077
10,94.65,67.9,0.7173798203909139
12,68.9,51.7,0.7503628447024674
16,55.2,37.8,0.6847826086956522
18,144.45,117.1,0.8106611284181378
18,179.6,140.95,0.7847995545657016
12,55.15,42.75,0.7751586582048957
14,103.15,83.5,0.8095007270964615
10,190.25,155.35,0.8165571616294349
4,89.5,79.1,0.8837988826815643
4,173.9,142.2,0.8177113283496262
14,65.6,50.6,0.7713414634146342
16,106.05,80.55,0.7595473833097596
12,85.9,69.2,0.8055878928987195
6,73.25,58.65,0.8006825938566553
4,137.5,109.4,0.7956363636363636
8,61.45,49.35,0.8030919446704637
14,112.85,82.8,0.7337173238812583
6,59.05,50.3,0.8518204911092294
14,75.8,57.15,0.753957783641161
10,175.15,141.25,0.8064516129032258
16,95.05,63.0,0.6628090478695423
12,105.45,80.45,0.7629208155523945
14,64.65,52.1,0.805877803557618
20,125.45,94.9,0.7564766839378239
16,43.15,33.25,0.7705677867902665
6,117.5,104.2,0.8868085106382979
10,143.6,123.85,0.8624651810584958
20,118.0,81.25,0.6885593220338984
6,52.9,44.25,0.8364839319470699
14,103.2,87.8,0.8507751937984496
8,157.45,114.0,0.7240393775801842
2,108.85,95.85,0.8805695911805237
6,53.6,45.1,0.8414179104477612
12,108.35,89.15,0.8227964928472543
8,100.8,80.3,0.7966269841269841
6,28.65,23.05,0.8045375218150087
8,122.2,101.6,0.8314238952536824
12,45.2,35.45,0.7842920353982301
4,135.6,108.8,0.8023598820058997
10,41.1,34.4,0.8369829683698297
16,103.55,76.5,0.7387735393529696
6,63.6,49.55,0.7790880503144654
12,146.8,116.2,0.7915531335149864
18,99.05,73.75,0.7445734477536597
4,121.65,111.25,0.9145088368269626
16,75.4,57.65,0.7645888594164456
16,133.3,109.7,0.8229557389347337
14,103.75,92.3,0.8896385542168674
10,149.85,112.7,0.7520854187520855
10,77.4,51.85,0.6698966408268734
10,106.4,79.05,0.7429511278195489
6,86.3,74.5,0.8632676709154113
10,58.5,48.6,0.8307692307692308
22,32.6,23.55,0.7223926380368099
12,116.45,92.0,0.7900386431945041
6,106.2,90.45,0.8516949152542372
10,139.15,114.6,0.8235716852317643
12,116.95,97.25,0.8315519452757588
12,111.1,90.35,0.8132313231323133
8,137.35,110.5,0.8045140152894066
20,91.3,59.85,0.6555312157721797
10,93.2,76.55,0.8213519313304721
8,192.1,147.5,0.7678292555960438
10,111.35,92.5,0.8307139649753031
6,141.85,113.55,0.8004934790271413
10,39.0,28.5,0.7307692307692307
6,121.9,102.55,0.8412633305988515
8,147.45,120.3,0.8158697863682605
8,131.25,110.3,0.8403809523809523
12,123.4,98.85,0.8010534846029174
16,142.95,116.55,0.8153200419727177
6,58.65,47.75,0.814151747655584
10,139.8,119.25,0.8530042918454935
8,87.75,74.4,0.8478632478632478
12,77.15,59.7,0.7738172391445236
14,207.1,159.65,0.7708836310960888
20,123.05,78.2,0.6355140186915887
8,85.75,74.45,0.8682215743440234
8,146.1,122.65,0.8394934976043805
14,153.4,116.15,0.7571707953063885
8,96.85,80.7,0.8332472896231286
10,145.25,119.5,0.8227194492254734
8,96.8,84.7,0.875
12,141.55,100.3,0.7085835393853762
10,66.0,55.65,0.8431818181818181
16,48.35,33.6,0.6949327817993796
14,120.65,97.0,0.8039784500621633
12,117.65,87.05,0.7399065023374416
14,92.25,71.9,0.7794037940379404
14,95.2,68.95,0.7242647058823529
10,18.9,16.3,0.8624338624338624
12,62.3,51.85,0.8322632423756019
16,39.95,30.5,0.7634543178973717
8,151.0,116.1,0.7688741721854304
14,104.0,80.4,0.7730769230769231
12,92.65,69.55,0.7506745817593092
6,86.1,76.35,0.8867595818815331
12,106.9,85.0,0.7951356407857811
10,236.15,189.95,0.8043616345543088
10,76.5,65.75,0.8594771241830066
8,96.85,74.35,0.7676819824470831
10,89.15,73.3,0.8222097588334268
10,106.55,84.2,0.7902393242609104
16,96.75,73.85,0.7633074935400517
12,152.95,120.6,0.7884929715593331
10,136.75,110.4,0.8073126142595978
8,77.5,61.25,0.7903225806451613
10,186.9,144.7,0.7742108079186731
12,114.5,92.85,0.8109170305676856
8,75.45,66.45,0.8807157057654076
10,123.7,104.3,0.8431689571544059
10,39.9,32.25,0.8082706766917294
6,98.2,84.0,0.8553971486761711
10,64.15,52.75,0.8222915042868277
8,222.6,168.25,0.7558400718778078
8,63.05,51.2,0.8120539254559873
6,115.0,85.8,0.7460869565217392
8,63.45,50.8,0.8006304176516943
12,142.45,113.55,0.7971217971217971
20,81.25,55.0,0.676923076923077
14,45.3,39.75,0.8774834437086093
10,45.3,38.7,0.8543046357615894
12,111.15,82.05,0.738191632928475
6,129.8,110.0,0.847457627118644
10,102.75,87.45,0.8510948905109489
10,98.85,77.95,0.7885685381891755
14,161.35,136.45,0.8456770994731949
12,46.6,39.0,0.8369098712446352
8,112.9,101.45,0.8985828166519043
8,210.7,174.25,0.8270052206929284
8,90.65,75.25,0.8301158301158301
10,61.55,49.1,0.7977254264825345
6,42.1,35.55,0.8444180522565321
16,90.2,74.05,0.8209534368070953
8,38.05,27.15,0.7135348226018396
10,63.0,50.65,0.803968253968254
8,60.55,48.6,0.8026424442609413
4,86.25,69.95,0.8110144927536231
14,132.15,100.25,0.7586076428301173
10,108.65,86.25,0.7938334100322135
6,101.65,83.7,0.823413674372848
14,96.75,76.95,0.7953488372093023
10,165.85,130.0,0.7838408200180886
6,70.95,56.3,0.7935165609584214
18,164.65,121.2,0.7361068934102643
6,188.5,156.35,0.8294429708222811
16,59.3,41.1,0.6930860033726813
8,63.25,49.65,0.7849802371541502
8,167.75,141.0,0.8405365126676602
12,63.25,51.35,0.8118577075098814
4,151.0,132.1,0.8748344370860928
16,25.05,18.35,0.7325349301397206
10,83.85,70.45,0.840190816935003
10,95.4,72.9,0.7641509433962265
6,109.85,92.2,0.8393263541192535
16,124.05,95.3,0.7682386134623136
4,150.25,124.25,0.826955074875208
12,73.25,55.55,0.7583617747440273
10,77.2,63.3,0.8199481865284974
4,204.45,178.2,0.871606749816581
20,12.0,9.4,0.7833333333333333
16,77.5,59.35,0.7658064516129032
12,101.65,77.15,0.7589768814559764
18,155.45,110.85,0.7130910260533934
10,114.15,94.45,0.8274200613228209
12,115.55,98.2,0.8498485504110774
8,124.55,102.65,0.8241670012043356
8,128.65,96.9,0.7532063738826272
8,171.1,146.8,0.8579777907656342
12,117.5,92.25,0.7851063829787234
10,56.95,44.5,0.781387181738367
12,59.0,47.2,0.8
6,115.85,103.25,0.8912386706948641
22,88.2,57.05,0.6468253968253969
6,257.4,195.8,0.7606837606837606
4,224.4,188.65,0.8406862745098039
12,68.65,53.35,0.7771303714493809
8,26.65,18.85,0.7073170731707317
8,81.45,68.5,0.8410067526089625
6,142.25,113.25,0.7961335676625659
6,189.05,161.25,0.85294895530283
18,118.8,94.1,0.7920875420875421
14,99.35,69.9,0.7035732259687972
8,72.85,65.9,0.9045984900480439
12,137.45,105.2,0.7653692251727902
6,183.2,151.95,0.8294213973799127
8,197.6,161.05,0.8150303643724697
6,195.0,166.9,0.8558974358974359
6,216.85,167.95,0.7744985012681577
16,76.3,52.45,0.6874180865006553
14,64.95,52.8,0.812933025404157
8,92.35,71.75,0.7769355711965349
22,97.4,73.1,0.7505133470225873
18,197.3,147.6,0.7480993411049164
10,96.1,73.15,0.7611862643080125
16,145.05,107.8,0.7431920027576697
8,85.65,74.0,0.8639813193228254
6,188.2,157.6,0.8374070138150903
12,52.45,40.85,0.778836987607245
8,120.2,90.8,0.7554076539101497
6,67.3,55.65,0.8268945022288261
6,96.15,79.8,0.8299531981279251
12,53.05,39.4,0.7426955702167767
6,171.8,144.15,0.8390570430733411
10,199.75,159.6,0.7989987484355444
12,114.2,95.9,0.839754816112084
6,72.1,59.55,0.8259361997226075
14,69.4,53.2,0.7665706051873199
18,116.8,97.5,0.8347602739726028
20,113.55,89.3,0.7864376926464113
10,136.7,106.55,0.7794440380395026
10,243.75,187.7,0.770051282051282
4,150.8,129.0,0.8554376657824934
16,150.0,109.25,0.7283333333333334
16,46.65,34.35,0.7363344051446945
10,130.65,97.0,0.7424416379640261
6,125.15,95.2,0.7606871753895326
6,107.2,91.25,0.8512126865671642
10,83.0,67.6,0.8144578313253013
12,175.1,135.45,0.7735579668760708
6,174.95,139.0,0.7945127179194056
16,110.25,78.6,0.7129251700680272
14,139.1,106.0,0.7620416966211359
4,43.1,37.7,0.8747099767981439
10,55.5,47.2,0.8504504504504504
14,117.85,93.5,0.7933814170555791
4,194.35,157.65,0.811165423205557
8,101.25,90.45,0.8933333333333333
10,47.05,38.25,0.8129649309245484
8,52.8,45.95,0.8702651515151515
4,204.3,180.5,0.8835046500244738
8,159.55,132.65,0.8314008147916013
12,126.5,89.95,0.7110671936758893
4,107.0,87.5,0.8177570093457944
18,33.3,26.95,0.8093093093093093
10,39.15,26.0,0.6641123882503193
16,111.15,85.35,0.7678812415654521
16,34.75,26.05,0.7496402877697842
6,135.05,110.45,0.8178452425027768
20,57.7,40.6,0.7036395147313691
12,156.25,131.05,0.83872
6,190.75,168.0,0.8807339449541285
8,110.65,90.9,0.8215092634432897
4,34.6,30.3,0.8757225433526011
6,123.25,100.15,0.8125760649087221
10,120.75,82.05,0.6795031055900621
14,42.45,31.1,0.7326266195524146
14,79.95,62.2,0.7779862414008756
8,127.55,109.35,0.8573108584868679
12,145.45,112.05,0.7703678239944999
10,86.15,70.55,0.8189204875217644
18,54.4,39.2,0.7205882352941176
18,104.25,64.1,0.6148681055155876
8,62.35,50.65,0.8123496391339214
10,82.9,69.65,0.8401688781664656
10,199.4,161.3,0.808926780341023
8,62.45,47.45,0.7598078462770216
4,106.95,91.55,0.8560074801309023
10,45.6,36.95,0.8103070175438597
8,48.85,37.75,0.7727737973387923
14,84.35,65.0,0.7705986959098993
14,154.9,116.35,0.7511297611362169
20,56.1,43.3,0.7718360071301248
10,57.3,44.55,0.7774869109947644
10,132.75,99.45,0.7491525423728813
14,54.65,40.6,0.7429094236047575
16,35.25,23.35,0.6624113475177305
14,121.65,99.55,0.8183312782572956
8,46.5,36.25,0.7795698924731183
2,125.0,109.75,0.878
20,57.9,41.95,0.7245250431778929
12,92.05,76.7,0.8332428028245519
12,52.95,41.45,0.7828139754485364
16,82.65,64.25,0.7773744706594071
16,68.75,53.2,0.7738181818181818
10,78.75,59.3,0.753015873015873
14,171.15,130.9,0.7648261758691206
6,123.45,96.25,0.7796678817334953
6,117.1,86.55,0.7391118701964133
14,105.7,80.8,0.7644276253547777
8,30.25,22.65,0.7487603305785124
16,114.4,82.3,0.7194055944055944
10,65.05,55.05,0.846272098385857
6,99.7,85.05,0.8530591775325977
12,80.65,63.75,0.7904525728456293
6,128.45,104.35,0.8123783573374854
14,160.35,117.95,0.7355784222014343
14,76.95,55.65,0.723196881091618
12,116.95,95.15,0.8135955536554083
10,155.25,133.2,0.8579710144927536
4,73.25,54.05,0.7378839590443687
18,76.8,58.6,0.7630208333333334
10,105.95,83.9,0.7918829636621048
10,157.85,125.9,0.7975926512511878
8,95.8,77.2,0.8058455114822547
4,161.75,126.2,0.7802163833075734
8,75.6,62.8,0.8306878306878307
10,141.75,106.75,0.7530864197530864
12,137.2,112.65,0.8210641399416909
2,58.9,54.5,0.9252971137521222
12,157.95,121.6,0.769863880974992
10,174.7,154.4,0.8838008013737836
10,101.9,84.7,0.831207065750736
16,140.25,110.05,0.7846702317290553
14,82.3,66.7,0.81044957472661
10,106.8,84.15,0.7879213483146067
6,120.0,97.15,0.8095833333333333
14,96.95,70.55,0.7276946879834967
18,135.0,99.85,0.7396296296296296
10,87.8,64.7,0.7369020501138952
14,162.95,125.45,0.7698680576864069
14,98.15,73.6,0.7498726439123791
14,104.7,85.1,0.8127984718242598
8,158.95,125.95,0.7923875432525952
14,62.65,44.35,0.707901037509976
6,91.75,67.35,0.7340599455040872
14,124.1,94.75,0.7634971796937954
6,78.0,67.0,0.8589743589743589
10,146.7,118.9,0.8104976141785958
8,88.85,77.85,0.8761958356781092
12,46.45,38.25,0.8234660925726588
4,72.1,62.9,0.8723994452149791
8,111.95,92.5,0.8262617239839214
10,92.55,69.55,0.7514856834143706
6,85.55,77.8,0.9094097019286966
6,215.7,180.7,0.837737598516458
18,135.45,99.9,0.7375415282392026
4,54.95,49.05,0.8926296633303002
16,65.15,52.15,0.8004604758250192
14,70.5,49.15,0.6971631205673758
6,56.65,46.05,0.8128861429832304
12,98.75,78.9,0.7989873417721519
16,78.45,58.75,0.7488846398980242
14,53.25,39.6,0.7436619718309859
10,167.4,132.7,0.7927120669056152
14,133.6,93.2,0.6976047904191617
12,184.05,140.45,0.763107851127411
12,107.2,88.75,0.8278917910447762
4,154.0,120.1,0.7798701298701298
12,133.2,96.15,0.7218468468468469
16,187.1,139.35,0.744788882950294
16,93.8,80.3,0.8560767590618337
8,106.7,83.4,0.781630740393627
8,108.5,90.85,0.8373271889400922
12,86.05,71.25,0.8280069726902963
10,89.2,72.25,0.8099775784753364
12,72.1,53.9,0.7475728155339806
6,103.1,79.2,0.7681862269641125
8,83.5,68.1,0.8155688622754491
8,112.1,95.3,0.8501338090990187
6,103.75,89.65,0.8640963855421687
4,105.15,90.9,0.8644793152639088
10,58.25,48.45,0.8317596566523605
12,118.6,92.8,0.7824620573355818
10,116.15,91.8,0.7903572965992252
14,59.4,46.5,0.7828282828282829
12,131.55,105.5,0.8019764348156595
10,104.8,81.1,0.773854961832061
12,123.2,98.15,0.796672077922078
8,96.3,83.15,0.8634475597092419
8,226.15,184.7,0.8167145699756798
12,37.7,33.1,0.8779840848806366
10,121.9,88.9,0.7292863002461034
14,71.3,57.8,0.8106591865357644
6,86.75,71.0,0.8184438040345822
6,165.9,127.4,0.7679324894514767
14,55.6,43.5,0.7823741007194245
2,103.55,94.15,0.9092225977788508
12,141.95,117.35,0.826699542092286
12,98.1,83.3,0.8491335372069317
10,114.15,92.4,0.80946123521682
4,72.35,62.4,0.8624740843123704
10,109.45,92.8,0.8478757423481041
12,25.25,18.55,0.7346534653465346
10,174.4,135.1,0.7746559633027523
6,213.6,186.65,0.8738295880149812
10,113.7,86.15,0.7576956904133685
8,146.55,122.3,0.8345274650290003
14,76.85,52.0,0.6766428106701367
10,42.15,30.95,0.734282325029656
10,99.45,76.55,0.7697335344394168
12,94.5,75.65,0.8005291005291005
8,103.95,85.2,0.8196248196248196
18,80.6,57.5,0.7133995037220844
6,71.15,61.5,0.8643710470836261
6,69.65,58.15,0.8348887293610912
6,161.95,136.35,0.8419265205310281
10,91.5,77.0,0.8415300546448088
12,140.7,112.6,0.8002842928216063
10,236.05,193.25,0.8186824825248888
10,134.2,121.45,0.9049925484351714
16,38.6,29.5,0.7642487046632125
10,37.8,29.65,0.7843915343915344
12,75.5,58.9,0.7801324503311259
8,69.05,55.15,0.7986965966690803
10,193.35,159.15,0.8231186966640807
14,73.9,60.3,0.8159675236806495
10,115.8,90.15,0.7784974093264249
8,36.45,29.85,0.8189300411522634
8,102.65,82.15,0.8002922552362397
12,207.0,165.55,0.7997584541062802
10,148.7,124.65,0.8382649630127774
12,63.2,50.75,0.803006329113924
14,127.6,103.8,0.8134796238244514
8,27.25,23.3,0.8550458715596331
8,108.0,91.5,0.8472222222222222
14,84.5,64.55,0.763905325443787
8,114.6,94.05,0.8206806282722513
12,135.5,112.3,0.8287822878228782
10,50.55,40.15,0.7942631058358062
10,43.4,34.15,0.7868663594470046
12,56.7,43.25,0.7627865961199295
16,44.75,36.8,0.8223463687150838
14,53.45,41.25,0.7717492984097287
8,147.25,119.15,0.8091680814940577
14,112.4,78.3,0.6966192170818505
14,84.1,67.15,0.7984542211652794
18,44.75,31.3,0.6994413407821229
6,84.2,71.25,0.8461995249406176
10,83.35,62.5,0.7498500299940012
6,68.05,55.2,0.8111682586333578
8,124.1,104.15,0.839242546333602
10,86.45,64.05,0.7408906882591093
6,168.2,144.65,0.8599881093935791
6,136.65,108.0,0.7903402854006586
6,95.45,77.4,0.8108957569408067
6,79.2,64.4,0.8131313131313131
6,125.65,94.45,0.751691205730203
10,84.8,62.65,0.7387971698113207
12,118.7,100.2,0.8441449031171019
8,133.1,114.95,0.8636363636363636
14,128.7,94.6,0.7350427350427351
14,140.75,106.4,0.7559502664298401
6,223.5,171.65,0.7680089485458613
6,129.5,108.9,0.8409266409266409
12,69.0,51.55,0.7471014492753624
16,94.3,68.85,0.7301166489925769
10,135.2,113.9,0.8424556213017751
12,118.95,88.75,0.7461118116855822
8,73.25,61.9,0.8450511945392492
8,72.85,61.8,0.848318462594372
12,162.65,128.25,0.7885029203811866
12,109.35,84.9,0.7764060356652949
14,86.5,67.55,0.7809248554913295
10,73.8,58.4,0.7913279132791328
6,39.3,34.2,0.8702290076335878
10,74.15,58.9,0.7943358057990559
12,189.55,161.25,0.8506990240042205
18,172.5,136.5,0.7913043478260869
14,130.2,109.4,0.8402457757296466
18,106.95,78.65,0.7353903693314633
2,61.75,45.65,0.7392712550607288
14,72.75,52.25,0.718213058419244
14,330.25,256.7,0.7772899318697956
12,171.95,132.45,0.7702820587380053
16,96.4,74.0,0.7676348547717843
8,105.85,87.65,0.8280585734529995
12,165.3,127.35,0.7704174228675136
8,186.2,158.6,0.8517722878625135
10,107.45,91.1,0.8478362028850628
2,61.95,56.4,0.910411622276029
18,77.15,54.35,0.7044718081659106
12,70.1,50.05,0.7139800285306704
14,149.15,108.95,0.7304726785115655
6,114.2,95.4,0.8353765323992994
6,220.7,184.65,0.8366560942455823
16,98.25,63.95,0.6508905852417303
12,192.15,148.05,0.7704918032786885
8,249.55,216.05,0.8657583650571028
6,147.5,117.85,0.7989830508474576
10,83.8,70.8,0.8448687350835322
12,51.0,38.25,0.75
12,35.55,28.2,0.7932489451476793
12,140.35,109.75,0.7819736373352334
14,101.05,70.65,0.6991588322612569
12,177.25,131.35,0.7410437235543018
14,62.3,47.5,0.7624398073836276
10,94.5,72.85,0.7708994708994709
10,35.85,28.8,0.803347280334728
4,98.2,81.0,0.824847250509165
12,144.4,111.45,0.771814404432133
6,30.75,23.7,0.7707317073170732
20,91.4,62.95,0.6887308533916849
12,114.05,84.8,0.7435335379219641
4,200.2,163.55,0.8169330669330669
10,32.2,26.0,0.8074534161490683
8,146.4,114.45,0.7817622950819673
14,253.75,201.6,0.7944827586206896
12,142.5,114.65,0.8045614035087719
4,171.4,134.8,0.7864644107351225
14,129.75,97.5,0.7514450867052023
12,28.05,23.15,0.8253119429590018
12,160.6,126.75,0.789227895392279
10,119.45,88.55,0.7413143574717455
2,115.05,105.95,0.9209039548022598
10,101.35,77.0,0.7597434632461766
8,72.65,60.15,0.8279421885753613
16,78.5,53.5,0.6815286624203821
2,79.9,68.5,0.8573216520650814
16,84.5,58.8,0.6958579881656805
12,121.55,102.75,0.8453311394487865
6,141.45,119.9,0.847649346058678
4,179.7,152.3,0.8475236505286589
8,169.45,127.7,0.7536146355857185
16,138.55,106.15,0.7661494045470949
8,90.25,67.85,0.7518005540166205
18,108.6,85.1,0.783609576427256
10,153.05,123.4,0.8062724599803985
12,236.15,198.75,0.8416260851153927
10,90.95,72.15,0.7932930181418362
16,44.7,30.9,0.6912751677852349
8,123.75,101.8,0.8226262626262626
4,33.15,28.95,0.8733031674208145
12,102.45,72.45,0.7071742313323572
12,119.25,93.0,0.779874213836478
14,109.05,75.8,0.6950939935809262
8,53.85,47.1,0.8746518105849582
14,62.65,51.1,0.8156424581005587
8,125.7,104.4,0.8305489260143198
18,27.65,15.2,0.5497287522603979
20,56.65,40.1,0.707855251544572
18,55.65,40.75,0.7322551662174304
16,156.3,124.05,0.7936660268714012
14,43.7,35.25,0.8066361556064073
8,55.15,44.1,0.7996373526745241
6,118.05,96.15,0.8144853875476493
10,78.1,63.25,0.8098591549295775
8,17.45,14.05,0.8051575931232091
8,113.05,100.55,0.8894294559929234
4,90.05,66.7,0.7406996113270405
8,92.9,80.6,0.8675995694294941
10,121.85,94.4,0.7747230201066886
6,63.1,50.15,0.794770206022187
14,159.9,129.25,0.808317698561601
10,142.3,104.5,0.7343640196767393
16,130.15,96.0,0.7376104494813677
10,71.85,58.2,0.8100208768267223
10,66.05,59.2,0.8962906888720666
6,172.75,154.8,0.8960926193921852
18,95.05,63.55,0.6685954760652288
14,80.95,62.95,0.7776405188387894
12,139.35,112.8,0.8094725511302476
8,191.1,164.35,0.8600209314495029
22,66.9,44.3,0.6621823617339312
4,123.15,103.35,0.8392204628501827
10,129.35,106.05,0.8198685736374178
10,77.4,59.15,0.7642118863049095
16,195.6,144.8,0.7402862985685071
14,148.4,106.5,0.717654986522911
12,93.5,74.05,0.7919786096256685
8,61.2,46.0,0.7516339869281046
4,98.25,74.15,0.7547073791348601
16,92.25,76.5,0.8292682926829268
8,107.0,90.45,0.8453271028037384
4,241.55,210.7,0.8722831711860899
16,142.8,112.75,0.7895658263305322
8,126.5,104.3,0.824505928853755
6,82.9,70.15,0.8462002412545235
20,138.55,103.35,0.7459400938289427
8,88.05,72.45,0.8228279386712095
8,59.75,47.65,0.797489539748954
6,218.4,171.55,0.785485347985348
6,136.75,120.55,0.8815356489945155
10,76.45,54.8,0.7168083714846305
10,93.65,73.7,0.7869727709556861
4,148.55,116.8,0.7862672500841468
4,102.4,83.95,0.81982421875
12,154.05,120.55,0.7825381369685167
16,57.85,42.5,0.7346585998271391
10,181.85,154.9,0.8518009348364036
20,200.45,156.6,0.781242205038663
12,93.7,70.15,0.7486659551760939
4,181.35,153.2,0.8447752963881996
16,100.85,76.1,0.7545860188398612
10,85.65,62.65,0.7314652656158785
10,124.4,87.85,0.7061897106109325
10,188.2,158.1,0.8400637619553666
12,119.1,95.85,0.8047858942065491
14,102.5,87.55,0.8541463414634146
16,63.25,44.85,0.7090909090909091
14,110.5,84.6,0.7656108597285067
8,79.1,69.9,0.8836915297092288
8,112.6,94.35,0.8379218472468917
16,118.45,82.6,0.6973406500633178
14,138.1,107.9,0.781317885590152
16,69.25,46.95,0.6779783393501805
8,150.55,121.25,0.8053802723347725
10,68.15,54.45,0.7989728539985327
10,80.05,69.0,0.8619612742036228
4,94.95,87.15,0.9178515007898894
6,150.9,116.65,0.7730284956925116
16,20.85,16.85,0.8081534772182254
8,80.05,71.0,0.886945658963148
14,59.6,44.3,0.7432885906040269
8,162.55,129.7,0.7979083358966472
10,125.9,103.75,0.824066719618745
12,51.25,39.15,0.7639024390243903
12,28.8,23.8,0.8263888888888888
8,175.8,147.7,0.8401592718998863
8,212.0,162.05,0.7643867924528301
6,161.6,129.35,0.8004331683168316
8,84.45,65.05,0.7702782711663706
8,71.0,59.25,0.8345070422535211
10,84.65,65.95,0.7790903721204961
12,117.85,91.5,0.7764106915570641
12,53.85,42.5,0.7892293407613742
14,101.5,76.35,0.7522167487684729
6,118.6,100.15,0.8444350758853288
16,88.3,64.1,0.7259343148357871
10,89.75,69.85,0.7782729805013927
8,54.5,38.0,0.6972477064220184
14,115.7,92.25,0.7973206568712187
16,28.95,18.9,0.6528497409326425
10,124.8,102.85,0.8241185897435898
10,96.1,78.0,0.8116545265348595
14,206.5,160.0,0.774818401937046
10,80.05,57.7,0.7207995003123048
12,149.75,113.55,0.7582637729549249
8,191.15,155.35,0.8127125294271514
2,191.75,159.45,0.8315514993481096
6,103.75,81.2,0.7826506024096386
18,156.7,115.65,0.7380344607530313
8,148.45,117.2,0.789491411249579
10,99.0,83.3,0.8414141414141414
14,129.0,101.45,0.7864341085271318
6,85.55,68.15,0.7966101694915254
6,90.95,77.3,0.8499175371083013
6,123.2,98.55,0.7999188311688312
12,147.15,109.8,0.746177370030581
16,112.2,83.55,0.7446524064171123
14,155.75,124.6,0.8
10,119.85,96.95,0.8089278264497288
12,134.5,117.2,0.8713754646840148
14,78.6,59.5,0.7569974554707379
12,81.65,68.7,0.8413962033067973
22,143.1,100.55,0.7026554856743537
0,144.8,117.25,0.8097375690607734
16,93.05,72.75,0.7818377216550242
4,157.7,132.85,0.842422320862397
12,88.75,61.85,0.6969014084507043
4,87.5,74.6,0.8525714285714285
18,84.9,70.8,0.833922261484099
4,241.7,199.4,0.8249896565990897
14,101.55,70.5,0.6942392909896603
2,165.75,146.9,0.8862745098039215
2,100.0,75.55,0.7555
16,113.95,74.4,0.652917946467749
10,49.0,38.75,0.7908163265306123
10,60.95,49.05,0.8047579983593109
8,148.95,119.9,0.8049681101040618
14,183.15,146.55,0.8001638001638002
18,247.05,195.5,0.7913377858733049
4,91.2,78.0,0.8552631578947368
6,129.5,106.75,0.8243243243243243
16,141.5,107.45,0.7593639575971731
16,96.55,72.3,0.7488348006214397
6,88.6,69.8,0.7878103837471784
20,130.4,88.35,0.6775306748466258
12,118.0,93.9,0.7957627118644067
12,98.85,80.75,0.8168942842690946
10,67.85,54.3,0.8002947678703022
12,215.75,162.65,0.7538818076477405
8,74.85,55.25,0.7381429525718103
14,164.85,120.2,0.7291477100394298
14,123.75,91.75,0.7414141414141414
18,95.75,73.2,0.764490861618799
2,83.05,76.8,0.9247441300421433
14,41.15,31.5,0.7654921020656136
2,66.75,56.15,0.8411985018726592
12,62.4,47.2,0.7564102564102564
18,31.7,25.9,0.8170347003154574
8,159.7,126.3,0.7908578584846587
18,116.2,84.55,0.7276247848537005
4,62.15,51.65,0.831053901850362
6,92.65,74.5,0.8041014570966001
12,118.65,97.25,0.8196375895490939
10,118.3,90.5,0.7650042265426881
8,121.8,104.95,0.8616584564860427
8,137.8,123.3,0.8947750362844702
8,100.1,79.5,0.7942057942057942
8,87.85,73.25,0.8338076266363119
6,83.8,64.8,0.7732696897374701
16,144.35,114.15,0.7907862833391064
10,54.65,41.35,0.7566331198536139
2,159.85,139.35,0.8717547700969659
4,81.2,65.0,0.8004926108374384
12,82.8,63.0,0.7608695652173914
12,53.2,37.2,0.6992481203007519
12,164.25,126.2,0.7683409436834094
8,145.15,128.65,0.8863244919049259
6,111.1,98.75,0.8888388838883888
14,118.5,93.55,0.7894514767932489
6,97.65,80.5,0.8243727598566308
4,254.1,203.75,0.8018496654860291
6,255.4,201.15,0.7875880971025842
14,212.85,172.45,0.8101949729856707
12,112.15,89.6,0.7989300044583147
8,87.05,77.7,0.8925904652498564
14,68.5,53.75,0.7846715328467153
10,160.7,140.2,0.8724331051649036
22,58.4,39.9,0.6832191780821918
14,90.3,78.1,0.8648947951273532
16,126.0,95.6,0.7587301587301587
16,49.95,39.75,0.7957957957957958
4,12.1,9.85,0.8140495867768595
10,105.55,85.85,0.8133585978209379
4,149.35,129.45,0.8667559424171409
12,34.2,26.0,0.7602339181286549
14,74.25,54.55,0.7346801346801347
10,105.25,84.65,0.8042755344418052
12,64.4,52.8,0.8198757763975155
6,111.55,96.35,0.8637382339757956
6,121.95,107.95,0.8851988519885199
6,132.0,108.05,0.8185606060606061
8,74.9,61.35,0.8190921228304406
20,84.95,62.9,0.7404355503237199
14,164.8,135.4,0.8216019417475728
6,66.4,55.6,0.8373493975903614
12,52.0,39.8,0.7653846153846153
10,70.95,52.9,0.7455954897815363
8,72.05,60.25,0.8362248438584317
6,107.3,84.15,0.7842497670083877
16,55.3,46.7,0.8444846292947559
18,100.95,73.1,0.7241208519068846
18,129.75,98.6,0.7599229287090559
12,203.8,165.9,0.8140333660451423
4,104.25,90.1,0.8642685851318945
8,42.1,33.4,0.7933491686460807
10,180.35,134.95,0.748267258109232
4,190.5,157.9,0.8288713910761155
12,51.7,37.2,0.7195357833655706
10,62.2,49.1,0.7893890675241158
4,92.55,68.05,0.7352782279848731
14,157.75,120.3,0.7625990491283676
12,78.55,66.3,0.8440483768300445
4,70.95,61.15,0.8618745595489782
8,96.0,81.9,0.853125
10,179.05,149.3,0.833845294610444
16,125.75,93.0,0.7395626242544732
8,206.7,171.35,0.8289791969037252
10,98.85,87.65,0.8866970156803238
2,158.7,125.5,0.7908002520478891
4,107.85,86.75,0.8043579044969865
10,143.05,125.0,0.8738203425375742
18,62.85,45.7,0.7271280827366746
16,69.1,50.15,0.7257597684515196
18,37.15,24.15,0.6500672947510094
8,65.9,50.05,0.7594840667678301
8,140.75,118.15,0.8394316163410301
8,226.5,188.65,0.8328918322295805
12,130.75,107.45,0.8217973231357553
6,132.95,111.5,0.8386611508085746
6,84.2,72.5,0.8610451306413301
12,124.95,94.1,0.7531012404961985
10,87.25,76.75,0.8796561604584527
10,198.95,171.5,0.8620256345815531
14,78.3,64.4,0.822477650063857
4,116.2,106.05,0.9126506024096386
8,142.1,111.95,0.7878254750175933
6,164.25,138.85,0.8453576864535769
14,110.3,81.3,0.7370806890299184
18,181.5,150.75,0.8305785123966942
6,56.9,49.45,0.8690685413005272
4,126.1,95.95,0.760904044409199
10,67.2,59.2,0.8809523809523809
8,65.05,50.6,0.7778631821675634
4,281.65,221.8,0.787502219066217
6,59.3,47.95,0.8086003372681282
14,160.75,123.85,0.7704510108864697
10,140.75,101.7,0.7225577264653641
10,138.05,98.9,0.7164070988772184
16,117.9,100.0,0.8481764206955047
12,28.45,21.0,0.7381370826010545
6,80.25,65.2,0.8124610591900312
8,138.1,111.1,0.8044895003620565
12,90.35,81.5,0.9020475926950747
8,105.05,77.95,0.7420276059019515
6,24.4,19.2,0.7868852459016393
12,80.6,58.3,0.7233250620347395
16,56.85,46.15,0.8117854001759015
8,65.1,55.25,0.8486943164362519
10,106.25,84.5,0.7952941176470588
12,82.75,65.95,0.7969788519637462
14,128.25,93.2,0.7267056530214425
12,103.5,86.65,0.8371980676328502
14,108.55,90.8,0.836480884385076
10,80.0,52.75,0.659375
18,250.2,182.25,0.7284172661870504
10,134.7,109.45,0.8125463994060876
10,184.65,149.05,0.8072028161386406
8,119.45,99.15,0.830054416073671
8,128.05,104.4,0.8153065208902772
12,40.4,33.7,0.8341584158415841
8,147.5,126.75,0.8593220338983051
14,75.2,60.1,0.7992021276595744
6,234.85,196.8,0.8379816904407068
4,46.15,38.8,0.8407367280606717
8,64.6,47.5,0.7352941176470589
8,52.05,38.35,0.7367915465898175
16,136.7,96.9,0.7088514996342355
10,121.75,106.55,0.8751540041067761
10,122.4,100.35,0.8198529411764706
12,93.85,79.05,0.8423015450186467
12,201.6,158.3,0.785218253968254
6,80.5,58.4,0.7254658385093168
12,79.95,62.9,0.7867417135709819
10,34.55,24.8,0.7178002894356006
8,137.35,106.8,0.7775755369493993
6,81.75,64.55,0.7896024464831805
10,85.45,64.9,0.7595084844938561
6,124.35,105.85,0.8512263771612384
6,58.7,52.65,0.8969335604770017
16,247.3,188.2,0.7610190052567731
12,137.65,108.05,0.7849618597893208
18,54.4,40.9,0.7518382352941176
2,220.45,186.6,0.8464504422771604
8,102.8,90.45,0.879863813229572
6,145.7,114.85,0.7882635552505147
12,139.8,109.25,0.7814735336194564
8,138.75,109.65,0.7902702702702703
10,95.45,77.15,0.8082765845992667
4,105.65,96.95,0.9176526265972551
6,82.85,69.25,0.835847917923959
12,123.3,97.15,0.7879156528791565
4,107.25,93.1,0.8680652680652681
12,203.45,158.6,0.7795527156549521
0,213.45,181.8,0.8517217146872804
2,62.85,57.4,0.9132856006364359
10,137.05,107.95,0.787668734038672
22,81.95,60.75,0.7413056741915802
10,103.5,80.0,0.7729468599033816
14,130.3,105.75,0.8115886415963162
8,47.25,34.55,0.7312169312169312
10,86.4,69.5,0.8043981481481481
8,35.9,29.9,0.8328690807799443
10,89.65,70.05,0.781372002230898
4,52.0,44.1,0.8480769230769231
4,120.75,105.05,0.8699792960662526
14,112.8,91.45,0.81072695035461
6,115.05,89.55,0.7783572359843546
6,150.85,114.9,0.7616837918462048
18,55.35,40.65,0.7344173441734417
10,77.6,65.1,0.8389175257731959
12,102.1,79.65,0.7801175318315378
16,64.25,48.75,0.7587548638132295
10,59.6,46.05,0.7726510067114094
8,117.45,95.45,0.8126862494678586
12,102.95,83.0,0.8062166100048568
14,108.45,82.25,0.7584140156754264
4,172.2,143.55,0.8336236933797909
10,31.35,22.15,0.7065390749601276
20,50.6,35.75,0.7065217391304348
10,89.25,75.1,0.8414565826330532
8,77.1,69.35,0.8994811932555123
4,181.2,155.35,0.8573399558498896
6,79.25,66.15,0.8347003154574133
8,63.75,54.25,0.8509803921568627
8,155.85,127.7,0.8193776066730831
14,126.5,95.7,0.7565217391304347
12,184.75,155.25,0.8403247631935047
20,79.0,58.0,0.7341772151898734
22,95.5,58.9,0.6167539267015707
8,72.3,61.15,0.8457814661134163
12,107.9,81.55,0.7557924003707136
12,96.45,77.45,0.8030067392431312
8,75.5,63.6,0.8423841059602649
14,127.95,102.8,0.8034388432981634
6,74.6,64.1,0.8592493297587132
6,138.8,126.4,0.9106628242074928
8,139.85,118.35,0.8462638541294244
8,176.05,140.5,0.798068730474297
8,137.15,109.8,0.8005833029529712
12,179.35,151.2,0.8430443267354335
20,38.55,29.6,0.767833981841764
8,136.65,118.8,0.8693743139407245
12,53.7,42.35,0.7886405959031657
14,58.8,37.25,0.6335034013605442
4,162.8,132.4,0.8132678132678133
8,59.65,48.2,0.8080469404861693
16,47.15,36.75,0.7794273594909862
6,112.85,95.45,0.845813026140895
4,114.75,90.25,0.7864923747276689
6,102.75,87.4,0.8506082725060827
18,47.4,33.95,0.7162447257383966
12,64.05,49.65,0.775175644028103
12,122.85,92.15,0.7501017501017501
12,33.6,22.3,0.6636904761904762
10,106.55,87.5,0.8212106992022524
12,86.3,61.3,0.7103128621089224
6,172.1,128.7,0.747821034282394
14,70.8,49.8,0.7033898305084746
4,41.5,35.8,0.8626506024096385
2,92.4,78.4,0.8484848484848485
22,61.2,39.25,0.6413398692810458
10,291.6,237.15,0.8132716049382716
16,39.95,28.9,0.723404255319149
12,53.4,46.15,0.8642322097378277
10,107.3,84.1,0.7837837837837838
6,121.25,108.15,0.8919587628865979
16,122.25,93.65,0.7660531697341514
2,189.6,156.85,0.8272679324894515
10,87.7,68.7,0.7833523375142531
12,85.3,68.05,0.7977725674091442
6,94.5,76.35,0.807936507936508
12,136.5,99.15,0.7263736263736263
10,127.3,111.85,0.8786331500392773
4,231.9,194.6,0.8391548081069427
10,55.3,44.1,0.7974683544303798
12,124.2,96.15,0.7741545893719807
14,127.95,98.9,0.7729581867917155
10,164.7,134.25,0.8151183970856102
14,50.7,38.75,0.7642998027613412
10,95.9,75.35,0.7857142857142857
10,160.9,129.65,0.8057799875699192
8,60.5,46.85,0.7743801652892562
8,102.05,80.15,0.7853993140617345
2,62.35,51.85,0.8315958299919808
10,129.25,102.5,0.793036750483559
8,138.5,115.05,0.8306859205776174
10,177.35,144.4,0.8142091908655201
12,55.5,46.55,0.8387387387387387
14,114.25,90.8,0.7947483588621445
14,110.6,79.85,0.7219710669077758
14,116.45,85.9,0.7376556462000858
10,85.2,74.35,0.8726525821596244
14,120.05,90.05,0.7501041232819659
14,81.85,62.65,0.7654245571166769
8,50.9,40.55,0.7966601178781926
12,26.45,21.05,0.7958412098298677
8,60.0,52.3,0.8716666666666667
14,53.7,42.8,0.7970204841713222
14,57.15,43.85,0.7672790901137357
14,206.15,148.05,0.7181663837011885
12,49.8,37.2,0.7469879518072289
16,96.1,76.3,0.7939646201873048
4,49.35,40.4,0.8186423505572442
8,100.9,84.1,0.8334985133795837
12,94.25,69.6,0.7384615384615385
10,88.1,74.7,0.8479001135073779
4,120.3,109.9,0.913549459684123
4,55.9,49.4,0.8837209302325582
8,94.8,77.85,0.8212025316455697
8,43.95,35.4,0.8054607508532423
14,100.05,81.45,0.8140929535232384
10,40.65,34.55,0.8499384993849939
0,158.5,135.75,0.8564668769716088
8,165.1,143.4,0.868564506359782
10,75.8,60.6,0.7994722955145118
4,185.8,147.6,0.7944025834230355
10,67.85,56.35,0.8305084745762712
0,109.85,93.3,0.8493400091033227
8,81.5,63.8,0.7828220858895706
6,121.4,100.65,0.8290774299835255
12,133.85,104.2,0.7784833769144565
10,30.65,22.0,0.7177814029363785
12,172.4,144.45,0.837877030162413
12,95.85,70.65,0.7370892018779343
10,182.85,152.8,0.8356576428766749
10,246.75,184.6,0.7481256332320162
18,115.65,86.75,0.7501080847384349
10,120.35,98.05,0.8147071042791857
12,105.15,80.1,0.7617689015691869
4,131.65,103.3,0.7846562856057728
16,146.7,106.5,0.7259713701431493
18,68.7,45.35,0.6601164483260553
8,82.05,54.35,0.6624009750152346
12,120.35,90.05,0.7482343165766514
6,212.45,167.1,0.7865380089432807
4,161.25,139.4,0.8644961240310077
14,106.25,82.3,0.7745882352941177
10,134.1,108.95,0.8124533929903057
22,105.6,78.8,0.7462121212121212
22,95.7,70.55,0.7371995820271683
14,75.1,52.4,0.6977363515312917
12,137.1,113.55,0.8282275711159738
18,81.15,55.65,0.6857670979667283
22,144.65,105.35,0.7283097131005877
8,171.95,138.95,0.8080837452747892
4,71.7,63.35,0.8835425383542538
14,52.45,41.25,0.786463298379409
18,80.4,55.3,0.6878109452736318
6,108.7,94.55,0.8698252069917203
12,80.65,63.85,0.791692498450093
10,142.3,106.55,0.7487702037947997
8,108.6,84.35,0.7767034990791897
8,111.95,89.1,0.7958910227780259
8,100.55,81.15,0.8070611636001989
12,121.4,96.95,0.7985996705107083
4,81.0,70.6,0.8716049382716049
2,81.15,75.0,0.9242144177449169
16,194.35,139.05,0.7154617957293543
4,185.9,156.05,0.8394298009682625
8,192.15,149.7,0.7790788446526151
12,88.85,68.95,0.7760270118176702
10,164.4,134.1,0.8156934306569343
12,75.4,64.25,0.8521220159151194
10,51.4,38.35,0.7461089494163424
6,137.35,120.1,0.874408445576993
12,103.3,83.3,0.8063891577928364
10,97.15,69.8,0.7184765826042203
10,60.45,49.85,0.8246484698097601
12,64.75,56.45,0.8718146718146718
4,253.15,222.95,0.8807031404305747
4,85.35,68.0,0.7967193907439953
14,161.7,110.2,0.6815089672232529
4,225.05,191.5,0.8509220173294824
10,145.65,112.15,0.769996567112942
14,190.65,146.6,0.7689483346446367
4,63.55,57.65,0.9071597167584579
6,59.6,46.45,0.7793624161073825
6,134.75,113.85,0.8448979591836735
10,109.9,91.15,0.8293903548680619
14,53.75,45.2,0.8409302325581396
22,141.95,101.0,0.7115181401902079
8,129.45,109.15,0.84318269602163
10,217.45,180.9,0.8319153828466314
8,56.05,42.85,0.7644959857270295
12,94.8,74.1,0.7816455696202531
6,65.6,52.2,0.7957317073170732
20,94.8,71.9,0.7584388185654009
8,119.95,102.85,0.8574406002501042
4,337.0,271.2,0.8047477744807122
18,94.2,65.55,0.695859872611465
14,174.3,145.6,0.8353413654618473
10,133.65,117.35,0.8780396558174336
8,147.35,127.65,0.8663047166610112
12,104.65,77.4,0.7396082178690875
14,140.9,114.4,0.8119233498935415
6,157.95,136.25,0.8626147515036404
14,108.9,84.3,0.7741046831955923
16,71.15,59.7,0.8390723822909346
10,150.25,114.7,0.7633943427620632
12,153.45,121.6,0.7924405343760182
10,83.65,66.7,0.7973699940227137
10,136.4,111.3,0.8159824046920822
6,233.9,183.55,0.784737067122702
4,36.4,33.0,0.9065934065934066
8,83.35,71.1,0.8530293941211757
20,68.95,48.95,0.7099347353154459
10,51.35,37.6,0.7322297955209348
10,148.3,115.9,0.7815239379635873
2,114.2,100.45,0.8795971978984238
10,69.85,48.35,0.6921975662133143
8,188.65,155.65,0.8250728862973761
12,44.75,30.95,0.6916201117318436
12,170.65,124.6,0.7301494286551421
12,51.8,40.95,0.7905405405405406
14,156.15,112.05,0.7175792507204611
0,135.8,112.7,0.8298969072164949
18,45.55,36.6,0.8035126234906695
6,109.45,94.7,0.8652352672453175
12,68.2,51.95,0.7617302052785924
8,127.45,104.35,0.818752451941938
12,61.05,49.7,0.814086814086814
14,147.2,117.25,0.7965353260869565
12,41.35,33.95,0.8210399032648126
10,90.85,66.15,0.7281232801320858
16,29.6,20.35,0.6875
8,145.55,126.8,0.8711782892476813
6,119.35,101.9,0.8537913699204022
4,69.1,59.0,0.85383502170767
12,193.45,154.7,0.7996898423365211
8,86.7,73.5,0.8477508650519031
16,95.3,67.15,0.7046169989506821
10,96.15,75.6,0.7862714508580343
6,120.35,100.05,0.8313253012048193
16,178.35,135.35,0.7589010372862349
10,154.2,129.95,0.8427367055771725
8,76.65,62.5,0.8153946510110893
10,145.55,118.4,0.8134661628306424
16,91.95,68.9,0.7493202827623708
2,123.5,112.15,0.9080971659919028
6,157.05,132.4,0.8430436166825852
6,90.1,80.3,0.8912319644839067
4,68.05,56.35,0.8280675973548861
14,169.65,135.5,0.7987032124963159
6,101.65,77.5,0.7624200688637481
12,101.25,80.55,0.7955555555555556
8,103.8,85.05,0.819364161849711
8,178.95,152.35,0.8513551271304833
8,115.65,95.1,0.8223086900129701
8,95.5,81.9,0.8575916230366493
22,138.0,98.25,0.7119565217391305
18,43.35,28.45,0.6562860438292965
2,85.6,71.15,0.8311915887850467
16,92.0,65.15,0.7081521739130435
10,90.5,71.4,0.7889502762430939
14,154.1,120.35,0.780986372485399
10,124.7,97.95,0.785485164394547
12,184.6,138.75,0.7516251354279523
6,116.95,103.75,0.887131252672082
10,155.95,115.5,0.7406219942289195
16,126.3,94.0,0.7442596991290578
4,214.1,178.4,0.8332554880896778
10,185.65,151.15,0.8141664422300027
10,97.7,74.65,0.7640736949846468
2,101.7,75.3,0.7404129793510325
16,66.25,57.35,0.8656603773584906
20,78.2,52.85,0.6758312020460358
8,148.95,111.6,0.7492447129909365
4,255.2,206.65,0.809757053291536
14,82.8,63.35,0.7650966183574879
20,180.1,133.25,0.7398667406996113
10,35.2,29.0,0.8238636363636364
12,110.95,91.0,0.8201892744479495
10,115.6,98.1,0.8486159169550173
12,143.25,112.7,0.7867364746945898
12,98.45,80.85,0.8212290502793296
8,132.8,104.45,0.7865210843373494
16,76.95,49.1,0.6380766731643924
4,130.35,110.15,0.8450326045262754
6,72.1,58.45,0.8106796116504854
16,75.25,55.05,0.7315614617940199
14,88.1,68.45,0.7769580022701476
8,269.4,207.65,0.7707869339272457
8,94.25,75.1,0.7968169761273209
12,24.1,18.5,0.7676348547717843
12,56.7,42.0,0.7407407407407407
6,61.95,50.45,0.814366424535916
8,127.7,109.0,0.8535630383711824
8,127.7,98.3,0.7697729052466719
12,93.25,79.55,0.853083109919571
12,83.65,59.4,0.7101016138673042
12,119.0,94.8,0.7966386554621848
10,149.95,116.2,0.7749249749916639
8,109.4,97.1,0.8875685557586838
14,66.8,48.85,0.7312874251497006
10,106.75,79.7,0.7466042154566744
16,36.9,25.5,0.6910569105691057
2,212.3,170.3,0.8021667451719265
10,100.2,82.35,0.8218562874251497
6,124.0,97.45,0.7858870967741935
14,142.9,109.55,0.7666200139958013
12,30.8,25.65,0.8327922077922078
6,48.7,40.65,0.8347022587268994
4,81.5,71.1,0.8723926380368098
10,63.35,54.0,0.8524072612470402
14,40.75,28.7,0.7042944785276074
12,46.45,32.35,0.6964477933261571
8,166.0,135.7,0.8174698795180723
10,151.0,128.3,0.8496688741721854
8,113.7,95.25,0.837730870712401
2,96.2,82.65,0.8591476091476091
12,136.2,111.75,0.8204845814977973
12,153.85,114.8,0.7461813454663634
4,112.95,97.05,0.8592297476759628
14,128.6,105.1,0.8172628304821151
16,88.25,67.95,0.769971671388102
12,209.0,173.9,0.8320574162679426
10,163.3,124.9,0.7648499693815064
4,50.45,46.65,0.9246778989098117
6,85.35,66.1,0.7744581136496778
8,116.85,98.35,0.8416773641420625
16,104.35,80.45,0.7709631049353138
6,151.7,117.65,0.7755438365194463
10,73.1,60.7,0.8303693570451436
22,61.05,42.7,0.6994266994266994
14,97.15,79.1,0.8142048378795677
12,56.2,40.65,0.7233096085409253
16,110.6,71.65,0.6478300180831826
6,97.6,80.5,0.8247950819672131
6,125.55,105.1,0.8371166865790521
10,79.5,64.55,0.8119496855345912
8,157.35,132.8,0.8439783921194789
20,127.9,93.25,0.7290852228303362
14,156.7,130.0,0.8296107211231653
14,149.3,113.4,0.7595445411922304
14,86.55,61.0,0.7047949162333911
6,110.55,94.25,0.8525554047942108
20,36.35,26.75,0.7359009628610729
10,84.85,72.1,0.8497348261638185
10,202.2,172.25,0.8518793273986153
8,54.0,45.85,0.8490740740740741
10,225.95,178.0,0.7877849081655234
16,118.5,90.5,0.7637130801687764
10,88.35,70.2,0.7945670628183361
12,75.6,54.15,0.7162698412698413
2,80.85,66.5,0.8225108225108225
14,54.55,44.7,0.8194317140238313
12,57.0,43.65,0.7657894736842106
14,71.85,48.9,0.6805845511482255
8,79.75,71.55,0.8971786833855799
2,101.6,88.35,0.8695866141732284
10,92.25,78.0,0.8455284552845529
8,106.45,92.6,0.8698919680601221
8,139.35,107.3,0.7700035880875493
12,67.25,49.85,0.7412639405204461
4,45.6,37.55,0.8234649122807017
14,103.0,79.3,0.7699029126213592
16,190.3,158.45,0.8326326852338413
4,110.05,88.25,0.8019082235347569
16,156.2,116.85,0.7480793854033291
8,41.8,33.4,0.7990430622009569
10,161.15,128.95,0.800186161960906
10,144.4,118.5,0.8206371191135734
8,112.35,95.05,0.8460169114374722
10,89.05,70.05,0.7866367209432903
14,93.65,80.7,0.8617191671115857
12,71.2,60.0,0.8426966292134831
6,158.05,136.4,0.8630180322682696
2,157.8,146.8,0.9302915082382763
12,118.6,92.2,0.7774030354131535
12,55.6,42.4,0.762589928057554
6,180.2,144.15,0.7999445061043285
14,82.7,56.75,0.6862152357920194
12,76.85,60.45,0.7865972674040338
8,97.7,74.3,0.7604912998976459
6,82.95,60.55,0.729957805907173
6,164.75,133.75,0.8118361153262519
6,110.65,87.0,0.7862629914143696
4,100.8,87.4,0.8670634920634921
20,171.35,123.2,0.7189962065946892
12,82.95,68.95,0.8312236286919831
10,92.4,76.9,0.8322510822510822
12,164.7,121.9,0.74013357619915
16,86.35,63.55,0.7359583092067169
14,157.9,127.8,0.8093730208993034
12,126.5,100.1,0.7913043478260869
10,139.55,110.7,0.7932640630598352
8,73.4,64.7,0.8814713896457765
8,75.15,58.75,0.7817697937458417
10,29.75,22.9,0.7697478991596639
12,40.5,29.6,0.7308641975308642
10,59.45,49.45,0.8317914213624895
6,70.1,57.75,0.8238231098430813
10,62.25,51.45,0.8265060240963855
6,92.35,75.6,0.8186247969680563
4,81.05,69.9,0.8624305983960519
10,68.6,60.05,0.8753644314868805
6,135.8,115.8,0.8527245949926362
8,101.8,86.75,0.8521611001964636
10,160.6,131.6,0.8194271481942715
12,117.05,88.5,0.756087142246903
12,74.4,43.95,0.5907258064516129
6,182.75,150.0,0.8207934336525308
10,145.65,119.3,0.8190868520425678
8,124.35,103.65,0.8335343787696019
8,157.65,141.55,0.8978750396447828
14,120.45,85.25,0.7077625570776256
6,186.3,143.85,0.7721417069243156
14,201.7,156.0,0.7734258800198315
8,72.0,55.2,0.7666666666666667
6,66.35,53.35,0.8040693293142427
10,165.35,132.75,0.8028424553976413
2,155.5,128.65,0.8273311897106109
12,50.35,38.45,0.7636544190665343
14,78.8,60.65,0.7696700507614214
14,143.0,104.15,0.7283216783216783
16,66.55,49.65,0.7460555972952667
6,109.0,87.15,0.7995412844036697
8,93.75,74.25,0.792
8,109.9,90.45,0.8230209281164695
10,104.8,89.1,0.8501908396946565
6,60.7,47.2,0.7775947281713345
16,77.45,58.2,0.7514525500322788
14,99.35,71.1,0.7156517362858581
18,115.65,91.65,0.7924773022049286
12,134.45,97.6,0.7259204165117144
4,52.65,43.9,0.8338081671415005
18,94.3,64.45,0.6834570519618239
22,32.3,22.55,0.6981424148606811
8,77.25,69.05,0.8938511326860842
8,75.5,64.9,0.8596026490066225
14,141.6,102.8,0.7259887005649718
6,85.2,73.2,0.8591549295774648
18,171.85,125.8,0.7320337503636892
12,62.45,50.4,0.8070456365092074
12,191.3,148.6,0.7767903815995818
8,88.7,77.65,0.8754227733934611
6,128.1,97.5,0.7611241217798594
4,60.95,54.75,0.8982772764561116
10,104.65,76.75,0.7333970377448639
16,85.55,62.7,0.7329047340736411
20,74.4,51.9,0.6975806451612904
8,153.6,115.7,0.7532552083333334
12,96.1,77.05,0.8017689906347555
12,45.95,31.95,0.6953210010881393
8,52.75,41.55,0.7876777251184834
4,62.9,52.6,0.8362480127186009
4,127.9,103.3,0.8076622361219703
8,51.4,38.8,0.754863813229572
10,77.05,62.7,0.8137573004542504
10,189.4,153.5,0.810454065469905
6,159.0,131.9,0.829559748427673
12,131.35,95.1,0.7240197944423297
4,118.8,93.6,0.7878787878787878
10,83.25,67.1,0.806006006006006
14,131.9,107.35,0.813874147081122
6,128.35,107.95,0.8410596026490066
6,138.95,111.75,0.8042461317020511
14,132.0,90.45,0.6852272727272727
16,181.2,144.95,0.7999448123620309
8,143.85,122.85,0.8540145985401459
18,84.1,63.85,0.7592152199762188
10,111.75,82.75,0.7404921700223713
8,140.55,105.95,0.7538242618285308
8,107.25,90.3,0.8419580419580419
8,54.5,39.5,0.7247706422018348
10,29.75,24.85,0.8352941176470589
16,41.9,29.35,0.7004773269689738
10,68.3,59.3,0.8682284040995608
6,123.95,96.4,0.7777329568374345
6,67.2,51.5,0.7663690476190477
12,215.25,185.15,0.8601626016260162
6,190.25,143.3,0.7532194480946124
14,85.4,67.25,0.7874707259953162
8,73.4,56.6,0.771117166212534
8,111.95,86.25,0.7704332291201429
8,76.2,57.95,0.760498687664042
12,152.1,114.8,0.7547666009204471
10,158.35,125.4,0.791916640353647
10,112.9,91.65,0.8117803365810452
12,138.05,123.55,0.8949655921767475
8,61.85,48.35,0.7817299919159256
12,45.65,39.05,0.8554216867469879
8,255.9,203.4,0.794841735052755
10,141.25,108.25,0.7663716814159292
8,128.45,98.5,0.7668353444920203
12,71.15,58.7,0.8250175685172172
4,50.7,40.0,0.7889546351084813
18,77.2,68.4,0.8860103626943006
8,98.85,85.6,0.8659585230146687
8,137.2,112.15,0.8174198250728864
8,67.25,58.35,0.8676579925650557
8,91.45,71.7,0.7840349917987972
14,78.2,68.1,0.870843989769821
2,55.85,45.15,0.8084153983885407
14,141.75,117.95,0.8320987654320988
4,112.65,87.0,0.7723035952063915
6,56.15,46.8,0.8334817453250223
10,108.2,88.15,0.8146950092421442
8,132.3,107.3,0.8110355253212396
12,82.2,65.25,0.7937956204379562
16,76.0,53.75,0.7072368421052632
10,52.9,43.95,0.8308128544423441
8,188.5,156.65,0.8310344827586207
8,77.75,56.6,0.7279742765273312
10,68.75,55.4,0.8058181818181818
8,83.55,69.2,0.8282465589467385
10,218.0,184.25,0.8451834862385321
14,53.7,42.9,0.7988826815642458
14,153.5,120.35,0.7840390879478827
6,76.3,64.75,0.8486238532110092
8,68.1,55.45,0.8142437591776799
10,118.35,92.05,0.7777777777777778
14,66.15,52.45,0.7928949357520786
10,63.0,45.45,0.7214285714285714
12,147.8,121.85,0.824424898511502
10,171.0,136.6,0.7988304093567251
12,41.0,31.95,0.7792682926829269
18,84.8,59.7,0.7040094339622641
8,147.7,117.85,0.7979011509817197
16,78.5,60.5,0.7707006369426752
12,100.7,87.4,0.8679245283018868
14,187.7,141.9,0.7559936068193926
12,76.25,64.3,0.8432786885245902
8,171.95,141.8,0.8246583309101483
8,112.6,93.75,0.8325932504440497
12,148.7,113.65,0.7642905178211163
6,198.6,172.3,0.8675730110775428
18,83.1,68.45,0.8237063778580024
4,149.4,131.6,0.8808567603748326
8,125.65,103.05,0.8201352964584162
10,86.0,70.9,0.8244186046511628
12,99.2,65.25,0.6577620967741935
18,78.95,57.9,0.7333755541481951
8,150.95,121.7,0.8062272275587943
4,171.75,134.5,0.7831149927219796
12,190.55,152.7,0.8013644712673839
16,57.0,45.85,0.8043859649122806
6,85.55,77.4,0.9047340736411456
14,40.05,31.9,0.7965043695380774
6,160.7,130.4,0.8114499066583696
20,143.6,98.8,0.6880222841225627
6,92.85,82.6,0.8896068928379106
2,132.85,107.65,0.8103123823861498
12,128.0,108.25,0.845703125
18,42.1,32.05,0.7612826603325415
14,51.8,36.95,0.7133204633204633
8,112.25,87.1,0.775946547884187
8,70.9,62.0,0.8744710860366713
6,167.65,128.6,0.7670742618550552
12,123.9,99.0,0.7990314769975787
4,149.9,108.55,0.7241494329553035
14,105.6,84.45,0.7997159090909091
14,95.65,85.0,0.8886565603763722
4,65.9,46.05,0.6987860394537178
10,83.35,68.85,0.8260347930413917
6,97.55,72.6,0.7442337262942081
10,86.4,70.9,0.8206018518518519
6,169.75,147.15,0.8668630338733432
4,108.55,96.8,0.8917549516351911
10,27.8,20.9,0.7517985611510791
6,154.25,125.05,0.8106969205834684
10,81.2,56.5,0.6958128078817734
14,129.0,97.85,0.7585271317829457
8,96.15,81.95,0.8523140925637025
6,71.0,59.9,0.8436619718309859
8,55.7,47.0,0.8438061041292639
8,30.55,24.4,0.7986906710310966
8,159.65,130.0,0.8142812402129659
10,39.4,34.45,0.8743654822335025
10,137.0,106.45,0.777007299270073
14,131.05,99.6,0.7600152613506296
6,179.85,156.2,0.8685015290519877
10,82.9,69.65,0.8401688781664656
12,150.95,116.55,0.7721099701888042
12,118.45,99.15,0.8370620514985225
8,98.25,83.25,0.8473282442748091
12,153.3,118.8,0.7749510763209393
12,26.0,18.1,0.6961538461538461
10,121.95,98.35,0.8064780647806478
12,127.55,96.25,0.7546060368482947
14,180.95,135.1,0.746615087040619
12,70.75,58.3,0.8240282685512368
12,91.0,71.15,0.7818681318681319
2,164.85,143.35,0.8695784046102517
12,155.0,128.45,0.8287096774193549
14,98.1,75.65,0.7711518858307849
8,128.85,106.3,0.8249902987970509
14,57.45,43.2,0.7519582245430809
10,147.85,125.65,0.8498478187352047
6,100.1,89.3,0.8921078921078921
16,123.15,93.1,0.7559886317498985
8,94.75,80.95,0.854353562005277
6,187.1,161.4,0.8626402993051844
14,102.35,78.6,0.767953102100635
8,70.15,58.4,0.8325017818959373
10,137.5,110.3,0.8021818181818182
8,102.15,84.2,0.824278022515908
8,103.15,87.85,0.851672321861367
8,56.65,46.1,0.8137687555163283
14,88.2,67.35,0.7636054421768708
12,192.8,145.15,0.7528526970954357
16,59.35,42.9,0.7228306655433867
6,53.4,44.95,0.8417602996254682
16,132.55,98.65,0.7442474537910223
12,42.15,32.45,0.7698695136417556
8,113.25,88.1,0.7779249448123621
10,135.0,105.6,0.7822222222222223
6,78.0,67.2,0.8615384615384616
8,212.2,162.7,0.7667295004712535
6,148.05,111.9,0.7558257345491388
12,89.5,65.3,0.729608938547486
4,97.0,80.8,0.8329896907216495
4,55.3,44.25,0.8001808318264014
18,59.05,39.0,0.6604572396274344
6,119.1,100.95,0.8476070528967254
20,54.25,30.15,0.5557603686635945
4,259.45,217.8,0.839468105608017
12,99.65,76.9,0.7717009533366783
6,143.25,109.45,0.7640488656195462
16,105.05,81.7,0.777724892908139
8,114.45,87.3,0.762778505897772
8,102.95,88.5,0.8596406022340942
4,103.0,85.15,0.8266990291262136
8,98.5,86.35,0.8766497461928934
12,50.35,37.6,0.746772591857001
16,137.9,102.55,0.7436548223350253
12,80.95,61.65,0.7615812229771464
14,128.95,93.3,0.7235362543621559
12,63.05,42.5,0.6740681998413958
4,125.35,108.3,0.8639808536098923
6,114.9,98.4,0.856396866840731
6,113.7,92.0,0.8091468777484608
8,68.75,54.5,0.7927272727272727
10,86.95,68.6,0.7889591719378953
4,114.5,98.55,0.8606986899563319
16,59.45,49.0,0.8242220353238016
6,105.0,94.75,0.9023809523809524
8,169.2,139.7,0.8256501182033097
12,145.8,118.05,0.8096707818930041
14,83.55,64.35,0.770197486535009
4,41.05,38.55,0.9390986601705238
8,74.6,61.85,0.829088471849866
8,93.9,77.3,0.8232161874334398
12,78.45,59.85,0.762906309751434
6,107.75,86.15,0.7995359628770302
14,43.7,35.65,0.8157894736842105
8,97.6,81.05,0.8304303278688525
10,92.7,76.45,0.8247033441208198
10,121.7,100.1,0.8225143796220213
8,57.95,44.95,0.7756686798964625
10,98.35,72.0,0.7320793085917641
4,184.55,162.75,0.8818748306691954
14,24.55,18.95,0.7718940936863544
8,145.75,112.55,0.7722126929674099
0,130.4,105.8,0.8113496932515337
12,215.5,166.9,0.7744779582366589
10,148.6,120.85,0.8132570659488559
6,74.8,65.1,0.8703208556149733
10,110.5,93.1,0.8425339366515837
10,54.75,40.0,0.730593607305936
8,92.3,71.45,0.7741061755146262
10,111.95,93.05,0.8311746315319339
12,177.9,129.95,0.7304665542439572
8,96.9,83.75,0.8642930856553147
4,73.65,63.0,0.8553971486761711
14,107.0,73.45,0.6864485981308411
6,41.8,35.65,0.8528708133971292
8,101.25,75.55,0.7461728395061729
12,65.8,51.95,0.7895136778115501
4,104.7,91.05,0.8696275071633238
6,167.1,144.65,0.8656493117893477
8,158.75,136.8,0.861732283464567
12,68.25,51.6,0.756043956043956
12,126.05,98.4,0.7806426021420071
12,173.25,128.45,0.7414141414141414
6,164.5,138.75,0.8434650455927052
16,124.25,101.6,0.8177062374245473
4,83.55,74.35,0.8898862956313585
20,54.1,39.9,0.7375231053604436
8,52.3,42.65,0.8154875717017208
8,136.1,105.15,0.7725936811168259
12,111.65,84.65,0.7581728616211375
12,49.25,37.05,0.7522842639593909
8,85.45,62.55,0.7320070216500878
6,79.7,66.95,0.8400250941028858
6,79.7,64.9,0.8143036386449184
6,137.1,114.4,0.8344274252370533
8,134.05,103.55,0.7724729578515479
10,94.95,73.0,0.7688256977356503
16,96.65,76.25,0.7889291257113296
10,56.95,46.6,0.8182616330114135
8,153.2,130.15,0.8495430809399478
16,85.6,71.85,0.8393691588785047
8,142.65,114.45,0.8023133543638276
18,75.2,55.3,0.7353723404255319
18,175.7,130.05,0.7401821286283438
8,126.3,98.15,0.7771179730799683
6,74.6,63.45,0.8505361930294906
12,61.05,46.35,0.7592137592137592
12,116.45,91.8,0.7883211678832117
10,112.15,77.8,0.6937137761925992
10,132.35,114.3,0.8636191915375897
8,118.2,105.25,0.8904399323181049
10,77.85,61.35,0.7880539499036608
10,126.65,103.25,0.815238847216739
10,171.4,147.65,0.8614352392065344
14,125.55,103.2,0.8219832735961768
12,88.7,71.6,0.8072153325817362
10,217.7,173.45,0.7967386311437759
18,74.3,52.35,0.7045760430686406
4,192.95,158.65,0.8222337393107022
14,175.65,129.7,0.7384002277255907
12,134.2,103.6,0.7719821162444114
12,58.7,45.25,0.7708688245315162
18,172.65,128.5,0.7442803359397625
10,79.35,58.85,0.741650913673598
12,61.9,49.55,0.8004846526655897
4,120.35,87.05,0.7233070211882011
14,38.2,29.75,0.7787958115183246
2,63.6,60.05,0.9441823899371069
10,62.25,50.2,0.8064257028112449
8,151.8,120.5,0.7938076416337286
10,122.5,95.85,0.7824489795918367
10,111.35,91.55,0.8221823080377189
8,94.85,73.65,0.7764891934633632
12,102.95,80.6,0.782904322486644
8,41.3,29.35,0.7106537530266344
2,114.5,98.6,0.8611353711790393
18,100.5,69.45,0.691044776119403
12,116.2,79.95,0.6880378657487092
12,166.15,130.7,0.7866385795967499
2,158.15,133.85,0.8463484034144799
12,170.95,138.5,0.8101784147411524
10,58.5,47.4,0.8102564102564103
14,104.95,79.45,0.7570271557884707
10,126.5,104.85,0.8288537549407115
8,67.5,54.15,0.8022222222222222
8,101.0,73.85,0.7311881188118812
10,132.75,103.65,0.7807909604519774
6,78.85,62.05,0.7869372225745086
2,196.15,158.0,0.8055059903135355
8,162.7,125.2,0.7695144437615242
12,103.2,85.95,0.8328488372093024
12,86.7,68.8,0.7935409457900807
12,105.95,80.75,0.7621519584709768
16,87.85,60.55,0.6892430278884463
8,73.55,59.3,0.8062542488103331
12,154.55,122.75,0.7942413458427693
6,53.3,44.4,0.8330206378986866
16,133.8,99.2,0.7414050822122571
6,100.45,81.9,0.8153310104529616
10,132.85,103.6,0.7798268724124953
12,108.75,76.0,0.6988505747126437
12,157.15,122.0,0.7763283487114222
4,159.8,136.75,0.8557571964956195
4,224.7,187.8,0.835781041388518
12,99.75,76.0,0.7619047619047619
12,110.45,83.25,0.7537347215934812
8,154.7,129.7,0.8383968972204267
10,174.8,144.8,0.8283752860411899
6,100.95,87.0,0.861812778603269
8,73.5,60.3,0.8204081632653061
6,114.35,100.65,0.8801923917796239
18,140.85,106.1,0.7532836350727724
8,94.7,80.6,0.8511087645195353
14,194.95,151.15,0.7753270069248526
8,59.6,46.0,0.7718120805369127
10,75.0,59.3,0.7906666666666666
6,163.1,145.85,0.8942366646229307
8,83.15,67.05,0.8063740228502706
10,76.05,59.55,0.7830374753451677
10,170.5,128.35,0.7527859237536657
12,47.85,33.5,0.7001044932079414
6,267.7,213.3,0.7967874486365334
14,61.8,49.65,0.8033980582524272
16,140.3,105.5,0.751960085531005
6,54.05,41.35,0.7650323774283071
4,248.5,205.1,0.8253521126760563
10,118.4,94.05,0.7943412162162162
16,69.4,45.35,0.6534582132564841
6,120.6,91.75,0.7607794361525705
8,157.2,135.7,0.8632315521628499
14,194.6,145.15,0.7458890030832477
14,88.2,60.3,0.6836734693877551
14,120.5,93.15,0.7730290456431536
12,162.7,129.3,0.7947141979102643
8,74.6,60.25,0.8076407506702413
10,105.75,80.3,0.759338061465721
8,202.25,169.65,0.8388133498145859
16,22.1,16.15,0.7307692307692307
12,106.25,85.75,0.8070588235294117
10,43.0,33.0,0.7674418604651163
14,111.65,87.5,0.7836990595611285
8,84.4,65.9,0.7808056872037915
6,68.25,58.15,0.852014652014652
8,88.45,74.95,0.8473713962690785
6,106.9,87.3,0.8166510757717493
8,114.4,87.0,0.7604895104895105
6,166.1,138.25,0.8323299217338952
10,151.55,119.6,0.7891784889475421
14,149.75,125.05,0.8350584307178631
4,134.9,112.4,0.8332097850259451
4,52.9,45.85,0.8667296786389413
8,42.9,34.2,0.7972027972027972
10,124.35,99.2,0.7977482911137918
6,278.55,211.4,0.7589301741159576
18,42.75,30.4,0.7111111111111111
16,23.15,15.85,0.6846652267818575
8,157.5,129.4,0.8215873015873015
8,207.65,165.95,0.7991813147122562
6,113.35,87.25,0.7697397441552712
0,76.1,64.0,0.8409986859395532
4,148.15,131.05,0.8845764427944651
12,134.7,114.0,0.8463251670378619
12,134.5,105.2,0.7821561338289963
16,92.7,54.6,0.5889967637540453
6,125.2,105.2,0.8402555910543131
12,118.9,88.4,0.7434819175777965
16,90.9,72.05,0.7926292629262927
16,130.05,88.3,0.6789696270665129
12,41.95,34.3,0.8176400476758046
14,198.1,155.5,0.784957092377587
14,95.75,76.25,0.7963446475195822
6,89.8,74.95,0.8346325167037862
2,38.6,31.0,0.8031088082901554
10,121.1,101.6,0.8389760528488852
12,161.8,123.45,0.7629789864029666
12,77.95,59.7,0.7658755612572161
12,130.8,110.55,0.8451834862385321
4,215.1,178.9,0.8317061831706183
8,80.0,58.85,0.735625
6,72.8,56.7,0.7788461538461539
8,166.45,136.7,0.821267647942325
10,116.75,92.35,0.7910064239828694
14,97.45,76.25,0.7824525397639815
6,62.5,50.15,0.8024
8,108.75,88.7,0.8156321839080459
12,96.5,77.8,0.8062176165803109
18,82.2,59.0,0.7177615571776156
14,74.55,57.45,0.7706237424547284
10,116.1,84.0,0.7235142118863049
4,113.15,92.55,0.8179407865665046
12,108.15,82.7,0.764678687008784
12,136.85,98.15,0.7172086225794666
6,70.1,58.55,0.8352353780313837
12,91.65,74.5,0.8128750681942172
14,113.05,84.3,0.745687748783724
18,153.8,121.15,0.7877113133940182
8,78.7,69.0,0.8767471410419314
6,64.65,55.65,0.8607888631090487
10,133.2,102.8,0.7717717717717718
14,107.25,87.9,0.8195804195804196
10,165.15,128.55,0.7783832879200726
10,163.15,123.7,0.7581979773214833
4,122.55,96.65,0.7886576907384741
10,106.45,89.35,0.8393612024424613
20,91.4,68.35,0.7478118161925602
10,92.35,72.8,0.7883053600433135
10,197.2,161.55,0.8192190669371197
14,90.8,68.35,0.7527533039647577
14,166.3,122.95,0.7393265183403488
4,110.7,89.5,0.8084914182475158
6,102.55,81.45,0.7942467089224768
12,56.2,47.2,0.8398576512455516
16,120.05,81.0,0.6747188671386922
12,89.9,74.45,0.8281423804226918
10,131.8,110.7,0.8399089529590288
4,37.5,32.9,0.8773333333333333
16,130.85,94.65,0.7233473442873519
12,86.65,67.7,0.7813040969417195
8,322.5,261.75,0.8116279069767441
8,118.15,97.85,0.8281845112145577
8,67.4,58.5,0.8679525222551929
10,92.65,76.45,0.825148407987048
16,42.7,34.6,0.810304449648712
0,171.1,149.3,0.8725891291642315
18,110.55,79.65,0.7204884667571235
10,54.9,46.0,0.8378870673952641
10,179.35,131.75,0.7345971563981043
12,158.05,119.75,0.7576716229041442
10,78.6,58.1,0.7391857506361323
2,114.55,100.75,0.879528590135312
8,63.55,56.45,0.8882769472856019
10,77.15,60.75,0.7874270900842515
16,90.55,67.9,0.7498619547211486
10,102.45,83.7,0.8169838945827232
14,146.25,110.3,0.7541880341880342
2,146.95,119.1,0.8104797550187138
6,107.25,76.3,0.7114219114219115
10,42.85,33.7,0.7864644107351225
16,50.35,40.05,0.7954319761668321
8,104.25,91.5,0.8776978417266187
10,81.0,61.1,0.754320987654321
12,158.85,122.6,0.771797293043752
12,136.8,110.15,0.8051900584795322
12,259.5,187.8,0.7236994219653179
10,130.5,104.75,0.8026819923371648
14,143.7,103.35,0.7192066805845512
6,140.4,114.0,0.811965811965812
14,60.45,49.65,0.8213399503722084
12,97.25,76.8,0.7897172236503857
14,72.55,59.15,0.8152997932460372
6,61.75,45.1,0.7303643724696356
10,59.3,40.35,0.6804384485666105
14,58.0,41.8,0.7206896551724138
14,142.0,108.5,0.7640845070422535
6,87.7,63.15,0.7200684150513113
16,186.5,143.85,0.7713136729222521
16,148.65,100.75,0.6777665657584931
8,108.85,89.4,0.8213137344970143
10,86.55,70.05,0.8093587521663779
2,100.2,81.05,0.8088822355289421
2,130.7,112.5,0.8607498087222647
10,73.8,58.45,0.7920054200542005
16,192.9,144.7,0.7501296008294454
2,259.0,218.2,0.8424710424710424
12,172.9,139.8,0.8085598611914402
14,122.75,93.45,0.7613034623217922
10,227.95,172.75,0.7578416319368283
2,124.95,107.65,0.8615446178471389
14,68.7,51.4,0.7481804949053857
8,51.75,44.2,0.8541062801932368
14,141.05,106.45,0.7546969159872385
10,97.05,80.15,0.8258629572385369
12,127.1,101.05,0.7950432730133753
10,104.45,83.35,0.7979894686452849
6,84.35,74.0,0.8772969768820391
14,61.25,50.05,0.8171428571428572
20,87.8,57.45,0.6543280182232346
12,145.25,116.95,0.8051635111876075
22,72.5,46.7,0.6441379310344828
14,52.35,40.15,0.766953199617956
12,81.8,58.4,0.7139364303178484
10,184.4,143.45,0.7779284164859002
16,95.55,70.65,0.7394034536891679
10,123.45,97.45,0.7893884163628999
10,56.0,45.5,0.8125
10,147.7,121.7,0.8239675016926202
8,162.2,142.6,0.8791615289765722
10,70.9,60.85,0.8582510578279267
8,114.7,95.45,0.8321708805579773
16,144.9,110.85,0.7650103519668737
10,78.65,63.4,0.8061029879211697
2,100.2,88.0,0.8782435129740519
20,109.0,76.75,0.7041284403669725
14,94.45,70.85,0.7501323451561673
14,48.25,37.25,0.772020725388601
4,94.15,73.05,0.7758895379713223
10,124.2,94.25,0.7588566827697263
2,113.8,102.45,0.9002636203866432
10,192.55,168.2,0.8735393404310569
10,93.8,80.75,0.8608742004264393
0,108.35,89.5,0.8260267651130595
14,120.35,96.25,0.7997507270461155
6,53.95,42.85,0.794253938832252
12,54.95,48.05,0.8744313011828936
14,118.25,85.35,0.7217758985200846
12,196.5,151.85,0.7727735368956743
8,68.55,58.05,0.8468271334792122
8,48.35,40.1,0.8293691830403309
12,143.6,108.25,0.7538300835654597
10,104.8,92.35,0.8812022900763359
8,110.55,87.45,0.7910447761194029
8,62.95,47.6,0.756155679110405
14,79.95,61.7,0.7717323327079425
12,123.8,98.45,0.7952342487883683
8,65.45,51.7,0.7899159663865546
10,96.85,74.35,0.7676819824470831
14,137.85,103.25,0.7490025389916576
6,62.05,46.5,0.7493956486704271
12,38.25,25.15,0.657516339869281
16,81.9,53.05,0.6477411477411478
6,53.25,39.4,0.739906103286385
6,111.65,98.5,0.8822212270488132
6,82.25,58.3,0.7088145896656535
2,114.25,101.65,0.8897155361050328
6,186.3,152.6,0.8191089640365002
4,105.8,83.65,0.7906427221172023
8,68.6,52.85,0.7704081632653061
6,75.7,63.2,0.8348745046235139
8,199.0,167.55,0.8419597989949749
4,104.25,88.3,0.8470023980815348
10,94.95,78.7,0.8288572933122696
8,35.75,28.25,0.7902097902097902
10,24.8,17.9,0.7217741935483871
2,78.6,65.2,0.8295165394402035
4,167.65,139.65,0.8329853862212944
4,133.5,115.75,0.8670411985018727
0,157.6,129.85,0.8239213197969543
6,104.55,85.5,0.8177905308464849
18,179.35,128.5,0.7164761639252858
14,34.1,25.7,0.7536656891495601
6,155.35,128.3,0.8258770518184744
16,84.55,64.9,0.7675931401537551
14,91.45,69.1,0.7556041552761071
16,83.8,64.75,0.772673031026253
18,165.2,113.65,0.687953995157385
6,82.8,67.1,0.8103864734299517
10,136.15,114.8,0.8431876606683805
6,91.75,74.9,0.8163487738419618
10,153.4,118.35,0.7715123859191656
8,134.85,103.2,0.7652947719688543
4,144.85,118.4,0.8173973075595443
6,168.95,134.7,0.7972773009766203
10,90.15,74.35,0.824736550194121
6,74.25,61.95,0.8343434343434344
8,73.6,58.8,0.7989130434782609
6,144.05,122.25,0.8486636584519264
2,157.35,128.25,0.8150619637750238
8,162.35,134.1,0.8259932245149368
12,70.2,58.4,0.8319088319088319
12,114.8,89.05,0.7756968641114983
14,73.8,64.1,0.8685636856368564
8,52.75,39.55,0.7497630331753554
12,53.35,43.55,0.8163074039362699
20,35.3,22.55,0.6388101983002833
12,75.55,61.7,0.8166776968894772
6,93.2,72.15,0.7741416309012875
6,100.2,87.25,0.8707584830339321
6,142.95,126.0,0.881427072402938
12,146.5,115.3,0.7870307167235495
10,110.85,91.05,0.8213802435723951
14,196.5,154.4,0.7857506361323155
4,103.8,93.0,0.8959537572254336
12,164.55,139.65,0.8486782133090246
18,180.1,132.05,0.7332037756801777
10,84.45,65.95,0.7809354647720544
6,177.6,145.15,0.817286036036036
12,39.65,29.65,0.7477931904161412
14,134.2,106.7,0.7950819672131147
20,31.95,22.0,0.6885758998435054
12,99.95,81.55,0.8159079539769885
6,98.65,80.9,0.8200709579320831
10,137.7,116.45,0.845679012345679
10,185.35,148.35,0.8003776638791475
6,83.45,69.8,0.8364289994008388
14,42.75,31.2,0.7298245614035088
12,83.6,72.05,0.8618421052631579
6,87.45,79.2,0.9056603773584906
16,161.3,125.55,0.7783632982021079
4,131.3,123.1,0.9375476009139375
6,42.0,34.25,0.8154761904761905
6,114.45,102.55,0.8960244648318043
14,85.35,67.75,0.7937902753368483
10,32.15,25.3,0.7869362363919129
6,61.5,51.45,0.8365853658536585
20,103.8,75.75,0.7297687861271677
8,73.7,55.7,0.7557666214382632
16,73.15,48.75,0.6664388243335612
10,103.3,87.1,0.8431752178121975
20,38.55,23.1,0.5992217898832685
2,204.6,174.2,0.8514173998044966
0,232.6,192.5,0.8276010318142735
4,107.65,90.85,0.8439386901997213
20,115.4,85.55,0.7413344887348353
20,117.6,78.05,0.6636904761904762
16,106.25,84.1,0.7915294117647059
10,83.95,65.3,0.7778439547349613
10,46.65,33.75,0.7234726688102894
4,55.15,48.4,0.8776065276518585
6,107.2,87.2,0.8134328358208955
16,89.2,63.75,0.7146860986547086
6,140.6,118.65,0.8438833570412517
8,86.0,71.35,0.8296511627906977
8,189.05,156.0,0.8251785241999471
4,156.3,126.1,0.8067818298144593
16,44.15,34.35,0.7780294450736127
8,53.55,45.65,0.8524743230625583
12,131.0,95.15,0.7263358778625955
10,146.75,121.35,0.8269165247018739
6,89.45,67.45,0.7540525433202907
10,32.55,25.0,0.7680491551459293
8,79.2,61.45,0.7758838383838383
10,96.3,69.05,0.7170301142263759
22,120.65,94.15,0.7803564028180688
12,133.7,110.2,0.8242333582647718
20,87.55,58.5,0.6681896059394632
4,107.9,80.95,0.7502316960148285
10,44.7,31.25,0.6991051454138703
8,36.15,29.35,0.8118948824343015
6,106.65,85.15,0.7984060009376465
8,117.05,95.05,0.8120461341307134
8,145.45,118.6,0.8154004812650395
4,32.3,25.55,0.7910216718266254
16,62.4,47.05,0.7540064102564102
8,79.45,65.05,0.8187539332913782
12,106.45,86.6,0.8135274776890559
8,78.2,58.7,0.7506393861892583
6,79.75,67.15,0.8420062695924765
8,53.9,42.95,0.7968460111317254
4,97.15,84.2,0.8667009778692744
18,105.5,77.5,0.7345971563981043
8,162.25,127.85,0.7879815100154083
12,108.25,83.2,0.7685912240184758
6,122.2,95.3,0.7798690671031097
8,103.85,94.4,0.9090033702455464
16,65.85,49.15,0.7463933181473045
12,141.4,112.15,0.7931400282885431
12,263.7,209.35,0.7938945771710277
16,163.6,135.1,0.8257946210268948
12,65.0,46.55,0.7161538461538461
12,69.4,57.45,0.8278097982708934
4,85.45,72.65,0.85020479812756
6,172.85,142.15,0.822389354932022
18,141.3,99.3,0.70276008492569
14,160.5,122.1,0.7607476635514019
8,130.0,103.8,0.7984615384615384
8,52.5,43.9,0.8361904761904762
6,146.15,123.25,0.8433116660964762
4,118.9,103.45,0.8700588730025232
6,137.5,111.85,0.8134545454545454
4,87.15,73.95,0.8485370051635112
6,53.25,45.9,0.8619718309859155
18,195.25,139.35,0.7137003841229194
16,103.45,83.9,0.8110198163363944
12,174.7,132.8,0.7601602747567258
4,103.85,88.95,0.85652383245065
20,175.7,126.8,0.7216846898121798
12,258.65,189.05,0.7309104968103615
10,131.95,109.8,0.8321333838575218
14,112.85,88.7,0.7859991138679663
6,162.25,132.7,0.8178736517719568
10,64.55,47.3,0.7327652982184353
14,172.15,140.85,0.8181818181818182
6,156.1,128.55,0.8235105701473414
2,122.4,94.5,0.7720588235294118
18,52.8,32.95,0.6240530303030303
12,91.4,68.2,0.7461706783369803
4,105.55,94.6,0.896257697773567
4,246.35,200.55,0.81408565049726
4,39.2,32.5,0.8290816326530612
10,53.55,43.25,0.80765639589169
12,34.55,27.0,0.7814761215629522
20,65.6,50.6,0.7713414634146342
14,142.45,120.25,0.8441558441558441
8,55.0,41.6,0.7563636363636363
10,117.45,94.75,0.8067262664963815
14,133.95,92.55,0.6909294512877939
10,128.65,105.35,0.8188884570540226
4,136.0,117.15,0.8613970588235295
12,109.15,86.3,0.7906550618415025
10,160.75,138.05,0.8587869362363919
10,79.45,58.3,0.7337948395217118
6,121.5,103.85,0.8547325102880658
10,166.15,127.0,0.7643695455913332
14,92.35,72.25,0.7823497563616676
16,139.9,112.9,0.8070050035739814
14,189.05,142.75,0.7550912457021952
