rf,total_quartet,correct_quartet,correct_prop
2,312.85,286.35,0.9152948697458846
2,242.25,225.35,0.9302373581011352
8,177.75,151.9,0.8545710267229255
2,310.1,265.35,0.8556917123508546
6,146.45,130.7,0.8924547627176511
4,376.9,333.65,0.8852480764128416
2,413.65,379.5,0.9174422821225674
2,373.75,334.65,0.8953846153846153
0,231.35,206.75,0.8936676031986168
10,253.85,216.35,0.8522749655308253
0,328.8,301.5,0.916970802919708
2,281.45,258.15,0.9172144252975661
2,288.2,263.75,0.9151630811936156
2,254.5,227.3,0.8931237721021611
0,233.5,213.75,0.9154175588865097
4,263.1,228.15,0.8671607753705816
6,122.95,109.05,0.8869459129727532
4,292.6,263.6,0.9008885850991114
2,255.8,229.25,0.8962079749804535
0,293.15,266.75,0.9099437148217636
2,286.75,264.15,0.9211857018308631
6,327.35,283.8,0.8669619673132732
4,182.15,162.35,0.8912983804556684
4,257.45,227.15,0.8823072441250728
2,393.15,349.8,0.8897367417016406
2,189.55,175.1,0.9237668161434978
2,140.3,122.9,0.8759800427655025
0,223.85,209.05,0.9338842975206612
2,429.85,385.4,0.8965918343608236
0,285.45,261.55,0.9162725521107024
2,331.95,301.4,0.9079680674800422
2,461.2,408.7,0.8861665221162186
6,158.4,139.5,0.8806818181818182
2,366.7,336.55,0.9177802017998363
4,363.35,317.75,0.874501169671116
2,468.95,422.05,0.8999893378825035
12,224.05,194.5,0.8681097969203303
0,424.2,394.6,0.9302215935879302
6,237.4,217.6,0.9165964616680707
0,274.35,244.25,0.8902861308547476
4,218.5,194.9,0.8919908466819222
2,364.35,325.4,0.8930972965555098
4,421.45,366.5,0.8696167991458061
2,134.25,120.9,0.9005586592178771
6,248.45,210.7,0.8480579593479574
2,437.0,385.7,0.8826086956521739
4,296.0,268.85,0.9082770270270271
2,322.25,289.55,0.8985259891388674
2,430.65,383.85,0.8913270637408568
2,283.45,259.15,0.9142705944611043
2,301.85,281.45,0.9324167632930264
2,229.95,211.05,0.9178082191780822
2,267.95,239.15,0.8925172606829632
0,374.5,344.25,0.9192256341789052
0,367.75,326.0,0.8864717878993882
0,444.95,394.7,0.887065962467693
8,196.15,171.85,0.8761152179454499
2,333.15,297.9,0.8941918054930211
4,85.85,73.75,0.8590564938846826
2,457.95,405.45,0.8853586636095644
4,172.1,153.75,0.8933759442184777
0,161.95,146.25,0.9030564989194195
2,488.55,429.95,0.8800532187084229
2,297.25,258.3,0.8689655172413793
2,244.0,217.65,0.8920081967213115
0,305.8,267.0,0.8731196860693263
2,379.4,340.5,0.8974696889826042
2,185.5,163.95,0.8838274932614555
2,319.2,286.55,0.8977130325814536
6,315.55,268.45,0.8507368087466328
2,279.85,260.35,0.9303198141861712
0,446.05,405.55,0.9092030041475171
8,249.55,216.9,0.8691644960929673
0,237.95,220.55,0.9268753939903341
2,229.6,205.0,0.8928571428571429
4,244.0,213.55,0.8752049180327869
0,288.05,249.85,0.867384134698837
4,319.25,277.4,0.8689115113547377
4,322.95,300.65,0.9309490633224957
0,365.1,335.75,0.9196110654615174
2,405.75,371.5,0.9155884165126309
8,165.55,142.7,0.8619752340682574
2,288.35,260.05,0.901855384081845
6,319.85,283.05,0.8849460684695951
4,287.3,264.4,0.9202923773059519
0,391.9,364.1,0.9290635366164838
2,178.8,161.2,0.901565995525727
4,221.05,200.05,0.9049988690341552
6,320.65,278.6,0.8688601278652737
2,308.45,273.65,0.8871778246069055
0,328.6,290.05,0.8826841144248326
2,285.95,255.25,0.8926385731771289
0,296.05,278.15,0.9395372403310251
4,309.95,268.25,0.8654621713179546
2,451.15,403.9,0.8952676493405741
2,296.75,259.0,0.8727885425442291
2,342.0,305.7,0.893859649122807
4,478.9,424.35,0.8860931300897891
2,321.2,289.95,0.9027085927770859
2,235.75,212.1,0.8996818663838813
6,239.9,209.9,0.8749478949562317
2,325.05,292.85,0.900938317181972
8,326.85,273.2,0.8358574269542604
4,194.2,156.75,0.807157569515963
2,225.6,201.65,0.8938386524822695
2,302.35,260.0,0.8599305440714404
4,290.5,252.3,0.8685025817555938
2,238.9,217.55,0.9106320636249476
2,335.1,311.2,0.9286780065652044
0,218.2,203.05,0.9305682859761687
6,326.35,289.7,0.8876972575455799
0,238.9,212.8,0.8907492674759313
0,460.45,416.1,0.9036811814529265
0,291.65,270.0,0.9257671866963827
4,268.55,236.75,0.8815862967789984
2,295.1,268.4,0.9095221958658082
0,360.0,331.1,0.9197222222222222
2,361.7,320.45,0.8859552115012441
4,262.9,236.2,0.898440471662229
2,414.7,377.0,0.9090909090909091
2,317.75,293.45,0.9235247836349332
2,498.5,459.8,0.9223671013039118
2,232.5,210.25,0.9043010752688172
2,404.9,365.15,0.9018276117559891
8,277.45,246.75,0.8893494323301496
2,362.7,320.6,0.8839261097325614
8,217.3,195.2,0.898297284859641
2,449.85,410.15,0.9117483605646327
2,360.9,325.2,0.9010806317539485
4,195.05,174.85,0.8964368110740836
6,319.8,283.45,0.8863352095059412
4,309.5,279.65,0.9035541195476575
4,260.95,230.55,0.8835025867024334
0,257.3,238.2,0.925767586474932
0,233.0,216.7,0.9300429184549356
6,156.05,136.0,0.8715155398910606
0,487.5,440.15,0.9028717948717949
0,425.9,374.25,0.8787274007983095
2,250.25,234.95,0.9388611388611389
0,235.25,221.15,0.9400637619553667
2,480.45,421.8,0.8779269434904777
6,238.1,204.45,0.8586728265434691
2,291.55,267.6,0.9178528554278854
4,266.25,238.85,0.8970892018779343
2,336.9,293.05,0.8698426832888098
0,332.1,291.7,0.8783498946100572
0,214.9,196.65,0.9150767798976268
4,275.35,254.0,0.9224623206827673
0,207.75,195.05,0.9388688327316486
2,361.15,322.1,0.8918731828879967
2,201.4,176.3,0.8753723932472691
6,225.2,199.7,0.8867673179396093
0,191.95,178.55,0.9301901536858557
6,259.95,222.6,0.8563185227928448
6,276.25,241.65,0.8747511312217194
6,225.3,199.1,0.8837106080781181
8,211.0,185.95,0.8812796208530805
6,141.0,121.3,0.8602836879432624
0,349.2,313.4,0.8974799541809851
4,256.45,226.75,0.8841879508676155
6,238.7,212.2,0.8889819857561793
0,249.5,220.35,0.8831663326653306
2,252.65,228.85,0.9057985355234515
4,384.85,329.1,0.8551383655969859
2,234.0,207.05,0.8848290598290598
4,294.45,266.9,0.9064357276277806
2,393.35,352.6,0.8964026948010677
2,598.35,509.3,0.8511740620038439
4,237.6,210.7,0.8867845117845118
8,139.45,126.25,0.9053424166367874
2,449.3,410.7,0.9140885822390385
4,530.6,462.05,0.8708066339992462
4,315.55,278.4,0.8822690540326414
0,342.95,314.95,0.9183554454002041
4,286.45,263.9,0.9212777098970152
2,340.25,301.9,0.8872887582659809
10,205.8,181.05,0.8797376093294461
4,523.15,443.0,0.8467934626780083
2,333.5,292.2,0.8761619190404798
0,310.4,286.9,0.9242912371134021
2,215.4,200.35,0.930129990714949
4,381.35,339.4,0.8899960666054806
0,387.1,365.2,0.9434254714544046
2,137.2,124.25,0.9056122448979592
6,164.1,139.0,0.8470444850700792
2,263.5,233.55,0.886337760910816
6,281.35,249.1,0.8853740892127243
2,236.45,221.35,0.936138718545147
2,283.05,252.5,0.8920685391273626
2,189.3,172.5,0.9112519809825673
6,224.8,200.7,0.8927935943060499
6,435.1,386.45,0.8881866237646519
0,329.05,300.15,0.912171402522413
2,378.7,343.05,0.9058621600211249
0,265.15,230.7,0.8700735432773902
2,431.85,384.4,0.8901238856084288
0,193.75,170.05,0.8776774193548387
0,304.55,272.4,0.8944344114266951
0,411.25,372.2,0.9050455927051672
4,393.5,343.7,0.873443456162643
4,460.15,404.7,0.8794958165815495
0,226.3,212.95,0.9410075121520106
0,173.65,155.7,0.8966311546213648
10,109.15,95.45,0.8744846541456711
6,224.5,199.45,0.8884187082405345
0,318.85,284.8,0.8932099733416967
2,368.75,332.85,0.9026440677966102
4,279.7,254.45,0.9097247050411155
4,290.0,269.75,0.9301724137931034
4,331.2,296.85,0.896286231884058
0,345.25,312.8,0.9060101375814628
2,195.75,170.4,0.8704980842911877
0,346.3,311.8,0.9003753970545769
6,376.45,337.75,0.8971975029884447
2,186.5,169.75,0.9101876675603218
4,323.6,299.1,0.9242892459826947
2,297.2,270.25,0.9093203230148048
2,487.85,432.85,0.887260428410372
0,469.2,434.65,0.9263640238704177
6,345.3,304.8,0.8827106863596872
4,361.65,319.45,0.8833125950504631
2,272.65,246.55,0.9042728773152393
4,233.6,204.9,0.8771404109589042
4,331.4,295.75,0.8924260712130356
2,278.55,255.45,0.9170705438879914
2,267.8,230.9,0.8622106049290515
2,299.0,266.55,0.8914715719063545
4,219.2,207.45,0.9463959854014599
6,346.35,301.25,0.8697848996679659
6,411.75,362.3,0.8799028536733455
0,455.85,403.7,0.8855983327849073
4,336.95,302.8,0.8986496512835732
0,333.6,298.75,0.8955335731414868
6,239.75,206.15,0.8598540145985402
2,282.1,254.8,0.9032258064516129
0,362.4,329.8,0.9100441501103753
6,266.1,226.3,0.8504321683577603
2,391.6,355.6,0.9080694586312564
4,242.3,210.75,0.8697895171275278
4,91.25,78.2,0.856986301369863
0,372.0,335.45,0.901747311827957
2,344.05,306.0,0.8894056096497602
2,211.3,186.2,0.881211547562707
0,333.95,305.2,0.9139092678544692
6,124.7,107.6,0.8628708901363272
8,278.6,248.65,0.8924982053122756
0,352.15,319.75,0.9079937526622178
2,374.25,328.6,0.8780227120908484
6,202.1,174.6,0.863928748144483
4,147.55,132.4,0.8973229413758048
2,259.5,236.75,0.9123314065510597
6,265.35,239.1,0.9010740531373658
6,254.05,215.85,0.8496358984451879
2,199.1,179.95,0.9038171772978403
2,349.65,320.3,0.9160589160589161
4,492.15,453.95,0.9223813877882759
4,281.05,253.0,0.9001956947162426
2,247.4,223.1,0.9017784963621666
0,384.0,341.5,0.8893229166666666
4,219.1,193.7,0.8840712003651301
10,248.55,215.55,0.8672299336149668
6,197.0,185.5,0.9416243654822335
2,339.1,303.45,0.8948687702742554
0,299.45,275.9,0.9213558190015028
6,179.25,158.45,0.8839609483960948
2,192.7,177.9,0.9231966787752984
10,255.8,215.75,0.8434323690383112
0,395.85,343.35,0.8673740053050398
0,314.9,287.3,0.9123531279771356
2,447.15,399.55,0.8935480263893548
6,418.85,371.7,0.8874298674943297
2,425.65,382.9,0.8995653706096558
2,499.05,448.4,0.8985071636108606
6,267.3,235.65,0.8815937149270483
0,296.35,274.6,0.9266070524717395
6,254.3,220.85,0.8684624459300039
4,205.6,179.45,0.8728112840466926
2,308.85,278.6,0.9020560142463979
0,259.15,240.4,0.9276480802623963
4,306.35,275.45,0.8991349763342582
4,214.25,193.7,0.9040840140023337
6,177.9,151.7,0.852726250702642
2,304.85,274.5,0.9004428407413482
4,230.9,207.65,0.8993070593330446
6,208.9,185.45,0.8877453326950694
4,316.4,282.45,0.8926991150442478
0,408.85,380.75,0.9312706371529901
0,348.05,307.7,0.8840683809797443
0,291.6,265.1,0.909122085048011
8,188.8,170.1,0.9009533898305084
2,224.1,200.7,0.8955823293172691
0,368.7,325.55,0.8829671819907784
8,222.95,197.55,0.8860731105629065
2,219.5,197.65,0.9004555808656036
4,350.35,315.6,0.9008134722420437
6,185.3,164.8,0.8893685914732865
0,327.05,309.15,0.9452683075982266
4,287.5,257.45,0.8954782608695652
4,370.8,340.3,0.9177454153182308
4,303.4,272.05,0.8966710613052077
0,217.4,202.3,0.9305427782888684
2,263.6,236.65,0.8977617602427921
2,221.05,205.6,0.9301063107894142
6,123.25,107.9,0.8754563894523326
8,179.2,162.5,0.9068080357142857
8,135.7,115.3,0.8496683861459101
4,457.2,405.45,0.8868110236220472
2,161.35,138.9,0.8608614812519367
6,336.95,307.95,0.9139338180738982
2,273.7,241.45,0.8821702594081111
0,279.5,263.65,0.9432915921288014
2,322.05,294.8,0.9153858096568855
4,281.85,247.65,0.8786588610963278
6,197.75,181.7,0.9188369152970923
8,202.6,182.65,0.9015301085883515
0,178.5,163.2,0.9142857142857143
4,345.75,319.65,0.9245119305856833
8,316.7,287.45,0.9076413009156931
2,354.35,305.35,0.8617186397629463
2,250.7,220.55,0.8797367371360192
6,225.15,183.75,0.8161225849433711
4,334.7,305.2,0.9118613683896026
6,225.3,204.0,0.9054593874833555
2,344.75,308.1,0.893691080493111
0,247.4,231.8,0.936944219886823
2,257.85,219.05,0.8495249175877448
6,381.2,326.4,0.8562434417628542
4,279.05,253.9,0.9098727826554381
2,188.1,168.15,0.8939393939393939
4,218.95,197.15,0.900433889015757
0,226.5,206.55,0.9119205298013245
0,440.9,403.05,0.9141528691313223
4,122.8,111.4,0.9071661237785016
2,429.05,373.5,0.8705279104999417
2,515.65,471.25,0.9138950838747212
6,191.65,167.75,0.8752935037829377
10,358.4,322.9,0.9009486607142857
6,281.2,253.2,0.9004267425320057
2,390.25,353.65,0.9062139654067906
4,284.5,248.3,0.8727592267135326
4,226.45,200.6,0.8858467652903511
2,259.7,233.75,0.9000770119368502
4,425.15,383.2,0.9013289427260966
6,239.0,205.7,0.8606694560669456
2,374.1,337.65,0.9025661587810746
6,268.2,239.25,0.8920581655480985
8,221.45,192.85,0.870851207947618
0,290.15,269.2,0.927795967602964
2,294.9,265.85,0.9014920311970159
6,392.75,357.2,0.909484404837683
4,391.85,344.3,0.8786525456169453
2,409.75,366.1,0.8934716290420989
2,335.85,305.5,0.9096322763138306
2,456.75,416.55,0.9119868637110017
0,297.0,265.95,0.8954545454545455
4,363.45,317.05,0.8723345714678773
2,440.75,386.5,0.8769143505388542
4,215.95,201.7,0.9340125028941885
2,248.45,220.1,0.8858925337089958
2,155.5,141.9,0.912540192926045
2,403.15,376.25,0.9332754557856877
6,300.85,259.8,0.86355326574705
2,244.1,221.3,0.9065956575174109
0,311.95,288.25,0.9240262862638243
4,282.95,250.9,0.8867291040819932
8,303.25,271.0,0.8936521022258862
0,254.8,234.0,0.9183673469387755
0,560.95,499.95,0.8912559051608878
4,245.95,216.5,0.8802602154909535
0,184.95,165.55,0.8951067856177345
2,412.35,368.85,0.8945070934885413
2,229.55,206.0,0.897407972119364
2,261.95,235.95,0.9007444168734491
0,353.95,320.5,0.9054951264302867
2,492.4,449.35,0.9125710804224207
4,158.35,142.25,0.898326491948216
2,338.9,293.5,0.8660371791088817
6,359.75,321.95,0.8949270326615706
2,359.2,319.3,0.8889198218262806
0,183.05,152.2,0.8314668123463534
2,180.35,165.35,0.9168283892431384
6,212.45,184.9,0.870322428806778
4,256.35,226.55,0.8837526818802418
2,281.8,253.5,0.8995741660752307
6,279.8,248.3,0.8874195854181558
6,146.95,130.8,0.8900986730180334
0,233.25,212.5,0.9110396570203644
4,347.75,311.5,0.8957584471603163
4,221.55,189.0,0.8530805687203792
0,320.4,290.3,0.9060549313358303
0,300.5,272.25,0.9059900166389351
8,271.8,234.05,0.8611111111111112
2,345.45,315.25,0.9125777970762773
4,214.65,190.5,0.8874912648497554
4,216.25,184.2,0.8517919075144509
4,198.85,181.6,0.9132511943676138
6,291.0,253.35,0.8706185567010309
4,246.05,222.15,0.9028652712863239
6,312.35,283.05,0.9061949735873219
0,335.7,307.25,0.9152517128388442
0,160.6,145.45,0.9056662515566625
0,492.4,448.15,0.9101340373679935
0,389.0,345.65,0.888560411311054
8,191.6,163.65,0.8541231732776617
2,372.3,332.4,0.8928283642224013
2,207.45,185.7,0.8951554591467824
6,202.0,185.0,0.9158415841584159
2,272.95,246.8,0.9041949074922147
4,234.45,213.35,0.910002132650885
2,255.0,232.65,0.9123529411764706
2,285.85,259.5,0.9078187860766136
2,239.15,216.7,0.9061258624294376
8,191.3,169.95,0.8883951907997909
0,228.15,211.25,0.9259259259259259
2,513.5,459.0,0.8938656280428432
2,328.8,292.1,0.88838199513382
0,562.15,514.45,0.9151472027039047
4,124.3,111.2,0.8946098149637972
0,484.6,449.6,0.9277754849360297
0,483.25,429.55,0.8888773926539059
2,388.65,351.45,0.9042840602084138
0,394.65,357.9,0.9068795134929685
2,557.85,509.1,0.9126109169131487
0,361.45,320.75,0.8873979803568959
0,235.05,214.05,0.9106573069559668
4,175.2,159.8,0.9121004566210046
2,371.8,333.75,0.8976600322754169
4,214.95,198.65,0.9241684112584322
2,169.4,149.9,0.884887839433294
0,264.25,246.75,0.9337748344370861
2,318.4,292.7,0.9192839195979899
2,290.25,265.05,0.9131782945736434
2,225.1,204.65,0.9091514882274545
2,245.65,229.5,0.9342560553633218
6,260.65,233.7,0.8966046422405525
0,421.5,387.6,0.9195729537366548
2,282.45,255.45,0.9044078597981944
4,272.7,251.6,0.9226255958929226
6,167.0,145.1,0.8688622754491018
4,246.65,213.95,0.8674234745590919
12,269.5,236.7,0.8782931354359926
6,153.65,136.95,0.8913114220631305
0,421.0,376.85,0.8951306413301663
6,203.0,170.1,0.8379310344827586
2,227.45,202.1,0.8885469333919542
6,345.5,300.45,0.8696092619392185
4,168.2,151.1,0.8983353151010701
0,222.3,203.75,0.9165542060278903
2,176.3,161.1,0.9137833238797505
0,298.2,274.45,0.920355466130114
2,237.55,219.9,0.9256998526625974
2,251.25,228.9,0.9110447761194029
2,181.95,162.2,0.891453696070349
2,366.0,324.35,0.8862021857923498
2,185.45,164.7,0.8881100026961445
2,561.8,491.35,0.8745995016019936
2,355.8,318.55,0.8953063518830804
0,413.6,372.9,0.901595744680851
4,364.95,328.35,0.8997122893547062
2,335.35,300.2,0.8951841359773371
2,328.7,290.15,0.8827198052935807
4,384.55,346.35,0.900663112729164
4,493.9,433.1,0.8768981575217656
0,513.25,468.8,0.9133950316609839
6,170.9,144.85,0.847571679344646
4,195.65,162.45,0.8303092256580629
8,394.85,335.45,0.8495631252374319
2,490.1,438.4,0.894511324219547
4,295.65,274.8,0.9294774226281075
4,286.3,250.7,0.8756549074397485
2,387.35,345.35,0.891570930682845
4,301.15,268.25,0.8907521168852731
6,347.45,309.0,0.889336595193553
6,358.3,314.1,0.8766396874127825
2,458.2,401.2,0.8756001745962462
2,259.1,233.1,0.8996526437668854
2,298.05,258.6,0.867639657775541
2,109.7,101.5,0.9252506836827712
4,351.55,322.55,0.9175081780685536
2,313.35,279.85,0.8930907930429233
2,251.25,224.75,0.8945273631840795
2,296.6,258.9,0.8728927848954822
4,246.55,220.35,0.8937335226120462
6,301.6,270.6,0.8972148541114059
2,250.55,218.55,0.8722809818399521
4,260.75,228.65,0.8768935762224352
2,540.95,489.75,0.9053516960902117
2,350.55,315.05,0.8987305662530309
4,304.4,272.9,0.8965177398160316
4,624.75,550.5,0.8811524609843937
6,297.45,253.1,0.8508993108085392
0,154.8,142.7,0.9218346253229974
2,302.85,279.9,0.924219910846954
2,247.65,212.6,0.8584696143751261
2,294.05,260.8,0.8869239925182792
8,156.45,135.85,0.8683285394694791
6,326.3,281.9,0.8639288997854735
4,236.45,204.0,0.8627616832311271
2,216.45,189.6,0.875952875952876
2,475.45,433.85,0.9125039436323483
4,177.95,154.2,0.8665355436920483
0,345.45,314.3,0.9098277608915907
4,184.7,169.95,0.9201407688142934
2,364.5,340.85,0.935116598079561
2,302.35,265.0,0.8764676699189681
4,364.8,329.8,0.9040570175438597
2,392.8,350.85,0.8932026476578412
2,462.75,407.0,0.8795245813074014
6,347.55,301.95,0.8687958567112646
4,275.1,249.7,0.9076699382042893
0,295.3,270.3,0.9153403318658991
8,250.35,219.7,0.877571400039944
4,236.35,213.1,0.9016289401311615
4,322.25,288.75,0.8960434445306439
2,252.15,228.05,0.9044219710489788
2,371.85,334.9,0.900631975258841
0,268.9,238.4,0.8865749349200446
4,376.1,339.55,0.9028183993618718
2,384.85,352.9,0.9169806418084968
4,410.65,368.9,0.8983319128211372
2,296.7,270.0,0.910010111223458
4,191.75,166.15,0.8664928292046936
2,338.15,304.25,0.8997486322637882
2,551.4,490.5,0.8895538628944505
2,319.75,283.3,0.8860046911649726
6,449.2,374.5,0.8337043633125557
0,478.05,431.15,0.9018931074155423
2,204.8,177.05,0.864501953125
2,274.2,250.7,0.9142961342086069
0,428.05,386.1,0.9019974302067515
2,174.0,154.25,0.8864942528735632
6,498.95,450.1,0.9020943982362962
2,328.7,296.0,0.9005171889260724
2,280.25,253.15,0.9033006244424621
2,298.2,279.55,0.937458081824279
4,297.2,260.65,0.8770188425302826
4,440.8,380.35,0.8628629764065335
6,184.05,165.25,0.8978538440641131
2,365.75,324.0,0.885850991114149
6,347.95,301.6,0.8667912056329933
0,493.65,446.6,0.9046895573787096
4,349.35,316.05,0.9046801202232718
2,444.75,403.5,0.9072512647554806
0,365.55,335.75,0.918479004240186
2,208.0,196.25,0.9435096153846154
2,393.5,362.5,0.9212198221092758
10,233.5,200.9,0.8603854389721627
2,363.45,327.95,0.9023249415325354
2,304.25,274.55,0.9023829087921118
2,235.0,218.6,0.9302127659574468
8,38.1,30.5,0.800524934383202
4,317.5,283.7,0.8935433070866142
4,406.2,354.65,0.8730920728705072
2,203.2,185.25,0.9116633858267716
0,233.25,219.4,0.9406216505894962
10,187.15,158.6,0.8474485706652418
0,414.5,374.1,0.9025331724969843
2,347.25,318.65,0.917638588912887
8,416.7,369.9,0.8876889848812095
4,320.5,282.1,0.8801872074882995
8,206.5,179.25,0.8680387409200968
2,314.8,292.0,0.9275730622617535
0,401.1,361.55,0.9013961605584643
2,278.55,255.25,0.9163525399389697
8,113.75,101.2,0.8896703296703297
2,324.4,289.4,0.8921085080147966
0,418.95,392.8,0.9375820503640052
0,492.4,432.65,0.878655564581641
6,212.7,183.95,0.8648330982604607
4,315.6,291.9,0.9249049429657795
4,344.6,290.7,0.8435867672663958
6,262.9,224.25,0.8529859262076835
0,238.9,210.9,0.8827961490163249
6,182.7,158.1,0.8653530377668309
4,427.0,381.85,0.8942622950819672
10,259.75,219.25,0.8440808469682387
4,229.1,198.5,0.866433871671759
4,151.35,129.7,0.8569540799471423
2,355.7,319.6,0.8985099803204948
4,303.6,268.55,0.8845520421607378
0,266.05,232.2,0.8727682766397293
2,233.95,208.45,0.8910023509296858
6,413.95,357.25,0.863026935620244
4,202.45,188.8,0.9325759446776982
8,263.0,226.8,0.8623574144486692
2,356.75,321.2,0.9003503854239664
0,459.0,427.7,0.9318082788671024
0,175.25,164.75,0.9400855920114123
0,243.1,222.55,0.9154668860551214
2,225.85,199.55,0.8835510294443214
2,407.7,363.95,0.8926907039489821
2,233.2,200.75,0.8608490566037735
4,178.45,156.45,0.8767161669935556
0,305.45,281.0,0.9199541659846129
0,316.9,287.5,0.9072262543389081
8,235.3,211.8,0.9001274968125796
2,232.1,206.1,0.8879793192589401
6,133.55,118.7,0.8888056907525271
2,282.2,261.35,0.9261162296243799
0,471.8,405.3,0.8590504451038575
8,100.7,86.05,0.8545183714001986
4,444.1,399.8,0.90024769196127
0,362.5,329.4,0.9086896551724138
4,318.55,287.55,0.9026840370428504
2,536.2,490.45,0.9146773591943305
0,358.3,315.7,0.8811052190901479
4,345.4,312.25,0.9040243196294152
0,367.7,338.55,0.9207234158281208
2,382.75,333.75,0.8719790986283474
2,299.5,266.4,0.889482470784641
2,460.75,422.0,0.9158979924036896
6,516.65,451.5,0.8738991580373561
2,207.95,186.95,0.8990141861024284
0,312.9,283.2,0.9050814956855225
4,194.6,174.75,0.8979958890030832
2,282.4,248.75,0.880842776203966
0,297.4,275.0,0.9246805648957633
2,421.75,375.2,0.8896265560165975
0,222.7,194.85,0.8749438706780422
4,319.35,290.3,0.9090339752622515
2,323.15,287.7,0.8902986229305276
4,357.7,306.2,0.8560246016214705
0,379.25,340.6,0.8980883322346737
6,153.9,143.65,0.9333983105912931
0,243.6,230.3,0.9454022988505747
4,277.8,253.5,0.9125269978401728
2,310.75,286.0,0.9203539823008849
4,359.6,315.65,0.8777808676307007
4,556.25,494.45,0.8888988764044944
0,294.75,259.4,0.8800678541136556
4,103.1,93.5,0.906886517943744
4,178.45,159.55,0.8940879798262819
2,178.25,155.65,0.8732117812061712
2,253.6,230.2,0.9077287066246057
4,246.2,216.25,0.8783509341998376
2,304.7,276.8,0.9084345257630456
0,415.2,360.25,0.8676541425818882
2,336.85,287.95,0.8548315273860769
0,432.75,374.75,0.8659734257654534
4,202.75,180.1,0.8882860665844636
8,310.3,275.75,0.8886561392201096
2,360.15,338.8,0.9407191448007775
4,294.05,258.65,0.8796123108314913
4,221.9,201.35,0.9073907165389815
0,375.55,335.6,0.893622686726135
4,398.4,358.0,0.8985943775100401
2,441.35,407.9,0.924209810807749
6,58.05,51.2,0.8819982773471146
0,361.65,310.55,0.8587031660445181
4,289.2,259.7,0.8979944674965422
6,170.65,149.6,0.8766481101670085
2,229.0,197.5,0.8624454148471615
2,280.1,246.8,0.8811138878971796
4,278.0,246.7,0.887410071942446
12,142.35,119.25,0.8377239199157007
6,270.6,236.95,0.8756467110125646
4,371.35,332.2,0.894573852161034
4,567.65,479.85,0.8453272262838016
4,183.55,159.9,0.8711522745845819
4,365.8,315.35,0.8620831055221433
8,118.15,100.3,0.8489208633093526
4,285.55,254.35,0.8907371738749781
2,441.65,385.8,0.873542397826333
2,287.6,254.5,0.8849095966620306
2,333.55,300.85,0.9019637235796732
2,348.35,318.15,0.913305583464906
0,225.45,213.7,0.9478820137502773
2,416.65,380.25,0.9126365054602185
0,302.8,277.05,0.9149603698811096
6,426.8,373.75,0.8757029053420806
6,293.8,270.4,0.9203539823008849
4,179.35,151.65,0.84555338723167
2,289.7,255.1,0.8805661028650328
6,173.7,149.95,0.8632700057570524
2,431.5,390.45,0.9048667439165701
4,356.45,311.55,0.8740356291204937
4,217.6,191.45,0.8798253676470589
2,226.25,203.2,0.898121546961326
6,256.65,226.55,0.8827196571205922
4,296.15,262.35,0.8858686476447746
6,231.1,204.6,0.8853310255300736
2,213.7,196.5,0.9195133364529715
2,362.9,316.0,0.8707632956737393
2,277.95,257.0,0.9246267314265155
4,265.7,241.9,0.9104252916823485
8,197.7,174.6,0.8831562974203339
2,206.75,183.4,0.8870616686819831
0,229.0,199.0,0.868995633187773
2,366.9,326.75,0.8905696375034069
2,140.0,128.55,0.9182142857142858
6,167.25,145.6,0.8705530642750373
4,299.85,267.1,0.8907787226946807
4,275.8,248.5,0.9010152284263959
2,240.95,221.65,0.9199003942726707
6,169.45,148.7,0.8775449985246385
6,430.25,367.1,0.853224869262057
0,489.6,429.75,0.8777573529411765
0,279.9,255.4,0.9124687388352983
0,428.1,383.55,0.8959355290819901
4,320.55,274.85,0.8574325378256122
4,229.75,206.1,0.8970620239390642
2,204.15,180.6,0.884643644379133
6,184.65,164.85,0.892770105605199
4,291.35,249.4,0.8560151021108632
6,263.65,229.1,0.8689550540489285
8,154.8,139.95,0.9040697674418605
2,517.6,452.4,0.8740340030911901
2,244.05,212.25,0.869698832206515
4,365.8,325.8,0.8906506287588847
4,380.35,321.2,0.8444853424477455
6,187.5,166.2,0.8864
6,158.05,133.35,0.8437203416640303
2,348.8,313.85,0.8997993119266054
4,217.6,196.95,0.9051011029411765
2,476.7,434.0,0.9104258443465492
0,208.85,182.85,0.8755087383289443
4,226.4,201.6,0.8904593639575972
6,265.1,243.2,0.9173896642776311
4,291.95,257.7,0.8826853913341326
6,289.7,252.6,0.8719364860200207
0,424.45,383.7,0.9039934032277065
0,423.7,391.8,0.9247108803398632
4,294.4,267.3,0.9079483695652174
2,317.35,285.25,0.8988498503229873
4,257.5,227.85,0.8848543689320388
2,324.2,293.1,0.9040715607649599
4,344.35,305.55,0.8873239436619719
4,253.2,216.95,0.8568325434439179
2,380.75,351.95,0.9243598161523309
0,407.5,357.4,0.8770552147239263
0,279.3,250.1,0.895452918009309
2,389.9,341.35,0.8754808925365478
2,199.05,178.25,0.8955036423009294
2,220.4,206.0,0.9346642468239564
4,388.25,354.15,0.9121699935608499
2,363.95,325.85,0.8953152905618904
4,334.3,289.7,0.8665868979958121
2,664.0,622.05,0.9368222891566265
4,280.0,246.55,0.8805357142857143
2,220.6,204.75,0.9281504986400725
2,434.65,377.1,0.8675946163579892
2,260.4,237.9,0.913594470046083
4,285.2,263.85,0.925140252454418
0,307.1,284.85,0.9275480299576685
0,416.85,371.15,0.8903682379752909
4,240.85,212.15,0.8808386962839941
0,408.95,368.6,0.9013326812568774
2,203.75,184.8,0.9069938650306748
4,182.1,163.95,0.9003294892915981
2,164.15,147.2,0.8967407858665855
0,462.55,421.0,0.9101718733109934
2,364.75,328.1,0.8995202193283071
2,446.8,404.7,0.9057743957027753
2,301.8,266.8,0.8840291583830351
2,371.8,339.45,0.9129908552985476
6,244.6,215.45,0.8808258381030254
4,543.4,485.4,0.8932646301067354
0,317.95,290.0,0.9120930963988049
4,421.95,381.15,0.9033060789193033
4,157.2,136.65,0.8692748091603053
2,448.35,413.25,0.9217129474740716
0,423.95,380.45,0.897393560561387
2,474.0,419.95,0.8859704641350211
2,371.7,336.5,0.9052999730965833
0,170.0,162.85,0.9579411764705882
4,268.2,235.85,0.8793810589112603
0,315.95,297.8,0.9425542016141795
6,335.1,300.6,0.8970456580125336
2,254.5,231.9,0.9111984282907662
2,281.75,253.2,0.8986690328305235
6,257.5,226.9,0.8811650485436893
0,337.05,310.8,0.9221183800623053
2,257.15,231.5,0.9002527707563679
2,458.15,415.9,0.9077812943359161
4,340.85,312.15,0.9157987384479976
2,241.45,219.05,0.9072271691861669
0,258.15,238.65,0.9244625217896572
4,215.75,196.6,0.9112398609501738
0,228.5,204.05,0.8929978118161925
6,319.75,289.35,0.9049257232212666
8,103.4,89.0,0.8607350096711799
2,376.2,332.55,0.8839712918660287
2,130.55,116.5,0.892378399080812
2,274.0,249.7,0.9113138686131387
4,267.7,230.7,0.8617855808741128
2,269.05,249.8,0.9284519606021185
2,360.95,311.95,0.8642471256406704
4,223.55,198.75,0.8890628494743905
2,266.8,234.55,0.8791229385307346
4,314.2,279.8,0.890515595162317
6,345.65,285.05,0.8246781426298279
0,447.4,406.3,0.9081358962896736
4,235.3,196.25,0.8340416489587761
4,439.2,402.5,0.9164389799635702
0,209.1,184.85,0.884026781444285
6,310.25,271.8,0.8760676873489122
4,497.4,451.65,0.908021712907117
6,220.5,196.5,0.891156462585034
2,479.4,418.85,0.8736962870254484
6,386.5,341.2,0.8827943078913325
0,165.7,157.15,0.9484007242003621
2,414.3,363.55,0.8775042239922761
2,326.35,287.75,0.8817220775241306
0,285.0,259.8,0.911578947368421
4,215.8,193.95,0.8987488415199258
2,229.75,204.15,0.8885745375408052
2,349.7,312.45,0.8934801258221332
4,57.2,49.7,0.8688811188811189
6,188.6,163.5,0.866914103923648
0,271.7,243.2,0.8951048951048951
0,219.85,202.9,0.9229019786217876
0,517.7,475.45,0.9183890283948233
2,305.0,268.2,0.879344262295082
6,296.5,267.1,0.9008431703204047
2,274.5,247.9,0.903096539162113
0,233.35,214.6,0.9196485965288194
4,224.7,199.35,0.8871829105473965
4,225.2,192.7,0.855683836589698
2,234.2,209.9,0.8962425277540563
2,267.5,235.45,0.8801869158878505
2,310.85,281.5,0.9055814701624578
4,264.0,230.45,0.8729166666666667
2,169.5,158.4,0.9345132743362832
2,296.5,259.15,0.8740303541315345
2,264.0,236.75,0.896780303030303
2,239.25,214.55,0.896760710553814
0,372.6,339.0,0.9098228663446055
6,288.7,258.4,0.8950467613439557
6,500.85,439.7,0.8779075571528402
2,319.4,276.8,0.8666249217282405
6,214.0,180.5,0.8434579439252337
0,210.8,198.95,0.943785578747628
8,234.4,199.5,0.8511092150170648
0,417.8,382.7,0.9159885112494016
4,260.7,235.85,0.9046797084771768
6,300.25,268.8,0.8952539550374687
2,287.95,248.65,0.8635179718701164
4,456.85,409.15,0.8955893619349896
0,205.7,189.3,0.9202722411278561
2,433.15,397.7,0.9181576820962715
0,424.65,394.0,0.9278229129871659
0,410.2,364.65,0.8889566065333984
6,229.85,195.85,0.852077441809876
6,217.3,182.55,0.8400828347906121
4,215.75,186.9,0.8662804171494786
2,444.75,409.15,0.9199550309162451
4,284.1,253.25,0.8914114748328054
0,311.2,281.05,0.9031169665809768
2,182.55,166.75,0.9134483703095042
6,262.65,230.5,0.8775937559489815
0,328.35,291.05,0.8864017054971829
2,313.05,278.55,0.8897939626257786
0,364.85,324.35,0.8889954775935316
0,308.5,271.7,0.8807131280388979
4,257.35,227.85,0.8853701185156402
2,380.3,349.05,0.917828030502235
2,235.5,207.2,0.8798301486199576
0,290.7,260.1,0.8947368421052632
0,347.85,318.8,0.916486991519333
6,218.4,193.6,0.8864468864468864
2,192.0,172.6,0.8989583333333333
4,298.75,273.45,0.9153138075313808
8,237.25,199.2,0.8396206533192835
4,291.45,267.55,0.9179962257677131
2,241.5,215.65,0.8929606625258799
0,317.5,288.0,0.9070866141732283
0,180.75,164.3,0.9089903181189488
2,467.8,433.85,0.9274262505344164
2,202.0,181.35,0.8977722772277228
4,293.5,262.3,0.8936967632027257
2,350.4,320.15,0.913670091324201
4,109.85,95.85,0.8725534820209376
2,262.85,234.4,0.8917633631348678
6,251.55,222.3,0.8837209302325582
4,208.35,186.45,0.8948884089272858
2,290.95,263.6,0.9059975940883314
8,97.15,78.95,0.8126608337622233
8,212.05,183.1,0.8634755953784484
4,241.9,213.65,0.8832162050434064
6,414.6,355.95,0.8585383502170767
4,311.6,273.7,0.8783697047496791
4,193.5,171.35,0.8855297157622739
2,418.95,383.3,0.914906313402554
0,301.5,268.65,0.891044776119403
4,331.75,301.25,0.9080633006782216
6,383.8,340.15,0.8862688900468995
4,334.55,304.25,0.9094305783888806
6,179.35,157.05,0.8756621131865069
2,415.2,381.95,0.9199181117533719
4,456.0,404.75,0.887609649122807
2,283.7,256.6,0.9044765597462108
4,248.05,230.8,0.9304575690385003
0,256.6,232.2,0.9049103663289166
2,449.0,403.7,0.899109131403118
0,333.95,291.45,0.8727354394370415
2,394.85,343.6,0.8702038748891985
0,365.5,339.0,0.9274965800273598
0,171.1,152.85,0.8933372296902397
4,225.0,203.45,0.9042222222222223
0,220.35,208.35,0.9455411844792376
2,114.9,103.0,0.896431679721497
4,166.75,151.75,0.9100449775112444
4,164.25,140.05,0.8526636225266362
4,260.05,227.25,0.8738704095366275
2,325.55,289.4,0.8889571494394102
4,286.0,258.3,0.9031468531468532
0,386.65,351.1,0.9080563817405922
2,367.35,329.85,0.897917517354022
2,139.3,123.75,0.8883704235463029
4,324.8,283.6,0.8731527093596059
2,306.0,273.1,0.892483660130719
2,239.9,221.5,0.9233013755731555
4,290.45,259.15,0.8922361852298158
0,366.95,339.9,0.9262842349093882
4,416.1,371.75,0.8934150444604663
2,277.3,253.5,0.9141723764875586
4,443.25,387.8,0.8749012972363226
4,205.1,173.05,0.8437347635299853
2,312.25,284.15,0.9100080064051241
4,240.65,218.45,0.9077498441720341
0,314.65,290.25,0.9224535197838869
2,446.75,403.85,0.9039731393396754
2,311.95,285.0,0.9136079499919859
4,187.95,162.65,0.865389731311519
2,292.15,250.45,0.8572651035427007
0,435.0,386.8,0.8891954022988505
6,331.75,276.3,0.8328560663149962
4,268.9,243.4,0.9051692078839717
6,305.1,271.3,0.8892166502785972
2,361.55,334.2,0.9243534780804868
14,171.55,149.35,0.8705916642378315
4,244.65,216.9,0.8865726548129982
2,243.0,222.75,0.9166666666666666
2,294.1,268.0,0.9112546752805168
2,344.5,306.75,0.8904208998548622
4,189.6,163.75,0.8636603375527426
4,306.3,267.25,0.8725106105125694
4,189.05,161.55,0.8545358370801376
2,292.3,268.05,0.9170372904550119
6,159.3,138.85,0.8716258631512869
0,178.7,162.2,0.9076664801343033
0,310.4,279.85,0.9015786082474226
0,399.6,350.45,0.877002002002002
6,284.8,258.55,0.9078300561797753
0,500.4,448.95,0.8971822541966427
4,405.15,361.15,0.8913982475626311
4,335.0,296.8,0.8859701492537313
6,404.45,361.7,0.894300902460131
2,268.05,242.4,0.9043088975937326
2,395.65,366.6,0.9265765196512069
0,350.05,325.85,0.9308670189972861
2,485.25,444.2,0.9154044307058218
6,373.95,341.6,0.9134911084369568
0,170.6,157.3,0.9220398593200468
4,447.05,390.7,0.8739514595682809
4,378.7,335.95,0.8871138104040137
0,306.1,268.5,0.8771643253838615
4,259.9,239.8,0.9226625625240477
0,362.35,321.5,0.8872636953222023
8,256.3,207.8,0.8107686305111198
2,244.7,217.65,0.8894564773191663
0,322.65,298.5,0.9251510925151093
4,159.1,147.05,0.9242614707730987
0,272.3,248.95,0.9142489900844657
2,321.95,281.25,0.8735828544805094
2,403.95,363.25,0.8992449560589182
4,181.35,157.85,0.8704163220292253
2,288.55,258.05,0.8942990816149714
4,270.85,242.85,0.8966217463540705
4,190.7,172.4,0.9040377556371264
0,427.3,393.7,0.9213667212731103
0,293.15,269.3,0.9186423332764796
2,278.4,256.35,0.9207974137931034
4,300.8,269.75,0.8967752659574468
6,220.45,192.1,0.8713994102971195
2,345.5,304.7,0.8819102749638206
4,280.6,245.45,0.8747327156094085
4,310.35,277.3,0.8935073304333817
2,246.65,222.7,0.9028988445165214
12,209.75,183.5,0.8748510131108462
2,513.55,443.55,0.8636938954337455
0,494.15,456.2,0.9232014570474553
0,390.6,357.25,0.9146185355862775
2,150.8,135.1,0.8958885941644562
2,189.6,168.3,0.8876582278481012
4,238.0,211.9,0.8903361344537815
2,405.7,364.85,0.8993098348533399
2,268.3,236.65,0.8820350354081252
0,229.55,203.7,0.8873883685471575
10,165.5,143.75,0.8685800604229608
2,288.0,254.05,0.8821180555555556
4,255.6,234.95,0.9192097026604069
4,287.5,267.95,0.932
4,229.0,207.95,0.9080786026200873
4,337.4,299.15,0.8866330764671013
0,322.6,294.45,0.9127402355858648
0,142.05,128.35,0.9035550862372405
6,212.4,191.75,0.9027777777777778
2,132.1,122.3,0.9258137774413323
8,278.8,247.3,0.8870157819225251
4,152.45,136.3,0.8940636274188258
4,318.5,293.55,0.9216640502354788
4,262.15,229.8,0.8765973679191302
2,285.85,260.0,0.9095679552212699
0,252.85,233.35,0.922879177377892
2,279.2,253.05,0.9063395415472779
4,366.1,326.85,0.8927888555039607
4,148.3,132.75,0.8951449763991909
2,405.0,372.5,0.9197530864197531
4,185.15,166.9,0.9014312719416689
4,223.95,196.7,0.8783210538066533
2,305.95,266.8,0.8720379146919431
0,447.9,407.3,0.9093547666889931
4,462.25,427.6,0.9250405624661979
0,205.4,189.25,0.9213729308666018
4,325.3,292.6,0.8994774054718722
4,273.25,232.7,0.8516010978956999
6,392.65,348.15,0.886667515599134
4,243.4,218.4,0.8972884141331142
4,340.95,295.4,0.8664026983428655
2,442.85,390.15,0.8809980806142035
2,339.6,306.85,0.9035630153121319
0,274.15,255.45,0.9317891665146817
2,430.4,386.4,0.8977695167286245
0,321.5,287.1,0.8930015552099534
2,556.9,494.25,0.8875022445681451
2,281.6,253.75,0.9011008522727273
8,375.7,328.0,0.8730369976044716
4,82.15,68.75,0.8368837492391966
4,311.25,265.55,0.8531726907630522
4,387.25,343.9,0.8880568108457069
6,286.1,260.45,0.9103460328556449
4,236.25,214.35,0.9073015873015873
2,237.7,215.7,0.9074463609591923
4,243.5,222.1,0.9121149897330596
8,224.3,194.75,0.8682567989300044
2,381.4,351.7,0.9221289984268485
4,207.45,187.8,0.9052783803326103
6,259.25,222.4,0.8578592092574735
4,341.45,310.45,0.9092107189925318
4,201.4,181.45,0.9009433962264151
0,311.15,281.75,0.905511811023622
4,111.75,97.5,0.87248322147651
4,243.25,223.15,0.9173689619732786
4,418.15,377.3,0.9023077842879349
6,469.0,417.85,0.8909381663113006
4,234.35,203.5,0.8683592916577768
4,182.35,155.5,0.8527556896078969
2,219.6,193.35,0.880464480874317
4,305.75,275.7,0.9017170891251022
4,293.15,243.35,0.8301210984137813
2,425.9,388.0,0.9110119746419347
0,182.75,171.7,0.9395348837209302
2,202.7,180.6,0.8909718796250616
0,505.25,447.35,0.8854032657100446
6,191.2,163.05,0.8527719665271967
2,194.65,169.15,0.868995633187773
4,170.2,152.1,0.8936545240893067
2,296.35,269.85,0.9105787076092459
0,304.8,278.75,0.9145341207349081
4,184.6,162.05,0.8778439869989165
4,332.35,291.7,0.8776891830901158
4,352.1,303.55,0.8621130360692985
4,352.45,311.0,0.8823946659100582
0,373.45,347.75,0.9311822198420137
4,313.6,291.05,0.928093112244898
2,323.7,293.4,0.9063948100092678
0,496.6,449.85,0.9058598469593234
4,258.25,234.85,0.9093901258470475
2,445.8,405.7,0.9100493494840736
2,328.55,297.0,0.9039719981737939
8,190.1,163.75,0.8613887427669648
0,255.25,226.3,0.8865817825661116
2,305.6,280.7,0.918520942408377
2,465.6,413.3,0.8876718213058419
4,209.7,179.7,0.8569384835479256
2,218.2,187.25,0.8581576535288726
0,176.1,164.75,0.9355479840999432
0,395.15,374.35,0.9473617613564469
6,260.9,227.8,0.8731314679954005
2,273.5,236.25,0.8638025594149908
2,532.95,482.2,0.9047753072520874
8,292.45,251.65,0.8604889724739272
8,186.45,164.25,0.8809332260659695
2,225.2,201.85,0.8963143872113677
0,437.8,406.15,0.9277067153951576
2,158.05,141.25,0.8937045238848466
8,171.6,148.45,0.8650932400932401
6,277.05,242.05,0.8736690128135716
2,248.85,234.25,0.9413301185453085
2,308.6,280.45,0.9087815942968244
4,407.6,378.15,0.927747791952895
2,201.15,183.55,0.9125031071339796
2,317.75,281.85,0.8870180959874114
0,284.25,256.25,0.9014951627088831
2,290.8,263.8,0.9071526822558459
4,499.95,448.1,0.8962896289628963
8,219.5,190.5,0.8678815489749431
2,360.95,315.1,0.8729740961351988
4,207.65,181.25,0.8728629906091981
2,291.6,251.35,0.8619684499314129
4,231.15,209.3,0.9054726368159204
2,393.75,354.4,0.900063492063492
6,402.65,345.4,0.8578169626226251
2,301.45,263.8,0.8751036656161885
0,588.65,529.15,0.8989212605113395
0,262.95,239.05,0.9091081954744248
0,387.05,347.1,0.8967833613228265
4,252.7,220.35,0.87198258804907
0,268.7,243.95,0.907889839970227
4,257.6,229.6,0.8913043478260869
4,223.95,204.05,0.9111408796606385
4,428.1,383.9,0.896753095071245
4,244.25,217.0,0.8884339815762539
4,287.35,254.2,0.8846354619801635
4,260.2,240.0,0.9223674096848578
2,330.35,285.5,0.8642349023762675
2,168.2,156.0,0.9274673008323424
6,282.75,248.3,0.8781609195402299
0,427.8,387.0,0.9046283309957924
0,492.75,433.6,0.8799594114662608
4,390.45,347.65,0.8903828915354078
4,435.75,384.2,0.8816982214572576
4,286.25,264.1,0.9226200873362446
2,444.5,404.75,0.9105736782902137
2,137.65,121.55,0.8830366872502724
0,373.25,324.15,0.8684527796383121
4,372.0,341.9,0.9190860215053763
6,308.8,276.85,0.8965349740932642
6,348.8,299.45,0.8585149082568807
4,351.0,317.95,0.9058404558404558
0,135.2,122.45,0.9056952662721893
2,371.1,329.25,0.8872271624898949
4,336.2,301.45,0.8966389054134444
6,248.75,216.75,0.871356783919598
6,228.05,206.1,0.9037491778118834
2,160.65,142.6,0.8876439464674759
4,274.35,248.65,0.9063240386367778
4,242.2,213.1,0.879851362510322
6,129.1,112.6,0.8721920991479474
4,366.95,334.45,0.9114320752146069
0,273.85,251.15,0.9171079057878401
14,164.1,139.15,0.8479585618525289
8,242.05,205.05,0.8471390208634579
0,391.35,353.6,0.9035390315574294
6,267.8,231.6,0.864824495892457
4,371.15,330.6,0.890744981813283
4,343.85,300.55,0.8740729969463429
2,273.35,248.5,0.9090909090909091
6,202.6,181.75,0.8970878578479763
2,247.95,226.8,0.9147005444646098
8,221.95,185.55,0.8359990988961478
4,321.2,273.75,0.8522727272727273
4,333.4,291.35,0.873875224955009
2,227.6,206.65,0.9079525483304042
8,385.55,332.75,0.8630527817403709
2,340.75,310.85,0.9122523844460748
6,375.5,331.6,0.8830892143808255
6,218.9,188.75,0.8622658748286889
2,200.05,176.7,0.8832791802049488
0,517.15,465.75,0.9006091076090109
6,371.6,322.0,0.8665231431646933
2,316.55,281.1,0.888011372610962
6,261.35,229.6,0.8785154008035202
2,318.45,275.3,0.8644999214947402
2,334.15,310.9,0.9304204698488703
4,107.1,96.2,0.8982259570494865
2,187.15,171.85,0.9182473951375901
0,409.85,375.6,0.9164328412833964
2,255.75,229.95,0.8991202346041056
2,212.85,193.4,0.9086210946676063
4,250.95,210.25,0.8378162980673441
6,262.55,226.7,0.8634545800799848
0,219.95,195.95,0.8908842918845192
2,333.0,304.9,0.9156156156156157
8,222.8,193.45,0.8682675044883303
2,381.3,333.95,0.8758195646472594
0,354.6,319.35,0.9005922165820643
2,478.95,446.05,0.9313080697358805
2,156.5,143.5,0.9169329073482428
2,189.3,168.9,0.8922345483359746
4,133.75,116.6,0.8717757009345795
4,404.9,361.55,0.8929365275376636
2,231.05,203.2,0.8794633196277862
4,451.2,403.65,0.8946143617021277
6,163.35,146.7,0.8980716253443526
2,274.95,243.4,0.8852518639752682
4,155.45,137.75,0.8861370215503377
6,260.8,223.1,0.8554447852760736
0,310.05,280.55,0.904854055797452
2,320.4,293.1,0.9147940074906367
0,393.6,365.45,0.9284806910569106
0,341.05,310.5,0.9104236915408298
2,406.25,371.7,0.9149538461538461
4,565.45,514.0,0.9090105225926254
2,293.95,258.85,0.8805919374043205
6,314.25,274.45,0.8733492442322991
2,208.2,189.4,0.909702209414025
4,286.5,258.35,0.9017452006980803
2,283.8,253.7,0.8939393939393939
6,257.4,233.35,0.9065656565656566
2,251.4,231.7,0.9216388225934765
4,258.6,229.9,0.8890177880897139
0,280.15,263.85,0.9418168838122435
4,303.15,276.9,0.9134092033646709
0,378.0,344.15,0.9104497354497354
4,294.05,256.9,0.8736609420166638
4,430.6,391.5,0.9091964700418022
4,311.1,281.2,0.9038894246223079
4,380.05,344.85,0.9073806078147613
2,372.2,339.05,0.9109349811929071
2,434.1,398.2,0.9173001612531675
4,278.4,248.2,0.8915229885057471
2,255.25,219.3,0.8591576885406464
0,316.95,272.8,0.8607035810064679
6,216.2,194.6,0.9000925069380203
4,214.65,195.05,0.9086885627766131
0,309.1,285.4,0.923325784535749
0,246.4,224.9,0.9127435064935064
2,551.4,503.95,0.9139463184620965
4,398.2,353.8,0.8884982420894023
8,151.5,122.45,0.8082508250825082
2,313.55,280.2,0.8936373784085473
0,374.0,341.5,0.9131016042780749
4,271.6,249.1,0.9171575846833578
0,160.6,148.05,0.9218555417185554
4,177.05,159.75,0.9022874894097712
2,181.0,164.6,0.9093922651933701
2,329.4,291.6,0.8852459016393442
0,257.25,236.9,0.92089407191448
0,178.4,162.15,0.9089125560538116
4,363.4,321.75,0.8853880022014309
8,235.6,215.1,0.9129881154499151
4,221.4,197.65,0.8927280939476061
6,260.1,217.25,0.8352556708958093
6,203.1,178.15,0.8771541112752339
6,276.45,252.85,0.9146319406764334
2,291.5,260.1,0.8922813036020584
4,279.45,251.0,0.8981928788692074
4,353.0,320.25,0.9072237960339944
0,253.95,233.65,0.9200630045284505
2,248.0,217.65,0.8776209677419354
2,294.8,270.45,0.9174016282225237
0,355.25,319.85,0.9003518648838846
8,227.85,201.9,0.8861092824226465
2,420.3,385.2,0.9164882226980728
4,198.6,178.85,0.9005538771399798
4,488.75,445.1,0.910690537084399
4,280.65,243.65,0.8681631925886335
4,216.25,195.85,0.9056647398843931
4,367.05,335.15,0.9130908595559188
6,189.45,170.0,0.8973343890208498
4,344.35,297.85,0.8649629737186003
4,383.4,342.15,0.8924100156494522
0,283.15,262.4,0.926717287656719
0,272.1,240.6,0.8842337375964718
2,259.45,234.05,0.9021005974176142
6,114.0,99.05,0.868859649122807
0,353.9,318.3,0.8994066120372987
4,362.5,325.5,0.8979310344827586
2,459.8,418.85,0.9109395389299696
2,276.95,254.45,0.9187578985376422
0,259.75,237.25,0.9133782483156881
2,336.45,293.65,0.8727894189329767
0,341.0,307.75,0.9024926686217009
4,172.7,152.0,0.8801389693109438
0,382.25,349.5,0.9143230869849575
2,383.1,345.6,0.9021143304620204
6,322.25,284.1,0.8816136539953452
2,236.15,216.25,0.915731526572094
4,289.15,248.5,0.8594155282725229
8,214.5,187.75,0.8752913752913752
4,288.9,261.7,0.9058497750086535
2,277.9,249.25,0.896905361640878
0,424.35,390.75,0.9208200777659951
6,216.7,190.25,0.8779418550992155
6,224.8,194.8,0.8665480427046264
0,367.85,329.8,0.8965610982737529
2,369.7,325.95,0.8816608060589667
4,191.0,170.05,0.8903141361256545
4,273.85,240.65,0.8787657476720833
2,354.45,326.6,0.9214275638312879
6,317.25,287.25,0.9054373522458629
4,227.55,211.7,0.9303449791254669
2,207.65,190.15,0.9157235733204913
0,362.1,327.85,0.9054128693731014
4,383.6,336.55,0.8773461939520334
2,296.1,267.85,0.9045930428909152
0,417.5,370.1,0.8864670658682635
4,235.6,213.4,0.9057724957555179
0,422.45,379.65,0.8986862350574032
4,211.95,185.9,0.8770936541637179
2,191.0,173.75,0.9096858638743456
2,267.95,243.25,0.9078186228774024
2,190.65,170.3,0.8932599003409389
2,107.65,100.05,0.929400836042731
0,251.7,229.35,0.9112038140643623
6,255.9,227.45,0.8888237592809691
4,211.8,191.65,0.9048630783758262
4,146.7,123.05,0.8387866394001363
6,353.85,309.4,0.874381800197824
6,223.0,186.3,0.8354260089686099
0,310.5,280.35,0.9028985507246376
2,393.35,363.7,0.9246218380577094
4,540.6,486.1,0.8991860895301517
2,218.15,188.7,0.8650011460004584
2,357.55,330.25,0.9236470423716963
4,260.75,222.35,0.8527325023969319
8,230.85,201.15,0.8713450292397661
4,288.55,258.8,0.8968982845260787
2,300.85,270.05,0.8976234003656307
2,299.85,270.3,0.9014507253626813
2,421.35,382.35,0.9074403702385191
2,334.0,287.35,0.8603293413173653
4,372.7,330.45,0.8866380466863429
2,241.3,215.65,0.8937007874015748
6,355.9,314.8,0.8845181230682776
2,383.05,341.9,0.8925727711786973
6,217.35,192.5,0.8856682769726248
2,564.5,508.75,0.9012400354295838
4,317.15,280.95,0.8858584266120132
2,315.65,284.1,0.9000475209884365
2,273.0,251.6,0.9216117216117216
2,380.1,334.45,0.8799000263088661
2,290.05,260.3,0.8974314773314945
4,267.45,233.55,0.873247335950645
4,314.55,269.7,0.8574153552694326
4,257.6,234.7,0.9111024844720497
2,417.45,380.15,0.9106479817942269
4,290.1,250.1,0.8621165115477422
4,352.0,305.75,0.8686079545454546
6,244.35,220.95,0.9042357274401474
8,201.75,180.45,0.8944237918215613
4,504.8,455.05,0.901446117274168
4,174.35,154.0,0.8832807570977917
8,343.1,302.7,0.882250072865054
4,345.25,311.35,0.901810282404055
2,555.35,487.65,0.8780948951111911
0,242.5,218.9,0.902680412371134
2,368.2,323.2,0.8777838131450298
2,132.45,116.45,0.879199697999245
2,469.5,416.3,0.8866879659211928
2,271.65,240.4,0.8849622676237806
4,186.0,166.0,0.8924731182795699
0,540.8,487.15,0.9007951183431953
2,234.05,205.45,0.8778038880581073
4,355.8,320.6,0.9010680157391793
0,251.45,222.65,0.8854643070192881
2,482.0,443.25,0.9196058091286307
4,338.9,299.7,0.884331661257008
0,338.9,313.55,0.9251991737975804
0,351.45,334.6,0.9520557689571774
4,224.5,204.45,0.9106904231625835
2,341.05,311.05,0.9120363583052339
4,247.45,216.85,0.8763386542735906
4,369.4,318.35,0.8618029236599891
4,422.7,383.85,0.9080908445706175
6,419.25,378.65,0.9031604054859869
0,272.55,249.8,0.9165290772335352
4,359.8,308.0,0.8560311284046692
4,135.45,123.35,0.9106681432262828
2,373.25,338.25,0.9062290689886136
2,295.25,262.95,0.8906011854360711
4,326.3,283.4,0.8685258964143426
6,224.1,204.55,0.9127621597501115
2,315.45,278.55,0.8830242510699001
2,357.55,332.05,0.9286813033142218
2,298.25,258.65,0.8672254819782061
6,265.4,249.75,0.9410324039186134
0,264.75,238.2,0.8997167138810198
0,292.1,268.75,0.9200616227319411
2,234.65,213.8,0.9111442574046452
8,309.15,263.55,0.8524987869966036
4,353.3,320.5,0.9071610529295216
2,340.5,318.5,0.9353891336270191
0,433.1,378.7,0.8743939044100669
0,348.85,310.3,0.8894940518847643
2,190.8,160.15,0.8393605870020965
6,224.0,196.7,0.878125
4,217.4,200.85,0.9238730450781969
4,333.65,289.8,0.8685748538888056
4,302.7,263.45,0.8703336636934258
2,346.05,318.15,0.9193758127438232
0,242.8,214.55,0.8836490939044481
0,338.2,303.45,0.8972501478415139
0,281.35,247.5,0.8796872223209525
2,302.05,276.95,0.9169011753021024
4,302.25,262.1,0.8671629445822994
4,379.35,339.45,0.8948200869909055
2,423.3,385.15,0.9098747932908103
4,297.25,261.35,0.8792262405382675
0,478.2,438.95,0.9179213718109578
14,222.35,186.85,0.8403418034630088
0,259.75,230.3,0.8866217516843118
2,226.05,201.35,0.8907321389073214
0,221.35,205.6,0.9288457194488366
4,222.3,196.9,0.8857399910031489
2,208.05,183.5,0.8819995193463109
2,426.15,383.3,0.899448550979702
2,299.0,262.15,0.8767558528428093
0,431.45,389.15,0.9019585119944373
2,293.4,253.45,0.8638377641445126
0,332.05,302.6,0.9113085378708026
2,251.85,218.55,0.8677784395473496
6,202.0,180.3,0.8925742574257426
6,241.3,207.35,0.8593037712391214
2,499.85,445.55,0.8913674102230669
4,295.3,260.35,0.8816457839485269
8,270.2,239.2,0.8852701702442635
2,306.7,278.8,0.9090316269970655
6,169.55,148.95,0.8785019168386906
2,358.35,321.2,0.8963304032370587
0,263.55,244.35,0.9271485486624929
4,502.45,446.0,0.8876505124888049
2,385.35,339.8,0.8817957700791488
0,327.25,304.1,0.9292589763177999
4,236.45,214.7,0.9080143793613872
2,305.9,276.05,0.9024190912062766
4,397.55,343.2,0.8632876367752484
6,234.0,208.2,0.8897435897435897
6,254.7,220.3,0.8649391440910875
2,191.2,174.9,0.9147489539748954
2,412.55,363.3,0.8806205308447461
2,452.65,396.35,0.8756213409919363
4,293.25,257.45,0.877919863597613
2,227.0,198.35,0.8737885462555066
0,329.5,296.2,0.898937784522003
2,245.55,218.05,0.8880065159845245
6,340.5,299.15,0.87856093979442
2,269.75,240.45,0.8913809082483781
4,359.75,333.9,0.9281445448227936
8,310.4,250.75,0.8078286082474226
2,260.3,226.0,0.8682289665770265
4,197.75,180.35,0.9120101137800253
2,259.1,224.6,0.8668467773060594
6,313.75,268.65,0.8562549800796813
4,304.15,277.55,0.9125431530494822
0,374.9,336.1,0.8965057348626301
4,281.7,249.55,0.8858714944976925
0,218.1,192.85,0.8842274186153141
8,193.0,162.25,0.8406735751295337
0,205.2,180.15,0.8779239766081871
4,322.55,293.0,0.9083862966981864
6,314.55,278.45,0.8852328723573358
0,310.1,282.25,0.9101902612060626
2,344.15,311.2,0.9042568647392125
0,403.6,360.65,0.8935827552031714
4,232.15,208.65,0.8987723454662934
2,170.45,159.05,0.933118216485773
4,380.0,346.8,0.9126315789473685
4,308.5,268.25,0.8695299837925445
6,288.2,246.1,0.8539208882720333
0,318.85,293.8,0.9214364121060059
0,443.1,400.4,0.9036334913112164
6,263.55,230.25,0.8736482640865111
0,408.05,358.05,0.877465996814116
4,334.95,296.9,0.8864009553664726
4,198.55,172.0,0.8662805338705616
2,367.3,332.55,0.9053906888102369
2,288.0,264.55,0.9185763888888889
4,278.5,238.4,0.8560143626570915
2,424.8,393.1,0.925376647834275
4,221.0,199.25,0.9015837104072398
8,333.25,295.25,0.8859714928732183
8,226.25,198.5,0.8773480662983425
4,197.0,166.2,0.8436548223350254
4,238.35,214.5,0.8999370673379484
2,237.05,211.1,0.8905294241721156
0,277.25,257.8,0.9298467087466186
2,272.95,245.2,0.8983330280271112
2,345.4,311.1,0.9006948465547192
0,292.6,264.5,0.9039644565960355
6,208.9,184.6,0.8836764001914792
0,416.9,388.65,0.9322379467498201
0,306.7,280.7,0.915226605803717
4,365.25,330.95,0.9060917180013689
4,428.9,387.2,0.9027745395197015
0,233.0,216.3,0.9283261802575107
4,280.2,252.55,0.9013204853675946
2,266.9,236.85,0.8874110153615586
2,258.85,237.15,0.9161676646706587
4,278.45,250.05,0.8980068234871611
4,402.0,353.85,0.880223880597015
6,218.0,195.75,0.8979357798165137
2,347.3,326.75,0.9408292542470487
2,288.95,261.4,0.9046547845648036
2,274.55,251.25,0.915133855399745
2,253.5,229.45,0.9051282051282051
0,438.35,394.9,0.9008782936010038
2,148.15,133.8,0.9031387107661154
4,137.95,122.25,0.8861906487857919
6,151.05,139.7,0.9248593181065872
2,235.75,209.1,0.8869565217391304
8,193.2,168.25,0.8708592132505176
4,202.75,184.4,0.9094944512946979
8,195.25,170.3,0.8722151088348271
4,232.9,214.2,0.9197080291970803
2,294.9,265.9,0.9016615801966769
4,263.85,239.4,0.9073337123365549
4,293.25,261.95,0.8932651321398124
6,160.25,140.95,0.8795631825273011
0,379.65,335.8,0.8844988805478731
4,304.45,265.75,0.8728855312859254
2,304.4,272.45,0.8950394218134035
0,260.1,235.45,0.9052287581699346
0,228.75,213.8,0.9346448087431694
2,333.25,299.85,0.899774943735934
8,231.55,203.7,0.8797236018138631
6,133.15,117.45,0.8820878708223808
0,409.55,352.95,0.8617995360761812
2,236.6,210.45,0.8894759087066779
0,459.75,417.45,0.9079934747145187
8,294.8,261.05,0.8855156037991859
0,408.05,375.65,0.9205979659355471
4,212.25,190.0,0.8951707891637221
0,316.4,283.1,0.8947534766118836
4,308.05,279.35,0.9068333062814479
4,282.75,253.2,0.8954907161803713
2,381.4,346.2,0.9077084425799685
2,425.0,394.85,0.9290588235294117
8,234.9,213.05,0.9069816943380162
6,384.3,335.8,0.8737965131407754
2,239.05,219.45,0.91800878477306
0,283.35,261.75,0.9237691900476442
6,461.9,420.35,0.9100454643862308
0,349.4,324.1,0.9275901545506583
6,310.8,281.55,0.9058880308880309
4,376.6,348.1,0.9243228890069038
6,257.95,232.4,0.9009497964721845
2,238.65,208.5,0.873664362036455
6,115.05,97.5,0.847457627118644
8,96.75,86.25,0.8914728682170543
6,297.85,267.45,0.8979352022830284
2,442.25,396.5,0.896551724137931
0,144.8,131.95,0.9112569060773481
4,265.55,237.3,0.8936170212765957
0,352.55,325.1,0.9221387037299674
0,304.45,275.4,0.9045820331745771
0,406.35,378.95,0.9325704441983512
0,351.15,322.65,0.9188381033746262
2,211.2,181.95,0.8615056818181818
2,326.95,288.4,0.8820920630065759
4,293.7,256.45,0.8731699012597889
0,322.65,284.35,0.8812955214628855
2,303.85,269.75,0.8877735724864242
0,131.35,116.7,0.8884659307194518
2,327.95,285.65,0.8710169233114804
2,307.05,268.7,0.875101774955219
4,236.1,204.7,0.8670055061414654
2,383.95,350.7,0.9134001823154057
4,244.45,222.4,0.9097975046021681
6,206.0,183.4,0.8902912621359224
4,392.05,342.15,0.872720316286188
8,373.85,322.75,0.8633141634345326
4,261.9,237.2,0.9056891943489882
2,544.65,482.15,0.885247406591389
4,385.25,356.85,0.9262816353017521
4,197.0,172.2,0.8741116751269036
2,496.75,445.3,0.8964267740312029
2,498.2,452.35,0.9079686872741871
4,203.15,181.3,0.8924440068914595
0,307.35,281.9,0.9171953798600944
0,297.7,272.5,0.9153510245213302
2,156.85,133.5,0.8511316544469238
8,300.2,273.75,0.9118920719520319
0,418.5,376.7,0.9001194743130227
2,251.5,222.6,0.8850894632206759
2,348.8,315.8,0.9053899082568807
2,530.0,459.75,0.8674528301886792
2,265.7,231.1,0.8697779450508092
2,264.4,233.9,0.8846444780635401
2,358.05,319.6,0.8926127635805056
2,228.2,204.9,0.8978965819456617
4,360.35,322.05,0.8937144442902734
2,314.2,283.3,0.9016549968173138
2,377.15,327.2,0.8675593265279067
6,414.1,371.4,0.8968848104322628
8,202.8,183.85,0.9065581854043393
2,200.7,181.95,0.906576980568012
2,241.45,203.6,0.8432387657900187
0,263.5,242.95,0.922011385199241
4,374.1,325.65,0.8704891740176424
6,129.8,118.0,0.9090909090909091
4,299.5,265.65,0.8869782971619365
2,287.05,260.65,0.9080299599372932
2,397.3,345.7,0.8701233324943368
4,124.0,108.15,0.8721774193548387
4,338.05,282.65,0.836118917319923
2,329.6,302.75,0.9185376213592233
2,388.65,346.5,0.8915476649942107
4,393.7,353.45,0.8977647955295911
0,367.95,331.25,0.900258187253703
8,151.6,136.05,0.8974274406332454
6,226.5,209.65,0.92560706401766
0,265.95,231.85,0.8717804098514759
10,376.8,328.6,0.8720806794055201
2,272.7,242.05,0.8876054272093876
8,140.15,120.05,0.8565822333214413
2,380.85,333.15,0.8747538400945254
2,275.85,241.7,0.8762008337864782
2,387.35,343.7,0.8873112172453853
0,245.9,223.25,0.9078893859292395
2,420.55,382.3,0.9090476756628225
2,363.65,320.5,0.8813419496768872
0,413.0,374.45,0.9066585956416465
0,292.6,269.15,0.9198564593301436
10,236.95,205.1,0.8655834564254062
4,294.65,262.7,0.891566265060241
2,199.1,188.15,0.9450025113008539
4,417.7,381.6,0.9135743356475939
2,165.3,148.25,0.896854204476709
0,454.05,412.0,0.9073890540689351
2,216.1,198.95,0.9206385932438685
2,316.8,287.1,0.90625
2,334.6,303.55,0.9072026300059773
2,399.95,351.2,0.878109763720465
2,287.35,257.75,0.896989733774143
2,343.15,298.2,0.8690077225703046
0,479.0,436.4,0.9110647181628393
2,455.8,406.95,0.8928258007898201
2,300.9,274.9,0.9135925556663343
0,355.65,311.25,0.8751581611134542
2,239.2,213.15,0.8910953177257525
0,343.95,305.9,0.8893734554441053
4,263.65,230.45,0.874075478854542
8,235.35,209.95,0.8920756320373912
0,389.2,345.55,0.887846865364851
4,201.1,176.95,0.8799104922923918
2,307.05,277.4,0.9034359224881942
4,218.2,195.35,0.8952795600366636
2,359.15,316.8,0.8820826952526799
2,309.85,273.7,0.8833306438599322
2,302.9,265.05,0.8750412677451304
4,276.35,245.0,0.8865569024787407
4,385.65,337.0,0.8738493452612472
2,270.7,247.2,0.9131880310306613
2,559.3,496.55,0.887806186304309
6,275.75,236.9,0.8591115140525839
4,358.05,323.95,0.9047619047619048
10,327.6,289.45,0.8835470085470085
4,383.5,339.25,0.8846153846153846
2,285.2,271.05,0.9503856942496494
2,313.35,269.1,0.8587841072283389
4,196.45,167.65,0.8533978111478748
2,306.55,267.95,0.8740825313978143
2,205.25,190.0,0.925700365408039
0,312.05,284.25,0.9109117128665278
4,319.15,286.55,0.8978536738210873
10,225.4,194.0,0.8606921029281278
6,285.5,247.65,0.8674255691768826
2,353.15,311.8,0.8829109443579216
6,269.7,241.6,0.8958101594364108
2,384.75,359.7,0.9348927875243664
2,338.55,317.9,0.9390045783488407
6,357.45,316.8,0.8862778010910617
0,367.9,320.35,0.8707529219896711
4,279.25,248.1,0.8884512085944494
6,257.55,229.1,0.8895360124247719
2,303.35,271.25,0.8941816383715181
2,259.5,231.8,0.8932562620423892
0,246.15,218.15,0.8862482226284786
0,309.7,284.15,0.9175008072328059
2,273.15,247.85,0.9073768991396669
2,521.15,461.9,0.886309124052576
4,319.5,296.45,0.9278560250391237
4,327.5,287.1,0.8766412213740458
4,204.8,172.05,0.840087890625
2,415.65,372.7,0.8966678696018284
6,401.85,346.2,0.8615154908547966
2,491.9,437.1,0.888595242935556
8,209.45,187.7,0.8961566006206731
2,248.85,228.55,0.9184247538677919
4,252.25,219.75,0.8711595639246779
8,167.4,148.25,0.8856033452807647
8,279.65,245.45,0.8777042731986412
2,352.9,316.65,0.8972796826296401
6,423.2,378.55,0.8944943289224953
4,428.15,375.4,0.8767955155903305
2,515.05,477.95,0.9279681584312203
2,253.0,226.45,0.8950592885375495
4,378.25,336.1,0.8885657633840053
2,369.75,338.55,0.9156186612576065
4,257.35,237.15,0.9215076743734214
0,409.05,377.65,0.9232367681212565
2,438.7,390.45,0.8900159562343287
6,322.2,283.4,0.8795779019242707
2,365.15,329.8,0.9031904696699986
4,185.35,164.25,0.8861613164283787
2,311.85,283.1,0.9078082411415744
4,336.35,287.7,0.8553590010405827
4,270.4,235.25,0.8700073964497042
0,201.4,185.7,0.9220456802383317
6,233.5,207.15,0.887152034261242
8,249.75,221.3,0.8860860860860861
0,359.6,306.5,0.8523359288097887
2,382.75,349.6,0.9133899412148923
0,246.3,213.15,0.8654080389768575
0,286.45,264.8,0.9244196194798394
0,365.8,335.0,0.9158009841443412
4,243.9,212.2,0.8700287002870029
0,156.9,144.55,0.9212874442319949
4,234.1,201.4,0.860316104228962
0,437.35,398.8,0.9118554933119927
0,224.4,208.2,0.9278074866310161
6,203.25,184.15,0.9060270602706028
6,190.2,164.15,0.8630389064143007
0,350.05,327.95,0.9368661619768605
2,415.2,372.15,0.8963150289017341
0,359.15,322.05,0.8967005429486287
2,217.2,192.8,0.8876611418047882
0,372.5,342.7,0.92
6,375.35,326.25,0.869188757159984
0,454.25,428.0,0.9422124380847551
6,86.1,79.35,0.921602787456446
4,266.95,239.95,0.8988574639445589
2,162.95,143.95,0.8833998158944462
4,560.85,494.4,0.8815191227600963
0,252.55,226.05,0.895070283112255
0,335.0,295.2,0.8811940298507462
0,493.4,452.8,0.9177138224564249
6,243.9,211.55,0.8673636736367364
2,285.5,259.45,0.9087565674255692
2,185.55,163.6,0.8817030450013473
0,293.35,260.25,0.8871655019601159
8,239.75,201.5,0.8404588112617309
0,321.7,287.4,0.8933789244637861
4,194.75,173.7,0.8919127086007702
6,340.75,297.35,0.8726338958180484
4,275.25,248.75,0.9037238873751136
10,161.95,142.85,0.8820623649274467
4,257.65,221.6,0.8600815059188822
2,279.15,253.35,0.907576571735626
0,312.05,286.3,0.9174811728889601
2,226.45,198.8,0.8778979907264297
4,207.95,191.35,0.9201731185381101
6,249.8,217.65,0.8712970376301041
4,454.1,381.5,0.8401233208544373
0,222.3,197.45,0.8882141250562303
6,319.15,274.85,0.8611937960206799
2,298.05,266.15,0.8929709780238215
4,200.2,172.5,0.8616383616383616
2,193.95,170.9,0.8811549368393916
4,277.2,244.85,0.8832972582972582
2,210.65,189.85,0.9012580109185854
6,241.6,209.7,0.8679635761589404
6,230.95,201.35,0.8718337302446417
2,389.15,349.75,0.8987536939483489
0,160.45,145.4,0.9062013088189467
2,348.15,316.55,0.9092345253482694
2,438.1,396.25,0.9044738644145173
2,303.15,263.1,0.867887184562098
2,262.8,239.05,0.909627092846271
2,457.5,423.15,0.9249180327868852
4,259.8,234.6,0.9030023094688222
6,298.7,260.8,0.8731168396384332
2,217.45,201.75,0.9277994941365831
2,489.5,450.35,0.920020429009193
0,242.8,211.65,0.8717051070840197
2,217.35,196.15,0.9024614676788589
0,304.15,272.15,0.8947887555482492
4,326.45,294.25,0.9013631490274161
2,283.3,253.7,0.8955171196611366
0,375.0,340.4,0.9077333333333333
0,230.25,211.4,0.9181324647122693
0,485.5,428.55,0.8826982492276004
0,451.15,404.75,0.8971517233736008
2,324.25,280.35,0.8646106399383192
0,443.85,392.25,0.8837445082798243
0,333.45,297.65,0.8926375768481032
0,304.7,267.55,0.87807679684936
8,127.25,112.1,0.880943025540275
0,354.15,313.35,0.8847945785684033
0,240.45,216.65,0.901018922852984
2,319.5,291.7,0.9129890453834116
0,329.6,299.05,0.9073118932038835
4,345.2,304.35,0.8816628041714948
4,160.05,146.05,0.9125273352077475
0,383.65,355.1,0.9255832138668056
2,287.5,262.8,0.9140869565217391
2,426.4,388.05,0.9100609756097561
0,239.95,209.55,0.8733069389456136
2,500.7,442.75,0.884262033153585
2,422.85,384.95,0.9103701076031689
2,485.0,440.55,0.9083505154639175
2,322.8,267.8,0.8296158612143743
0,294.9,269.25,0.9130213631739573
0,414.1,380.75,0.9194638976092732
2,246.25,221.8,0.9007106598984772
4,191.45,179.1,0.935492295638548
4,256.15,230.0,0.8979113800507516
0,317.25,282.15,0.8893617021276595
4,175.65,155.2,0.883575291773413
10,172.25,147.8,0.858055152394775
2,371.6,333.4,0.8972012917115177
8,155.2,137.15,0.8836984536082474
2,155.5,136.95,0.8807073954983923
2,344.85,315.0,0.9134406263592867
0,266.9,247.3,0.9265642562757587
2,334.6,308.1,0.9208009563658099
4,190.95,177.8,0.931133804660906
2,270.25,236.65,0.8756706753006476
6,548.0,488.0,0.8905109489051095
2,463.65,404.4,0.8722096408929149
2,353.65,315.3,0.8915594514350347
4,174.4,154.15,0.8838876146788991
6,194.8,173.0,0.8880903490759754
4,433.55,394.35,0.9095836697036097
4,343.5,295.45,0.8601164483260553
2,369.75,326.35,0.8826233941852603
2,302.65,261.3,0.8633735337849
2,359.25,318.3,0.8860125260960334
2,405.45,354.85,0.8752003946232582
0,361.7,333.25,0.9213436549626762
6,305.7,278.5,0.911023879620543
0,312.65,284.0,0.9083639852870622
0,323.05,290.75,0.9000154774802662
8,210.15,186.75,0.8886509635974305
0,224.1,194.5,0.8679161088799643
4,353.5,313.85,0.8878359264497878
12,190.6,162.1,0.8504721930745016
2,300.5,272.05,0.905324459234609
4,348.25,317.55,0.9118449389806174
6,336.5,300.8,0.8939078751857356
2,306.5,270.4,0.8822185970636215
4,409.65,358.0,0.8739167582082266
4,159.4,146.2,0.917189460476788
2,328.0,305.35,0.9309451219512195
4,145.4,129.35,0.8896148555708391
4,208.75,184.75,0.8850299401197604
6,222.25,195.45,0.8794150731158605
0,259.95,233.5,0.8982496633968071
0,333.2,307.05,0.9215186074429772
2,339.45,301.2,0.8873177198409191
0,265.7,244.4,0.9198343996989086
2,298.8,279.0,0.9337349397590361
2,185.65,172.25,0.927821168866146
2,454.25,402.05,0.8850853054485416
2,333.55,309.95,0.9292459901064308
4,87.1,76.8,0.8817451205510907
2,369.4,329.5,0.8919870059556037
6,367.4,316.4,0.8611867174741427
4,209.8,188.35,0.8977597712106768
4,373.4,331.6,0.888055704338511
2,193.55,179.15,0.9256006199948333
0,501.2,451.6,0.9010375099760575
4,227.95,195.15,0.8561087957885501
0,368.6,333.75,0.9054530656538253
6,400.8,361.55,0.9020708582834331
4,213.2,194.7,0.9132270168855535
6,168.7,148.65,0.8811499703615886
0,329.4,295.3,0.8964784456587735
2,375.95,337.75,0.8983907434499269
0,381.75,340.55,0.8920759659462999
2,344.4,295.1,0.8568524970963995
0,560.2,494.5,0.8827204569796501
0,279.2,257.65,0.9228151862464183
2,374.25,341.45,0.9123580494321978
2,400.5,374.75,0.9357053682896379
6,177.05,154.95,0.8751765038124824
2,417.6,380.45,0.9110392720306514
0,315.65,290.15,0.9192143196578488
6,298.3,263.15,0.8821656050955414
4,326.0,299.5,0.9187116564417178
4,161.75,145.9,0.9020092735703246
0,413.2,375.45,0.9086398838334947
4,217.25,190.15,0.875258918296893
4,432.1,378.05,0.8749132145336728
0,266.1,245.05,0.9208944006012777
4,257.25,215.65,0.8382896015549077
2,298.35,256.55,0.8598960951902128
2,147.55,130.65,0.8854625550660793
0,364.15,329.3,0.9042976795276672
4,465.55,417.75,0.8973257437439588
8,288.3,250.85,0.8701005896635449
0,493.0,440.3,0.8931034482758621
4,178.35,157.9,0.8853378188954303
4,257.95,229.2,0.8885442915293662
8,301.8,266.3,0.8823724320742213
4,308.2,270.9,0.8789746917585983
0,483.8,433.2,0.8954113269946259
4,426.65,369.0,0.8648775342786827
0,513.3,458.0,0.8922657315410092
2,248.0,216.1,0.8713709677419355
2,231.6,206.85,0.8931347150259067
2,372.3,334.9,0.8995433789954338
4,307.8,275.0,0.8934372969460689
0,313.35,284.7,0.9085686931546194
6,391.1,339.85,0.8689593454359499
8,117.8,106.4,0.9032258064516129
2,159.6,139.6,0.87468671679198
0,492.9,442.0,0.8967336173666058
0,146.0,124.35,0.8517123287671233
4,250.75,227.45,0.9070787637088734
2,510.05,448.75,0.8798157043427115
0,318.85,279.5,0.8765877371804924
4,310.5,271.55,0.8745571658615137
0,289.5,255.3,0.8818652849740932
4,466.15,421.85,0.9049662125925131
2,217.7,192.75,0.8853927423059256
4,418.25,374.05,0.8943215780035864
2,151.85,134.2,0.8837668752057952
4,309.65,276.35,0.8924592281608268
2,307.7,276.55,0.8987650308742281
2,205.7,185.4,0.9013125911521633
6,414.15,369.4,0.891947362066884
0,306.6,267.1,0.8711676451402479
2,332.35,302.65,0.9106363773130736
0,206.85,191.7,0.9267585206671501
4,370.8,318.05,0.857740021574973
2,293.15,268.25,0.9150605492068906
6,230.2,211.95,0.9207211120764552
4,312.15,270.9,0.8678519942335415
4,232.95,211.55,0.9081347928740073
6,268.45,227.7,0.8482026448128143
6,103.85,88.0,0.8473760231102552
6,200.65,172.85,0.8614502865686519
4,415.4,368.8,0.8878189696677901
2,549.2,492.1,0.8960305899490167
2,197.15,173.45,0.879786964240426
6,292.95,256.3,0.8748933265062298
4,247.6,222.7,0.8994345718901454
4,261.05,235.75,0.9030837004405287
0,479.65,433.3,0.9033670384655478
4,387.6,353.65,0.9124097007223942
2,367.4,323.3,0.8799673380511703
0,389.0,358.9,0.9226221079691517
2,275.5,245.0,0.8892921960072595
2,442.5,404.25,0.9135593220338983
2,453.15,397.7,0.8776343374158667
0,431.0,389.7,0.9041763341067285
10,294.6,254.95,0.8654107264086898
4,180.25,161.2,0.8943134535367545
4,418.7,376.5,0.8992118461905899
6,253.6,220.1,0.8679022082018928
0,232.25,204.0,0.8783638320775027
6,205.7,181.1,0.8804083616917842
2,261.95,237.85,0.9079977094865432
2,413.35,372.0,0.8999637111406799
4,266.55,231.45,0.8683173888576252
0,381.3,343.75,0.9015211119853134
0,345.9,312.7,0.9040185024573576
6,344.15,307.5,0.8935057387766963
2,292.2,267.25,0.9146132785763176
10,193.8,168.35,0.8686790505675954
4,530.35,483.6,0.9118506646554162
4,199.2,178.65,0.8968373493975904
8,325.5,277.05,0.8511520737327188
2,541.0,492.0,0.9094269870609981
4,161.65,138.85,0.8589545313949892
6,390.5,350.6,0.8978233034571063
4,272.9,241.15,0.8836570172224258
4,275.2,246.3,0.8949854651162791
0,216.65,195.8,0.9037618278329103
2,374.95,332.35,0.8863848513135084
0,349.35,325.6,0.9320166022613425
6,265.15,242.8,0.9157080897605129
4,223.1,204.8,0.917974002689377
0,455.3,417.2,0.9163189106083901
8,325.45,286.35,0.8798586572438163
0,385.95,345.8,0.8959709806969814
4,176.3,153.15,0.868689733408962
2,448.8,403.45,0.8989527629233511
10,250.75,222.85,0.8887337986041874
6,340.5,292.95,0.860352422907489
0,339.75,307.3,0.9044885945548197
6,195.65,172.4,0.8811653462816254
0,254.15,227.2,0.8939602596891599
2,419.25,370.3,0.8832438878950507
4,296.4,270.05,0.9110998650472335
4,481.95,429.05,0.8902375765120863
4,305.95,276.9,0.9050498447458735
2,457.65,411.0,0.8980662078007211
4,198.9,174.05,0.875062845651081
0,287.05,255.1,0.8886953492422923
8,327.6,282.05,0.860958485958486
2,423.7,373.85,0.8823459995279679
8,269.45,235.7,0.8747448506216366
0,467.9,413.0,0.8826672365890147
4,229.1,203.5,0.8882584024443474
2,244.35,225.45,0.9226519337016574
12,187.7,169.35,0.9022376132125732
2,356.35,318.2,0.8929423319769889
0,409.5,359.55,0.878021978021978
0,360.1,322.4,0.8953068592057761
2,159.75,132.9,0.831924882629108
4,377.15,346.35,0.9183348800212118
0,242.3,219.6,0.9063144861741642
0,216.45,199.05,0.9196119196119196
2,349.2,313.15,0.8967640320733105
0,348.3,311.6,0.8946310651737008
4,420.85,366.2,0.8701437566829037
4,302.25,271.3,0.897601323407775
2,187.75,164.05,0.8737683089214381
4,184.7,160.65,0.8697888467785598
0,259.1,238.15,0.9191431879583173
4,320.15,289.35,0.9037950960487272
2,333.85,302.05,0.9047476411562079
6,283.3,253.95,0.8963995764207554
4,269.1,238.9,0.8877740616871052
4,141.45,127.05,0.8981972428419936
4,302.8,275.55,0.910006605019815
2,251.6,228.8,0.9093799682034976
2,378.1,350.95,0.9281935995768316
2,293.35,265.15,0.9038690983466848
2,228.85,205.9,0.8997159711601486
4,285.45,250.15,0.8763356104396567
4,394.5,344.0,0.8719898605830165
2,193.15,183.4,0.9495210975925447
2,255.9,225.05,0.8794450957405237
0,221.95,196.25,0.8842081549898626
0,349.1,316.15,0.9056144371240332
2,333.05,308.75,0.9270379822849422
6,301.25,267.7,0.8886307053941909
4,403.25,357.55,0.8866707997520149
0,353.3,322.2,0.9119728276252477
6,548.7,480.7,0.8760707125934026
0,396.8,362.05,0.9124243951612904
2,296.9,256.95,0.8654429100707309
8,218.05,190.7,0.8745700527401972
4,307.8,281.7,0.9152046783625731
0,336.05,306.15,0.9110251450676983
2,271.2,242.7,0.8949115044247787
6,218.15,195.5,0.8961723584689434
0,613.45,570.5,0.9299861439400114
4,287.5,253.0,0.88
10,167.75,147.75,0.8807749627421758
4,255.45,239.3,0.9367782344881581
2,317.95,282.1,0.8872464223934581
0,319.45,284.15,0.8894975739552355
4,242.95,209.2,0.8610825272689854
2,207.4,189.65,0.9144165863066538
2,378.45,326.25,0.8620689655172413
2,247.6,224.5,0.9067043618739903
0,244.05,222.95,0.9135423069043229
4,283.2,260.4,0.9194915254237288
6,306.2,271.3,0.8860222077073808
8,179.05,159.05,0.8882993577213069
0,337.85,309.5,0.9160870208672488
4,295.95,256.7,0.8673762459874979
4,427.9,385.2,0.9002103295162421
2,325.9,290.45,0.8912243019331083
2,254.0,225.1,0.8862204724409449
2,230.25,212.25,0.9218241042345277
6,280.4,245.7,0.8762482168330956
0,414.45,377.55,0.9109663409337676
0,151.3,136.6,0.9028420356906808
2,211.3,194.35,0.9197823000473261
0,263.5,233.35,0.8855787476280835
0,151.4,136.95,0.904557463672391
2,416.5,372.7,0.8948379351740696
8,282.05,251.2,0.8906222301010459
4,158.75,139.85,0.8809448818897638
4,275.05,245.55,0.8927467733139429
4,323.25,285.5,0.8832173240525909
4,302.15,267.45,0.8851563792818137
0,185.8,169.35,0.9114639397201292
6,170.35,152.65,0.8960962723803934
0,272.0,241.6,0.888235294117647
2,344.2,313.3,0.910226612434631
4,118.8,103.65,0.8724747474747475
4,255.85,226.9,0.8868477623607582
0,298.15,264.25,0.88629884286433
0,219.15,198.25,0.9046315309148985
0,262.15,236.7,0.9029181766164409
4,172.15,157.7,0.9160615742085391
2,329.8,296.35,0.8985748938750758
2,349.85,315.75,0.9025296555666714
4,252.95,218.5,0.8638070764973315
2,305.9,273.4,0.8937561294540699
8,126.75,111.6,0.8804733727810651
4,199.9,177.9,0.8899449724862432
2,550.55,503.55,0.9146308237217328
0,247.95,233.3,0.9409155071587013
0,328.1,299.45,0.9126790612618104
0,312.95,290.35,0.9277839910528839
8,173.35,149.3,0.8612633400634554
6,198.8,179.4,0.9024144869215291
2,273.2,242.85,0.888909224011713
4,268.1,236.1,0.8806415516598284
4,346.75,295.55,0.8523431867339581
2,237.1,209.6,0.8840151834668916
4,247.1,224.45,0.9083367057871308
0,196.4,189.35,0.9641038696537678
6,294.15,250.1,0.8502464728879823
4,318.95,284.0,0.8904216961906255
4,352.05,307.5,0.8734554750745632
2,255.5,220.85,0.8643835616438356
4,275.65,242.7,0.880464356974424
6,143.95,131.0,0.9100382077110107
0,197.55,181.85,0.9205264490002532
2,298.55,267.8,0.8970021771897505
2,212.75,183.15,0.8608695652173913
4,300.15,269.5,0.8978843911377644
4,294.0,253.55,0.8624149659863946
2,468.1,420.5,0.8983123264259774
0,385.65,349.85,0.9071697134707637
6,307.6,270.25,0.8785760728218466
6,174.55,154.8,0.8868519048983099
0,441.45,399.85,0.9057650923094348
0,320.3,291.45,0.9099281923197002
0,192.55,172.6,0.8963905479096339
8,194.6,172.95,0.8887461459403906
6,223.95,191.4,0.854655056932351
8,222.85,193.95,0.8703163562934709
6,285.05,247.7,0.8689703560778811
0,422.8,382.1,0.9037369914853358
2,272.3,244.65,0.8984575835475579
2,417.45,379.4,0.9088513594442448
2,342.25,310.35,0.9067932797662528
6,202.45,177.4,0.8762657446283033
8,206.65,183.85,0.8896685216549721
6,340.95,305.85,0.8970523537175539
2,279.45,241.45,0.8640186079799607
0,269.0,233.35,0.8674721189591078
8,163.95,146.0,0.8905154010369015
6,287.7,256.25,0.8906847410497045
2,525.5,465.1,0.8850618458610847
2,261.7,232.6,0.8888039740160489
4,206.25,184.35,0.8938181818181818
2,257.5,235.5,0.9145631067961165
4,342.45,310.5,0.9067017082785808
2,374.3,334.3,0.893133849853059
2,373.35,336.1,0.9002276684076603
2,340.6,310.05,0.9103053435114504
2,228.3,202.05,0.8850197109067017
4,473.6,430.55,0.9091005067567568
2,461.35,417.4,0.9047361005744012
0,299.25,274.85,0.9184628237259816
4,299.35,271.3,0.9062969767830299
2,408.3,370.1,0.9064413421503796
0,452.1,413.9,0.9155054191550542
0,404.3,362.5,0.896611427158051
0,348.7,312.65,0.8966160022942358
2,282.45,252.55,0.894140555850593
4,352.8,323.5,0.9169501133786848
0,175.25,157.25,0.8972895863052782
6,253.05,214.3,0.8468682078640585
2,228.9,210.9,0.9213630406290957
0,319.15,295.8,0.9268369105436315
2,263.15,239.9,0.9116473494204826
0,477.55,423.5,0.8868181342267826
0,383.35,337.75,0.8810486500586932
0,266.75,237.35,0.8897844423617619
0,228.2,203.1,0.8900087642418931
0,371.3,332.1,0.8944249932669001
2,297.45,269.85,0.9072112960161371
2,321.6,286.2,0.8899253731343284
0,332.8,291.95,0.8772536057692307
0,415.35,368.25,0.8866016612495485
2,382.55,350.4,0.9159586982093844
2,308.4,276.45,0.8964007782101168
6,231.75,205.95,0.888673139158576
2,233.35,195.7,0.8386543818298693
2,311.4,272.55,0.8752408477842004
4,359.35,314.5,0.8751913176568805
2,181.05,155.85,0.8608119304059652
2,219.7,191.5,0.8716431497496586
0,344.7,302.5,0.8775747026399768
4,256.1,233.1,0.9101913315111285
0,301.4,271.7,0.9014598540145985
8,217.9,188.5,0.8650757228086278
8,198.7,173.6,0.8736789129340715
0,365.7,334.25,0.9140005468963631
2,339.05,286.85,0.8460404070196136
6,131.4,116.25,0.884703196347032
4,379.1,342.6,0.9037193352677394
2,343.0,305.85,0.8916909620991254
6,317.95,291.2,0.915867274728731
6,457.5,396.25,0.8661202185792349
2,384.1,350.15,0.9116115594897162
2,324.1,294.3,0.908053070040111
4,416.65,377.75,0.906636265450618
0,231.45,205.8,0.8891769280622165
2,286.7,248.6,0.8671084757586327
2,237.4,209.4,0.8820556023588879
4,400.0,343.75,0.859375
2,232.75,207.7,0.8923737916219119
4,323.85,288.25,0.8900725644588544
6,139.05,122.25,0.8791801510248112
6,360.65,323.15,0.896021073062526
4,212.9,185.9,0.873179896665101
2,391.35,348.2,0.889740641369618
6,208.3,185.35,0.8898223715794528
4,183.5,157.65,0.8591280653950953
4,446.2,388.85,0.8714701927386822
4,220.2,196.4,0.8919164396003633
4,269.25,233.95,0.868895078922934
4,247.45,224.5,0.907253990705193
6,313.9,272.85,0.8692258681108633
2,433.6,382.4,0.8819188191881919
0,282.5,242.05,0.8568141592920354
2,297.55,264.55,0.88909426987061
6,249.3,214.75,0.8614119534697152
4,189.4,169.25,0.893611404435058
6,187.85,173.65,0.9244077721586372
2,389.0,350.6,0.9012853470437018
6,179.95,162.45,0.9027507641011392
2,287.8,257.7,0.8954134815844337
2,400.55,372.35,0.9295968043939583
0,338.8,307.35,0.907172373081464
0,162.1,152.95,0.9435533621221468
2,261.15,234.0,0.8960367604824814
2,203.9,186.2,0.9131927415399705
6,374.7,314.8,0.8401387776888177
4,249.6,216.2,0.8661858974358975
2,247.8,225.35,0.9094027441485069
2,365.65,327.5,0.8956652536578695
10,240.95,203.55,0.8447810749118074
0,221.5,198.3,0.8952595936794583
4,405.95,360.9,0.8890257420864639
4,318.75,285.25,0.8949019607843137
4,167.9,153.6,0.9148302561048243
2,293.9,266.3,0.9060905069751616
2,241.5,218.45,0.9045548654244306
0,274.8,251.45,0.9150291120815138
2,326.45,288.45,0.8835962628273855
2,310.85,280.15,0.9012385394884993
8,113.7,96.65,0.8500439753737907
2,436.6,393.35,0.9009390746678883
6,235.35,197.6,0.8396005948587211
0,347.1,311.7,0.8980121002592912
2,324.8,292.05,0.8991687192118226
2,295.05,258.05,0.8745975258430775
4,382.85,348.3,0.9097557790257281
2,315.4,276.0,0.8750792644261256
0,234.6,205.25,0.8748934356351236
4,400.4,359.0,0.8966033966033966
6,213.95,184.2,0.8609488198177144
4,222.6,203.7,0.9150943396226415
0,212.9,192.5,0.9041803663691874
2,302.05,269.35,0.8917397781824201
8,137.4,120.2,0.8748180494905385
2,441.65,404.15,0.9150911355145477
6,277.15,244.35,0.8816525347284864
0,400.8,364.9,0.9104291417165669
0,287.6,261.5,0.9092489568845619
4,324.6,288.4,0.8884781269254467
0,370.9,328.5,0.8856834726341332
6,209.4,180.25,0.860792741165234
0,317.4,289.25,0.9113106490233144
2,389.25,355.6,0.9135517019910083
2,333.4,293.75,0.8810737852429514
2,348.0,315.15,0.905603448275862
8,375.05,334.25,0.8912145047327024
4,284.7,260.0,0.91324200913242
0,325.15,287.45,0.8840535137628787
10,310.55,263.9,0.8497826436966672
4,306.8,268.15,0.8740221642764016
6,375.85,320.0,0.8514034854330185
2,294.35,267.85,0.9099711228129778
2,110.6,98.75,0.8928571428571429
4,261.8,233.15,0.8905653170359052
6,342.75,310.35,0.9054704595185996
4,407.05,371.6,0.9129099619211399
4,409.4,360.8,0.8812896922325354
4,267.0,239.7,0.8977528089887641
8,217.05,187.25,0.8627044459801889
2,313.2,287.75,0.9187420178799489
0,175.35,154.55,0.8813800969489592
2,236.75,211.45,0.8931362196409715
4,274.6,238.7,0.8692643845593591
0,245.4,221.3,0.9017929910350448
0,329.3,309.55,0.9400242939568783
4,373.55,328.25,0.8787310935617721
4,262.35,239.3,0.9121402706308367
0,304.65,279.4,0.9171180042671918
2,275.5,250.55,0.9094373865698729
4,239.75,217.25,0.9061522419186653
2,326.2,286.4,0.8779889638258737
2,251.3,226.8,0.9025069637883009
0,348.85,305.05,0.8744446036978644
6,249.75,210.5,0.8428428428428428
4,284.4,250.75,0.8816807313642757
2,296.2,261.7,0.8835246455097907
4,142.3,124.8,0.8770203794799719
8,169.0,145.8,0.8627218934911243
4,382.5,344.35,0.9002614379084968
2,407.95,369.0,0.9045226130653267
4,234.05,210.05,0.8974578081606495
2,345.75,308.35,0.8918293564714389
6,321.6,270.55,0.8412624378109452
0,362.95,324.15,0.8930982228957156
2,284.55,253.55,0.891056053417677
6,385.25,332.9,0.8641142115509409
2,359.95,332.25,0.9230448673426865
4,387.55,337.35,0.8704683266675268
8,296.1,258.65,0.8735224586288416
4,250.75,220.75,0.8803589232303091
4,319.4,276.3,0.8650594865372574
2,386.05,353.3,0.915166429219013
2,441.65,383.7,0.8687875014151477
6,204.75,176.15,0.8603174603174604
0,378.4,349.6,0.9238900634249472
0,436.3,404.05,0.9260829704331882
6,274.7,244.45,0.8898798689479432
2,323.5,292.0,0.9026275115919629
0,364.35,327.95,0.9000960614793467
4,219.5,183.5,0.835990888382688
4,250.9,224.6,0.895177361498605
4,384.8,358.2,0.9308731808731808
6,192.5,167.55,0.8703896103896104
0,270.1,239.95,0.8883746760459089
2,318.95,281.0,0.8810158332026964
2,324.85,294.1,0.9053409265814991
2,232.9,206.65,0.8872906826964362
0,542.45,466.45,0.8598949211908932
0,269.7,242.1,0.8976640711902113
0,387.6,352.6,0.9097007223942208
0,345.9,319.8,0.9245446660884649
2,420.7,375.5,0.8925600190159259
0,378.35,349.3,0.9232192414431082
4,500.2,439.35,0.8783486605357856
6,235.45,208.3,0.8846888936079847
4,212.2,192.25,0.9059849198868991
2,367.3,329.15,0.8961339504492241
0,289.35,262.3,0.9065146016934509
2,380.4,326.85,0.8592271293375394
2,400.45,359.3,0.8972406043201399
0,414.6,369.75,0.8918234442836469
8,174.15,154.85,0.8891759977031295
2,343.1,287.5,0.8379481200816089
4,399.15,363.3,0.910184141300263
6,191.6,172.85,0.9021398747390397
2,250.7,226.7,0.9042680494615077
2,356.85,322.85,0.9047218719349867
2,380.9,325.95,0.8557364137568916
0,297.75,262.3,0.8809403862300588
2,241.3,216.7,0.8980522171570658
4,140.25,127.6,0.9098039215686274
4,370.95,346.95,0.9353012535382127
4,312.65,281.0,0.8987685910762834
4,202.15,181.25,0.896611427158051
2,179.95,153.15,0.8510697415948875
2,417.25,367.7,0.8812462552426603
2,132.25,116.65,0.8820415879017013
4,251.15,219.6,0.8743778618355564
4,302.75,271.6,0.8971098265895954
2,328.25,311.2,0.948057882711348
6,506.85,454.95,0.8976028410772418
4,326.8,284.2,0.8696450428396573
2,279.8,252.4,0.902072909220872
0,290.95,277.7,0.9544595291287162
4,241.7,217.2,0.8986346710798511
6,250.95,222.9,0.8882247459653317
2,266.3,238.0,0.8937288772061585
4,222.45,197.15,0.8862665767588223
6,203.5,185.75,0.9127764127764127
2,258.4,229.85,0.8895123839009288
2,357.55,322.35,0.9015522304572787
6,164.85,143.7,0.8717015468607825
2,364.2,338.45,0.9292970895112576
4,206.7,188.05,0.9097726173197871
4,272.05,244.3,0.8979966917845984
4,130.9,121.9,0.9312452253628725
0,279.7,259.2,0.9267071862710047
2,302.9,265.25,0.8757015516672169
4,313.75,287.7,0.9169721115537849
4,180.4,152.5,0.8453436807095344
0,226.65,200.55,0.884844473858372
2,320.7,294.15,0.9172123479887746
0,222.55,205.45,0.9231633340822287
6,204.4,175.3,0.8576320939334638
2,233.5,213.2,0.9130620985010707
2,410.7,379.7,0.9245191137083029
0,394.9,350.5,0.8875664725246898
4,318.7,278.0,0.8722936931283338
6,191.4,168.8,0.8819226750261233
8,130.5,108.85,0.8340996168582375
0,487.45,436.5,0.8954764591240127
2,373.05,335.0,0.8980029486663986
2,473.8,422.55,0.8918319966230477
4,238.65,211.9,0.8879111669809344
4,419.75,382.4,0.9110184633710542
0,323.95,279.25,0.8620157431702423
4,238.25,218.15,0.9156348373557188
6,199.65,173.2,0.8675181567743552
2,348.3,310.0,0.8900373241458512
2,112.6,97.4,0.8650088809946714
2,270.55,239.1,0.8837553132507855
0,319.4,291.9,0.9139010644959299
4,248.1,220.1,0.8871422813381701
6,415.1,376.45,0.9068899060467357
4,350.4,308.4,0.8801369863013698
2,331.2,285.1,0.8608091787439613
0,406.9,364.6,0.8960432538707299
2,309.55,280.9,0.9074462930059765
4,302.9,269.6,0.8900627269725983
6,238.6,207.0,0.86756077116513
8,298.6,253.3,0.848292029470864
0,330.8,296.85,0.8973700120918985
2,360.6,330.0,0.9151414309484193
4,213.2,186.6,0.875234521575985
0,342.85,317.95,0.9273734869476448
4,189.15,169.95,0.8984932593180016
