rf,total_quartet,correct_quartet,correct_prop
2,35.15,33.5,0.9530583214793741
8,54.25,46.7,0.8608294930875576
12,55.15,45.15,0.8186763372620127
8,71.75,65.15,0.90801393728223
8,36.0,29.9,0.8305555555555556
16,19.95,18.0,0.9022556390977443
4,38.25,33.65,0.8797385620915033
10,38.85,33.35,0.8584298584298584
0,147.85,131.55,0.889753128170443
8,16.95,15.2,0.8967551622418879
0,54.75,51.55,0.9415525114155251
12,57.35,52.35,0.9128160418482999
0,45.5,43.1,0.9472527472527472
14,15.1,13.6,0.9006622516556292
2,42.6,39.9,0.9366197183098591
8,47.15,39.95,0.8472958642629904
4,43.45,39.4,0.906789413118527
4,64.05,59.85,0.9344262295081968
14,23.3,20.7,0.8884120171673819
4,30.15,26.35,0.8739635157545605
2,104.1,99.55,0.9562920268972143
4,38.8,34.25,0.8827319587628866
6,69.35,61.5,0.8868060562364816
8,45.2,39.5,0.8738938053097345
8,22.9,19.8,0.8646288209606987
12,55.75,47.3,0.8484304932735426
2,40.95,36.85,0.8998778998778999
6,38.0,33.5,0.881578947368421
2,71.2,64.95,0.9122191011235955
4,59.6,55.6,0.9328859060402684
14,23.2,20.55,0.8857758620689655
6,89.95,78.5,0.8727070594774875
10,41.0,33.05,0.8060975609756098
8,64.25,53.65,0.8350194552529183
2,43.25,37.75,0.8728323699421965
6,104.8,89.55,0.8544847328244275
6,15.9,13.55,0.8522012578616353
8,47.85,41.95,0.8766980146290491
4,108.0,96.55,0.8939814814814815
2,36.9,33.7,0.9132791327913279
10,24.1,19.95,0.8278008298755186
18,22.2,19.95,0.8986486486486487
6,55.65,49.8,0.894878706199461
4,56.25,53.25,0.9466666666666667
12,44.85,37.9,0.8450390189520625
10,46.5,42.75,0.9193548387096774
12,44.35,37.7,0.8500563697857948
10,91.35,80.35,0.879584017515052
8,35.05,31.65,0.9029957203994294
2,76.3,67.45,0.8840104849279161
0,45.95,42.9,0.9336235038084875
4,37.2,34.4,0.9247311827956989
10,50.7,42.35,0.8353057199211046
16,14.65,12.45,0.8498293515358362
4,38.5,33.55,0.8714285714285714
4,111.3,100.8,0.9056603773584906
12,51.1,40.95,0.8013698630136986
12,25.5,22.55,0.884313725490196
12,123.1,103.75,0.8428107229894395
4,83.6,76.8,0.9186602870813397
18,19.85,16.5,0.8312342569269522
4,25.4,22.75,0.8956692913385826
16,30.3,23.55,0.7772277227722773
12,35.6,28.65,0.8047752808988764
4,49.15,44.9,0.91353001017294
2,118.85,105.15,0.8847286495582667
4,56.1,51.5,0.9180035650623886
4,189.0,173.45,0.9177248677248677
6,71.15,61.85,0.8692902319044272
6,63.3,55.0,0.8688783570300158
4,38.85,35.15,0.9047619047619048
2,73.85,70.35,0.95260663507109
8,87.05,77.05,0.8851234922458358
6,60.15,55.15,0.9168744804655029
2,72.55,64.65,0.8911095796002757
4,54.95,48.75,0.8871701546860783
8,41.9,35.15,0.8389021479713604
8,43.85,39.7,0.9053591790193842
6,50.5,45.3,0.897029702970297
4,20.9,18.55,0.8875598086124402
2,86.65,79.35,0.9157530294287363
4,23.25,22.45,0.9655913978494624
6,32.65,30.2,0.9249617151607963
16,61.15,54.1,0.884709730171709
2,54.75,50.85,0.9287671232876712
6,38.95,36.25,0.9306803594351734
6,54.65,48.8,0.8929551692589204
2,40.35,37.55,0.9306071871127634
4,73.85,66.85,0.9052132701421801
8,56.7,48.45,0.8544973544973545
6,25.6,23.55,0.919921875
12,16.6,13.25,0.7981927710843374
8,134.25,114.85,0.8554934823091248
8,31.0,27.15,0.8758064516129033
6,35.3,30.8,0.8725212464589235
4,101.75,91.15,0.8958230958230958
6,65.35,59.3,0.9074215761285387
6,58.45,50.25,0.8597091531223268
2,42.25,39.3,0.9301775147928995
10,37.05,33.1,0.893387314439946
2,33.65,32.65,0.9702823179791976
8,42.35,39.5,0.9327036599763873
6,39.65,34.5,0.8701134930643127
8,85.4,77.95,0.9127634660421545
6,24.15,22.25,0.9213250517598344
4,81.35,75.55,0.9287031346035648
16,58.65,50.8,0.86615515771526
0,52.85,48.6,0.9195837275307474
8,43.2,35.65,0.8252314814814815
12,55.55,50.2,0.9036903690369037
14,20.45,17.55,0.8581907090464548
4,32.65,29.1,0.891271056661562
10,27.75,20.65,0.7441441441441441
8,79.7,71.15,0.8927227101631117
4,131.2,126.4,0.9634146341463414
4,39.45,38.15,0.9670468948035488
10,50.4,41.75,0.8283730158730159
4,94.3,86.0,0.911983032873807
6,34.0,30.2,0.888235294117647
2,29.9,29.15,0.9749163879598662
14,16.65,14.05,0.8438438438438438
12,44.8,39.45,0.8805803571428571
8,53.3,45.2,0.8480300187617261
0,80.45,77.25,0.9602237414543194
4,46.05,40.15,0.8718783930510315
12,49.6,39.4,0.7943548387096774
6,75.65,66.75,0.8823529411764706
4,38.05,35.35,0.9290407358738502
10,61.05,52.4,0.8583128583128583
0,105.55,99.3,0.9407863571766935
0,53.7,51.0,0.9497206703910615
8,22.15,18.3,0.8261851015801355
10,38.25,33.1,0.865359477124183
16,56.75,50.5,0.8898678414096917
6,102.75,91.85,0.8939172749391727
10,55.9,48.65,0.870304114490161
6,25.5,23.15,0.907843137254902
8,58.95,50.9,0.8634435962680237
2,38.15,34.2,0.8964613368283093
2,34.6,32.15,0.9291907514450867
2,105.0,97.3,0.9266666666666666
12,66.4,57.15,0.8606927710843374
2,65.7,63.7,0.969558599695586
4,45.3,39.9,0.8807947019867549
2,28.3,23.35,0.8250883392226148
4,66.75,59.5,0.8913857677902621
2,61.75,54.1,0.8761133603238866
4,42.05,38.55,0.9167657550535078
4,42.9,40.15,0.9358974358974359
4,117.25,107.7,0.9185501066098081
10,62.15,54.05,0.8696701528559936
2,58.8,54.05,0.91921768707483
10,55.85,48.1,0.8612354521038496
8,121.75,110.35,0.9063655030800821
6,57.55,51.7,0.8983492615117289
2,92.9,80.15,0.8627556512378902
10,22.3,21.3,0.9551569506726457
6,47.85,44.15,0.922675026123302
6,46.95,42.2,0.898828541001065
2,22.0,21.2,0.9636363636363636
10,49.8,41.2,0.8273092369477911
10,33.35,28.8,0.863568215892054
16,94.0,79.15,0.8420212765957447
8,32.1,28.55,0.8894080996884736
8,53.25,48.2,0.9051643192488263
10,40.7,37.25,0.9152334152334153
6,60.35,54.35,0.9005799502899752
6,40.65,36.0,0.8856088560885609
4,45.3,40.9,0.9028697571743929
6,98.05,85.35,0.8704742478327384
4,73.7,67.6,0.9172320217096337
6,18.35,16.5,0.8991825613079019
4,44.25,39.15,0.8847457627118644
4,39.8,34.65,0.8706030150753769
16,48.8,40.85,0.8370901639344263
6,43.2,37.4,0.8657407407407407
6,118.85,107.45,0.9040807740849811
2,76.45,70.95,0.9280575539568345
10,47.25,43.1,0.9121693121693122
10,143.75,132.65,0.9227826086956522
8,34.6,29.65,0.8569364161849711
12,57.35,48.35,0.8430688753269399
6,31.05,28.3,0.9114331723027376
6,41.8,37.8,0.9043062200956937
6,43.1,39.35,0.9129930394431555
4,55.9,47.75,0.8542039355992844
4,79.75,73.9,0.9266457680250784
4,103.3,90.6,0.8770571151984511
6,28.75,26.55,0.9234782608695652
6,34.65,30.45,0.8787878787878788
2,161.4,150.9,0.9349442379182156
4,47.95,47.25,0.9854014598540146
6,32.35,28.85,0.8918083462132921
4,116.7,106.0,0.908311910882605
0,85.95,80.4,0.9354275741710296
4,95.3,86.4,0.906610703043022
8,50.45,47.35,0.9385530227948464
4,115.4,98.1,0.8500866551126517
2,119.25,107.85,0.9044025157232705
8,68.6,57.6,0.8396501457725948
4,92.65,83.85,0.9050188882892607
8,60.55,53.5,0.8835672997522709
4,86.4,78.2,0.9050925925925926
8,87.7,79.6,0.9076396807297605
2,137.7,122.4,0.8888888888888888
12,26.3,23.6,0.8973384030418251
10,42.4,37.35,0.8808962264150944
6,62.3,57.95,0.9301765650080257
2,53.45,47.6,0.8905519176800748
10,28.5,25.45,0.8929824561403509
2,45.75,44.15,0.9650273224043716
4,118.5,113.6,0.9586497890295359
8,50.45,44.8,0.88800792864222
6,35.9,33.35,0.9289693593314763
6,68.75,58.3,0.848
4,85.8,77.4,0.9020979020979021
6,86.95,72.65,0.8355376653248994
10,92.35,80.9,0.8760151597184623
2,74.25,67.55,0.9097643097643098
6,49.2,42.1,0.8556910569105691
8,72.6,63.35,0.8725895316804407
4,71.7,66.05,0.9211994421199442
10,28.35,25.0,0.8818342151675485
0,102.7,94.45,0.9196689386562804
4,71.6,67.05,0.9364525139664804
8,33.35,30.2,0.9055472263868066
2,37.3,36.8,0.9865951742627346
6,37.15,33.85,0.9111709286675639
2,38.0,35.05,0.9223684210526316
6,54.3,49.7,0.9152854511970534
6,102.4,92.55,0.90380859375
4,73.25,69.7,0.9515358361774744
4,72.0,64.8,0.9
6,47.05,38.45,0.8172157279489904
4,23.75,21.3,0.8968421052631579
10,123.85,107.2,0.8655631812676625
6,23.5,19.4,0.825531914893617
14,24.0,18.8,0.7833333333333333
14,23.5,20.3,0.8638297872340426
2,74.7,67.45,0.9029451137884873
4,84.0,76.2,0.9071428571428571
6,40.05,36.9,0.9213483146067416
4,22.95,21.3,0.9281045751633987
8,59.75,51.5,0.8619246861924686
12,33.55,26.75,0.797317436661699
10,23.7,20.2,0.8523206751054853
4,54.85,50.1,0.9134001823154057
2,53.7,51.25,0.9543761638733705
8,52.35,47.2,0.9016236867239733
8,52.15,46.2,0.8859060402684564
4,63.35,58.35,0.9210734017363852
6,87.9,80.15,0.9118316268486917
10,44.95,42.55,0.946607341490545
10,57.6,49.9,0.8663194444444444
8,47.1,42.5,0.9023354564755839
8,18.6,15.6,0.8387096774193549
2,47.5,45.4,0.9557894736842105
4,64.6,60.95,0.9434984520123839
20,15.55,12.75,0.819935691318328
4,41.45,35.8,0.8636911942098915
6,30.25,26.2,0.8661157024793389
8,49.9,42.9,0.8597194388777555
6,50.95,45.9,0.900883218842002
2,46.2,42.15,0.9123376623376623
12,33.2,28.2,0.8493975903614458
2,34.3,33.15,0.9664723032069971
8,38.95,33.35,0.8562259306803595
4,64.15,57.65,0.8986749805144193
12,34.85,31.85,0.9139167862266858
4,77.5,72.5,0.9354838709677419
10,50.1,43.1,0.8602794411177644
0,76.3,71.6,0.9384010484927916
6,107.1,93.35,0.8716153127917834
12,117.3,99.85,0.8512361466325661
4,35.2,30.2,0.8579545454545454
4,32.4,29.65,0.9151234567901234
10,55.15,44.65,0.8096101541251133
0,71.35,67.0,0.9390329362298528
12,18.95,14.4,0.7598944591029023
8,44.2,38.3,0.8665158371040724
2,84.55,71.55,0.8462448255470136
14,37.3,31.05,0.8324396782841823
0,35.6,33.7,0.9466292134831461
6,54.05,50.3,0.9306197964847364
0,105.2,95.9,0.9115969581749049
14,54.85,43.9,0.8003646308113036
0,53.05,50.9,0.9594721960414703
8,37.6,33.85,0.9002659574468085
4,96.1,86.25,0.8975026014568158
10,23.5,20.7,0.8808510638297873
10,85.75,77.9,0.9084548104956268
0,38.55,35.45,0.9195849546044098
8,47.3,43.7,0.9238900634249472
8,54.35,48.7,0.8960441582336707
12,26.1,22.65,0.867816091954023
6,47.95,43.4,0.9051094890510949
6,87.25,77.5,0.8882521489971347
0,113.85,102.75,0.9025032938076416
6,83.35,77.9,0.9346130773845231
4,44.15,41.3,0.9354473386183465
10,43.45,40.05,0.9217491369390104
2,92.95,87.7,0.9435180204410973
8,30.9,29.65,0.959546925566343
10,23.8,20.9,0.8781512605042017
18,26.15,24.0,0.9177820267686424
4,62.3,57.55,0.9237560192616372
6,78.95,70.85,0.8974034198860038
8,36.8,32.35,0.8790760869565217
14,66.25,57.8,0.8724528301886793
8,91.35,78.2,0.856048166392994
4,38.3,35.3,0.9216710182767625
16,32.85,30.75,0.9360730593607306
4,66.4,65.3,0.983433734939759
8,35.0,30.6,0.8742857142857143
4,54.05,48.55,0.8982423681776133
6,32.5,30.75,0.9461538461538461
2,90.45,77.85,0.8606965174129353
8,67.65,58.4,0.8632668144863267
10,51.0,43.0,0.8431372549019608
6,53.95,47.6,0.8822984244670992
12,54.95,47.5,0.8644222020018199
14,19.0,16.65,0.8763157894736842
8,26.6,24.1,0.9060150375939849
8,37.95,33.95,0.8945981554677207
4,28.65,26.75,0.9336823734729494
10,39.2,35.6,0.9081632653061225
12,42.1,38.15,0.9061757719714965
4,80.95,74.3,0.9178505250154416
6,64.45,57.35,0.8898370830100854
6,45.65,42.05,0.9211391018619934
12,73.6,60.2,0.8179347826086957
4,57.25,53.4,0.9327510917030568
4,69.7,63.65,0.9131994261119082
0,68.85,61.75,0.896877269426289
4,21.55,19.3,0.8955916473317865
8,71.05,65.8,0.9261083743842364
10,72.1,66.1,0.9167822468793343
12,6.55,5.3,0.8091603053435115
0,46.65,44.7,0.9581993569131833
2,98.65,91.85,0.9310694374049671
2,102.1,91.2,0.8932419196865817
6,95.9,85.7,0.8936392075078207
8,69.0,61.4,0.8898550724637682
4,25.35,22.95,0.9053254437869822
6,76.65,65.5,0.8545335942596216
8,53.75,46.8,0.8706976744186047
4,135.95,125.6,0.9238690695108496
12,55.4,45.4,0.8194945848375451
4,40.1,36.7,0.9152119700748129
6,24.55,20.35,0.8289205702647657
4,49.95,46.6,0.9329329329329329
10,105.55,93.65,0.8872572240644244
6,56.1,48.85,0.8707664884135472
8,23.65,19.55,0.8266384778012685
4,52.95,47.6,0.898961284230406
8,41.3,37.45,0.9067796610169492
4,26.8,23.0,0.8582089552238806
10,57.3,46.9,0.8184991273996509
6,73.2,65.6,0.8961748633879781
6,43.85,39.95,0.9110604332953249
2,97.05,84.75,0.8732612055641422
8,60.35,54.95,0.9105219552609777
12,19.6,15.45,0.7882653061224489
4,97.8,89.9,0.9192229038854806
6,36.85,32.2,0.8738127544097694
8,34.2,30.45,0.8903508771929824
8,32.75,28.0,0.8549618320610687
16,33.25,24.7,0.7428571428571429
14,33.35,29.65,0.889055472263868
6,23.25,21.05,0.9053763440860215
4,51.1,47.4,0.9275929549902152
12,31.6,28.6,0.9050632911392406
4,45.75,42.3,0.9245901639344263
6,70.75,60.2,0.8508833922261484
16,34.45,30.65,0.8896952104499274
6,34.7,31.25,0.9005763688760807
2,86.35,79.0,0.9148812970469021
10,51.35,48.5,0.9444985394352483
2,21.55,19.65,0.9118329466357309
6,63.4,57.6,0.9085173501577287
8,95.1,86.95,0.9143007360672976
14,26.75,22.0,0.822429906542056
4,109.85,92.95,0.8461538461538461
8,51.2,44.25,0.8642578125
4,36.05,33.1,0.9181692094313454
2,46.9,43.4,0.9253731343283582
10,37.85,33.1,0.8745046235138706
8,61.9,51.2,0.827140549273021
6,60.45,54.2,0.8966087675765095
8,88.15,80.15,0.9092456040839478
8,156.7,137.65,0.8784301212507977
6,68.45,58.35,0.8524470416362309
2,83.0,76.35,0.9198795180722892
12,41.0,36.6,0.8926829268292683
4,89.95,78.75,0.8754863813229572
2,69.3,66.4,0.9581529581529582
16,14.25,11.5,0.8070175438596491
8,37.15,36.1,0.971736204576043
8,34.95,31.15,0.8912732474964234
2,84.0,78.5,0.9345238095238095
2,34.0,32.3,0.95
6,61.5,53.2,0.865040650406504
4,52.1,45.35,0.8704414587332053
4,40.75,36.05,0.8846625766871166
12,40.3,36.6,0.9081885856079405
10,41.3,37.45,0.9067796610169492
6,32.35,30.45,0.9412673879443586
6,60.8,55.9,0.9194078947368421
10,56.8,50.25,0.8846830985915493
12,14.95,12.0,0.802675585284281
10,105.3,90.95,0.8637226970560304
6,80.65,71.65,0.8884066955982641
8,36.7,30.2,0.8228882833787466
6,37.1,33.5,0.9029649595687331
8,46.35,41.05,0.8856526429341963
4,74.85,66.9,0.8937875751503006
8,68.5,60.3,0.8802919708029197
8,28.45,24.7,0.8681898066783831
16,73.6,59.7,0.811141304347826
2,48.9,45.0,0.9202453987730062
6,44.9,42.25,0.9409799554565702
10,67.75,60.7,0.8959409594095941
12,16.45,13.65,0.8297872340425532
4,30.7,27.75,0.9039087947882736
4,51.45,47.5,0.923226433430515
2,69.65,63.2,0.9073941134242641
4,55.35,50.8,0.9177958446251129
4,63.7,57.75,0.9065934065934066
4,57.45,54.1,0.9416884247171453
10,45.0,39.15,0.87
4,46.15,43.5,0.942578548212351
14,49.25,42.4,0.8609137055837564
8,63.9,56.45,0.8834115805946792
8,57.15,47.9,0.8381452318460193
4,48.7,45.35,0.9312114989733059
2,76.55,70.0,0.914435009797518
4,69.7,60.7,0.8708751793400287
6,76.9,70.55,0.9174252275682705
14,77.55,72.75,0.9381044487427466
2,49.45,46.75,0.9453993933265925
2,52.5,49.45,0.9419047619047619
8,74.05,65.85,0.8892640108035111
4,104.5,96.8,0.9263157894736842
4,98.35,89.85,0.9135739705134723
0,76.05,71.1,0.9349112426035503
4,42.55,39.9,0.9377203290246768
12,69.8,57.5,0.8237822349570201
12,33.55,28.4,0.8464977645305514
4,67.95,62.55,0.9205298013245033
12,40.65,36.6,0.9003690036900369
2,85.0,77.85,0.9158823529411765
0,82.7,78.2,0.9455864570737605
4,52.0,46.95,0.9028846153846154
6,93.05,82.1,0.8823213326168726
4,69.9,65.1,0.9313304721030042
6,64.05,54.45,0.8501170960187353
2,37.65,34.4,0.9136786188579017
10,90.35,76.6,0.84781405644715
0,50.2,47.7,0.950199203187251
12,36.9,30.4,0.8238482384823849
8,82.2,73.75,0.8972019464720195
8,78.0,71.35,0.9147435897435897
8,107.3,99.85,0.9305684995340168
4,52.45,46.85,0.8932316491897044
6,83.05,74.95,0.9024683925346177
6,29.5,25.8,0.8745762711864407
4,131.7,118.1,0.8967350037965072
8,92.45,75.65,0.8182801514332071
6,101.6,93.15,0.9168307086614174
2,65.05,61.9,0.9515757109915449
6,65.35,59.5,0.9104820198928845
6,77.55,70.8,0.9129593810444874
10,135.95,121.2,0.8915042294961383
10,97.6,86.5,0.8862704918032787
8,42.95,37.7,0.8777648428405123
8,49.6,40.65,0.8195564516129032
6,30.95,27.7,0.8949919224555735
2,39.85,36.85,0.9247176913425345
4,64.4,58.2,0.9037267080745341
12,30.55,27.15,0.8887070376432079
6,87.5,79.1,0.904
2,26.6,24.65,0.9266917293233082
14,74.1,68.7,0.9271255060728745
0,37.4,35.6,0.9518716577540107
4,48.4,42.65,0.881198347107438
10,25.0,19.9,0.796
16,73.3,60.95,0.8315143246930423
8,184.15,159.15,0.8642411077925604
8,78.2,61.05,0.780690537084399
6,73.25,64.25,0.8771331058020477
14,24.05,21.2,0.8814968814968815
2,154.85,143.75,0.9283177268324184
10,55.1,45.45,0.8248638838475499
10,38.7,33.85,0.8746770025839793
6,79.1,72.15,0.9121365360303414
10,29.7,25.4,0.8552188552188552
12,46.7,38.7,0.828693790149893
6,66.3,55.5,0.8371040723981901
2,51.85,44.45,0.8572806171648988
2,101.8,93.25,0.9160117878192534
2,49.55,46.7,0.9424823410696267
10,34.45,30.3,0.8795355587808418
8,42.75,40.55,0.9485380116959065
4,27.75,24.05,0.8666666666666667
4,96.25,82.9,0.8612987012987013
10,113.4,100.0,0.8818342151675485
6,26.05,24.2,0.9289827255278311
6,23.8,21.35,0.8970588235294118
8,38.85,32.2,0.8288288288288288
6,50.05,45.65,0.9120879120879121
2,80.45,76.45,0.9502796768178993
6,73.5,67.8,0.9224489795918367
4,49.5,45.35,0.9161616161616162
4,46.35,42.7,0.9212513484358145
0,48.25,43.05,0.8922279792746114
0,59.2,56.3,0.9510135135135135
6,89.35,76.95,0.8612199216564074
6,49.3,42.45,0.8610547667342799
6,21.2,19.0,0.8962264150943396
8,36.2,32.4,0.8950276243093923
10,98.8,87.35,0.8841093117408907
10,95.9,82.85,0.8639207507820647
6,64.6,58.75,0.9094427244582043
8,37.25,34.1,0.9154362416107382
4,61.8,53.95,0.8729773462783171
2,80.8,73.6,0.9108910891089109
2,78.15,75.5,0.9660908509277031
4,97.85,89.1,0.9105774144098109
2,26.45,22.8,0.8620037807183365
12,78.2,70.7,0.9040920716112532
10,103.4,88.25,0.8534816247582205
4,38.75,36.0,0.9290322580645162
8,58.95,48.2,0.8176420695504665
10,28.9,24.8,0.8581314878892734
2,89.3,79.8,0.8936170212765957
4,123.0,115.5,0.9390243902439024
10,65.6,57.2,0.8719512195121951
2,29.65,28.4,0.9578414839797639
12,42.35,36.05,0.8512396694214877
4,34.25,30.4,0.8875912408759125
10,39.2,33.55,0.8558673469387755
4,24.5,22.05,0.9
6,36.45,33.4,0.9163237311385459
6,26.65,21.75,0.8161350844277674
4,27.25,22.15,0.8128440366972477
6,50.9,47.2,0.9273084479371316
6,44.9,41.35,0.920935412026726
6,84.45,72.75,0.8614564831261101
6,36.5,33.8,0.9260273972602739
8,46.75,41.2,0.881283422459893
8,54.7,50.75,0.9277879341864717
4,69.1,61.85,0.8950795947901592
2,36.7,32.65,0.8896457765667575
6,113.25,101.15,0.8931567328918323
10,31.1,28.65,0.9212218649517685
8,42.35,37.05,0.8748524203069658
4,57.7,51.25,0.8882149046793761
6,41.05,35.1,0.8550548112058465
2,52.5,49.7,0.9466666666666667
4,116.45,108.7,0.9334478316874195
10,39.1,32.95,0.8427109974424553
4,62.1,55.45,0.892914653784219
6,37.9,34.65,0.9142480211081794
14,30.1,26.55,0.8820598006644518
14,35.2,30.7,0.8721590909090909
10,31.9,28.05,0.8793103448275862
10,40.2,35.05,0.8718905472636815
2,108.15,100.75,0.9315765141007859
14,37.55,33.7,0.8974700399467377
14,31.1,27.35,0.8794212218649518
4,27.55,25.5,0.925589836660617
2,44.9,40.25,0.8964365256124721
10,63.75,52.3,0.8203921568627451
6,59.15,53.9,0.9112426035502958
4,55.7,48.15,0.8644524236983842
4,22.2,20.55,0.9256756756756757
2,79.25,73.8,0.931230283911672
6,94.3,85.05,0.9019088016967126
8,21.15,18.6,0.8794326241134752
4,44.8,41.75,0.9319196428571429
18,38.45,27.75,0.7217165149544863
4,106.3,94.7,0.8908748824082785
12,32.75,26.95,0.8229007633587786
6,28.25,25.25,0.8938053097345132
6,33.85,30.8,0.9098966026587888
4,51.05,48.15,0.9431929480901078
0,42.15,40.0,0.9489916963226572
16,70.45,59.1,0.8388928317955997
4,84.6,79.1,0.9349881796690307
12,61.95,54.55,0.880548829701372
2,26.7,24.6,0.9213483146067416
2,32.6,29.95,0.9187116564417178
8,73.1,64.5,0.8823529411764706
4,71.75,63.25,0.8815331010452961
4,63.65,57.2,0.8986645718774549
8,18.65,16.35,0.8766756032171582
6,70.45,62.0,0.8800567778566359
14,61.8,52.0,0.8414239482200647
8,71.25,64.5,0.9052631578947369
8,67.6,57.25,0.8468934911242604
8,53.0,45.2,0.8528301886792453
2,59.0,55.35,0.938135593220339
12,35.9,33.7,0.9387186629526463
2,51.15,49.55,0.9687194525904204
12,44.4,37.75,0.8502252252252253
4,83.7,74.7,0.8924731182795699
4,110.8,100.55,0.9074909747292419
4,74.95,68.25,0.9106070713809206
2,42.8,40.7,0.9509345794392523
6,82.85,77.85,0.9396499698249849
2,42.95,39.15,0.9115250291036089
6,40.45,35.15,0.8689740420271941
4,88.0,82.1,0.9329545454545455
4,41.1,37.9,0.9221411192214112
6,107.55,93.9,0.8730822873082287
12,22.6,20.05,0.8871681415929203
8,39.35,33.45,0.8500635324015248
6,89.35,79.0,0.8841634023503078
12,35.95,31.65,0.8803894297635605
2,90.65,82.8,0.9134031991174848
8,18.55,16.3,0.8787061994609164
6,78.45,69.9,0.8910133843212237
0,51.05,46.45,0.9098922624877571
0,96.3,92.3,0.9584631360332295
6,38.15,34.15,0.8951507208387942
4,64.85,58.4,0.9005397070161912
4,57.65,54.4,0.9436253252385083
4,48.05,41.45,0.8626430801248699
4,34.95,32.3,0.9241773962804005
4,98.75,91.25,0.9240506329113924
6,46.15,40.95,0.8873239436619719
8,40.2,34.15,0.849502487562189
12,43.1,37.85,0.8781902552204176
12,20.85,18.35,0.8800959232613909
8,48.9,39.65,0.810838445807771
10,39.85,34.05,0.8544542032622334
10,40.95,31.95,0.7802197802197802
10,39.0,33.35,0.8551282051282051
0,63.65,59.45,0.9340141398271798
2,45.75,44.05,0.9628415300546448
0,96.8,92.7,0.9576446280991735
4,87.95,82.8,0.9414440022740194
14,43.2,39.3,0.9097222222222222
12,52.45,42.45,0.8093422306959008
8,50.05,46.55,0.9300699300699301
2,118.2,105.45,0.8921319796954315
0,53.05,51.1,0.9632422243166824
0,173.55,159.1,0.9167386920195909
4,22.7,21.55,0.9493392070484582
10,18.5,17.0,0.918918918918919
6,118.85,104.85,0.8822044594026083
10,61.45,53.55,0.871440195280716
2,31.35,28.25,0.9011164274322169
12,55.45,46.55,0.8394950405770965
12,27.5,23.9,0.8690909090909091
12,20.3,19.0,0.9359605911330049
8,44.85,40.0,0.8918617614269788
2,116.25,106.05,0.912258064516129
8,78.7,69.6,0.8843710292249047
6,60.95,54.65,0.896636587366694
16,56.25,49.0,0.8711111111111111
12,15.9,14.6,0.9182389937106918
12,73.45,62.4,0.8495575221238938
2,49.95,44.75,0.8958958958958959
8,34.7,30.8,0.8876080691642652
10,39.95,35.1,0.8785982478097623
6,49.2,44.05,0.8953252032520326
10,52.8,48.4,0.9166666666666666
10,33.6,30.4,0.9047619047619048
8,42.35,34.9,0.8240850059031877
0,28.8,25.3,0.8784722222222222
4,26.95,23.5,0.8719851576994434
2,35.8,32.3,0.9022346368715084
6,87.75,75.5,0.8603988603988604
8,43.0,39.4,0.9162790697674419
10,21.75,18.2,0.8367816091954023
2,74.85,68.4,0.9138276553106213
2,45.9,40.85,0.8899782135076253
4,74.6,64.3,0.8619302949061662
0,32.0,28.65,0.8953125
8,57.3,54.5,0.9511343804537522
4,42.65,37.7,0.8839390386869871
10,36.45,31.55,0.8655692729766804
0,57.3,51.9,0.9057591623036649
6,41.95,36.6,0.8724672228843862
2,50.25,44.85,0.8925373134328358
10,114.55,102.55,0.8952422522915757
4,55.55,47.6,0.8568856885688569
2,34.25,30.85,0.9007299270072993
0,101.1,91.8,0.9080118694362018
8,48.55,42.05,0.8661174047373842
8,51.45,46.2,0.8979591836734694
8,75.65,66.25,0.875743555849306
4,95.3,89.1,0.9349422875131165
14,41.1,37.4,0.9099756690997567
2,59.05,52.15,0.8831498729889924
4,185.15,173.8,0.9386983526870105
6,52.3,46.7,0.892925430210325
4,72.0,64.6,0.8972222222222223
4,103.8,94.25,0.9079961464354528
2,23.95,22.55,0.941544885177453
2,57.5,53.6,0.9321739130434783
4,71.4,66.75,0.9348739495798319
2,63.15,57.6,0.9121140142517815
6,37.95,31.2,0.8221343873517787
6,38.9,35.55,0.9138817480719794
6,78.5,69.1,0.8802547770700637
8,33.75,28.4,0.8414814814814815
2,48.65,46.1,0.947584789311408
4,25.1,23.4,0.9322709163346613
8,89.65,79.3,0.8845510317902956
4,25.85,23.5,0.9090909090909091
6,111.25,100.25,0.9011235955056179
4,30.05,28.1,0.9351081530782029
6,58.6,50.9,0.8686006825938567
12,39.7,32.5,0.818639798488665
2,46.95,41.3,0.8796592119275826
8,43.2,39.85,0.9224537037037037
10,29.05,28.0,0.963855421686747
4,52.8,46.4,0.8787878787878788
8,63.35,58.2,0.9187056037884768
6,29.7,26.1,0.8787878787878788
4,38.4,34.25,0.8919270833333334
8,11.95,11.5,0.9623430962343096
10,58.4,50.8,0.8698630136986302
4,47.2,44.05,0.9332627118644068
12,31.5,26.6,0.8444444444444444
6,95.95,87.2,0.9088066701406983
4,67.25,62.55,0.9301115241635688
8,69.65,60.35,0.8664752333094041
4,27.65,24.25,0.8770343580470162
2,33.0,30.65,0.9287878787878788
8,42.95,38.05,0.8859138533178114
2,34.35,30.9,0.8995633187772926
12,35.2,30.3,0.8607954545454546
2,39.35,37.65,0.9567979669631512
6,36.35,31.7,0.8720770288858322
2,34.4,30.05,0.873546511627907
6,68.2,60.3,0.8841642228739003
6,70.9,62.2,0.8772919605077574
10,36.5,30.9,0.8465753424657534
10,96.8,81.45,0.8414256198347108
12,39.65,31.05,0.7831021437578815
4,60.7,55.4,0.9126853377265239
4,84.1,76.2,0.906064209274673
6,63.0,55.6,0.8825396825396825
6,63.0,54.75,0.8690476190476191
4,86.75,78.5,0.9048991354466859
4,54.2,51.45,0.9492619926199262
6,57.75,51.6,0.8935064935064935
4,119.6,110.2,0.9214046822742475
2,91.15,84.95,0.931980252331322
4,52.65,49.75,0.9449192782526116
12,20.85,19.25,0.9232613908872902
10,57.05,49.1,0.8606485539000877
2,140.3,130.6,0.9308624376336422
4,34.35,28.55,0.8311499272197962
6,35.35,32.0,0.9052333804809052
4,32.15,27.6,0.8584758942457231
6,58.3,53.3,0.9142367066895368
12,53.0,43.9,0.8283018867924529
8,39.15,33.1,0.8454661558109834
4,66.6,63.65,0.9557057057057057
6,121.55,111.3,0.9156725627313863
6,52.8,45.6,0.8636363636363636
10,29.1,24.6,0.845360824742268
6,61.45,54.95,0.8942229454841334
12,62.85,56.15,0.8933969769291965
6,49.1,42.1,0.8574338085539714
4,61.9,56.7,0.9159935379644588
12,21.5,18.0,0.8372093023255814
10,67.7,56.0,0.827178729689808
8,61.05,56.6,0.9271089271089271
8,43.05,36.5,0.8478513356562137
12,54.8,50.2,0.916058394160584
8,104.25,93.75,0.8992805755395683
2,58.55,52.95,0.9043552519214346
14,59.55,50.8,0.8530646515533166
4,123.45,116.9,0.9469420818144998
14,65.85,58.6,0.8899012908124525
8,39.65,35.0,0.8827238335435057
4,60.5,52.6,0.8694214876033057
8,91.15,81.05,0.8891936368623149
4,42.5,37.7,0.8870588235294118
2,33.45,30.4,0.9088191330343797
2,63.7,55.5,0.8712715855572999
12,49.5,45.1,0.9111111111111111
4,64.8,58.85,0.908179012345679
4,64.1,58.9,0.9188767550702028
8,73.4,64.3,0.8760217983651226
8,77.85,65.0,0.8349389852280026
10,45.25,41.3,0.912707182320442
4,72.4,65.65,0.9067679558011049
6,69.55,62.5,0.8986340762041697
8,46.65,40.8,0.8745980707395499
12,17.05,14.75,0.8651026392961877
10,82.25,66.65,0.8103343465045593
4,39.4,36.35,0.9225888324873096
6,57.6,54.65,0.9487847222222222
4,84.5,76.3,0.9029585798816568
6,37.55,34.1,0.9081225033288948
8,64.0,59.0,0.921875
2,54.5,50.25,0.9220183486238532
8,95.2,82.35,0.8650210084033614
4,41.3,38.0,0.9200968523002422
10,42.1,38.65,0.9180522565320665
4,49.2,42.85,0.8709349593495935
4,85.95,81.1,0.9435718440954043
4,37.1,33.2,0.894878706199461
2,77.7,71.1,0.915057915057915
4,45.6,41.45,0.9089912280701754
2,45.4,40.2,0.8854625550660793
10,91.35,81.05,0.8872468527640941
4,91.8,85.65,0.9330065359477124
4,111.3,99.05,0.889937106918239
8,71.55,62.95,0.8798043326345213
8,51.45,47.3,0.9193391642371235
6,26.5,22.3,0.8415094339622642
6,26.15,24.8,0.9483747609942639
6,38.85,34.75,0.8944658944658944
2,104.2,94.95,0.9112284069097889
10,14.45,12.5,0.8650519031141869
8,82.8,73.8,0.8913043478260869
8,38.8,33.75,0.8698453608247423
4,49.4,44.0,0.8906882591093117
12,27.2,25.1,0.9227941176470589
2,60.3,57.1,0.9469320066334992
4,134.9,112.3,0.832468495181616
14,34.15,29.95,0.87701317715959
16,84.9,68.35,0.8050647820965842
0,43.55,41.0,0.9414466130884042
4,40.35,35.75,0.885997521685254
4,89.3,81.9,0.9171332586786114
4,84.85,80.05,0.943429581614614
10,46.45,40.85,0.8794402583423035
4,84.55,73.75,0.8722649319929036
6,60.05,55.5,0.9242298084929226
10,35.5,31.75,0.8943661971830986
4,41.6,36.9,0.8870192307692307
4,98.1,81.6,0.8318042813455657
8,97.9,88.5,0.9039836567926456
6,82.0,71.35,0.8701219512195122
4,71.3,66.75,0.9361851332398317
8,23.45,20.6,0.8784648187633263
2,44.65,40.65,0.910414333706607
2,70.95,65.75,0.9267089499647639
6,39.1,34.95,0.8938618925831202
4,48.35,43.0,0.889348500517063
4,77.8,73.55,0.9453727506426736
10,31.3,27.0,0.8626198083067093
6,51.8,47.0,0.9073359073359073
6,86.35,78.0,0.903300521134916
4,52.05,45.7,0.878001921229587
4,79.75,73.3,0.9191222570532915
4,48.6,42.7,0.8786008230452675
8,29.15,25.35,0.869639794168096
4,85.85,79.55,0.9266161910308678
10,33.05,28.25,0.8547655068078669
8,22.95,19.15,0.8344226579520697
4,111.65,102.2,0.9153605015673981
18,54.65,48.5,0.8874656907593779
10,19.85,16.8,0.8463476070528967
4,102.55,91.0,0.8873720136518771
4,37.45,34.15,0.9118825100133512
14,37.85,30.9,0.8163804491413474
10,19.1,16.75,0.8769633507853403
6,59.2,53.15,0.8978040540540541
8,27.45,25.5,0.9289617486338798
10,68.9,56.95,0.8265602322206096
2,89.15,84.3,0.9455973079080202
10,20.35,18.15,0.8918918918918919
2,69.2,65.15,0.9414739884393064
8,159.2,140.7,0.8837939698492462
10,150.55,128.75,0.8551976087678512
12,16.05,12.5,0.778816199376947
8,37.25,35.5,0.9530201342281879
2,60.1,55.65,0.9259567387687188
2,53.85,48.95,0.9090064995357474
2,104.75,96.3,0.9193317422434367
10,63.6,57.95,0.9111635220125787
12,33.8,28.45,0.841715976331361
4,75.55,68.45,0.9060225016545335
2,65.05,61.35,0.9431206764027671
12,16.8,14.7,0.875
8,116.25,108.4,0.9324731182795699
14,47.3,40.85,0.8636363636363636
0,179.95,160.8,0.8935815504306752
8,57.8,52.2,0.903114186851211
8,80.55,68.25,0.8472998137802608
2,39.0,36.0,0.9230769230769231
6,36.15,32.65,0.9031811894882434
8,31.7,27.1,0.8548895899053628
2,77.3,68.95,0.8919793014230272
8,38.65,36.5,0.944372574385511
8,76.3,70.7,0.926605504587156
4,42.0,37.95,0.9035714285714286
6,26.6,25.5,0.9586466165413534
4,51.6,44.95,0.8711240310077519
10,49.35,39.8,0.806484295845998
4,62.65,54.45,0.8691141260973663
10,38.45,33.05,0.8595578673602081
10,44.45,37.9,0.8526434195725534
14,25.35,22.0,0.8678500986193294
10,118.75,97.85,0.824
2,25.5,24.6,0.9647058823529412
2,52.35,46.5,0.8882521489971347
4,74.5,67.25,0.9026845637583892
2,61.1,58.8,0.9623567921440261
10,44.45,41.05,0.9235095613048369
10,38.3,33.75,0.881201044386423
0,12.6,10.75,0.8531746031746031
8,58.0,53.65,0.925
0,46.65,44.4,0.9517684887459807
12,60.95,53.0,0.8695652173913043
4,30.95,26.45,0.8546042003231018
14,37.3,30.3,0.8123324396782842
2,108.35,94.45,0.8717120443008768
2,95.85,86.9,0.9066249347939489
4,68.55,64.45,0.9401896425966448
8,45.25,39.3,0.8685082872928177
6,39.3,33.75,0.8587786259541985
6,30.25,28.05,0.9272727272727272
12,78.55,67.6,0.8605983450031827
10,39.5,32.15,0.8139240506329114
8,66.55,60.25,0.9053343350864012
10,19.15,16.2,0.8459530026109661
0,58.75,51.6,0.8782978723404256
4,71.7,60.6,0.8451882845188284
2,126.3,115.4,0.9136975455265242
2,46.7,38.15,0.816916488222698
12,44.95,40.55,0.9021134593993326
4,40.05,34.45,0.8601747815230961
4,111.65,99.95,0.8952082400358262
2,104.85,96.15,0.9170243204577968
12,153.45,123.2,0.8028673835125448
4,70.35,61.75,0.8777540867093105
6,71.3,65.2,0.9144460028050491
8,37.15,31.75,0.8546433378196501
6,72.0,63.9,0.8875
6,59.25,51.8,0.8742616033755274
4,45.65,39.75,0.8707557502738226
4,65.55,59.65,0.9099923722349351
12,34.35,29.05,0.8457059679767104
2,69.4,66.25,0.9546109510086456
10,29.35,23.75,0.8091993185689949
2,35.8,33.1,0.9245810055865922
8,25.2,22.1,0.876984126984127
2,67.6,61.65,0.9119822485207101
12,38.85,33.7,0.8674388674388674
4,82.5,75.5,0.9151515151515152
8,61.45,52.6,0.8559804719283971
6,136.95,121.75,0.8890105878057686
4,76.45,68.0,0.8894702419882276
8,38.1,33.55,0.8805774278215223
10,60.2,52.65,0.8745847176079734
6,58.55,50.05,0.8548249359521777
2,112.2,103.8,0.9251336898395722
10,21.7,19.1,0.880184331797235
4,117.4,108.95,0.9280238500851788
4,59.05,53.15,0.9000846740050804
2,51.6,47.8,0.9263565891472868
8,101.65,94.3,0.9276930644367929
4,39.15,35.5,0.9067688378033205
10,17.3,14.85,0.8583815028901735
2,24.45,22.2,0.9079754601226994
10,37.7,34.85,0.9244031830238727
6,24.15,20.95,0.8674948240165632
6,45.65,42.35,0.927710843373494
2,75.5,67.9,0.8993377483443709
12,41.35,33.95,0.8210399032648126
6,164.45,146.1,0.8884159318941928
8,41.25,38.1,0.9236363636363636
8,112.15,97.3,0.8675880517164511
4,27.25,24.75,0.908256880733945
10,40.45,37.25,0.9208899876390606
2,48.25,44.65,0.9253886010362694
2,85.05,79.3,0.932392710170488
8,34.9,30.9,0.8853868194842407
2,44.2,40.65,0.919683257918552
8,60.15,55.05,0.9152119700748129
8,41.25,38.35,0.9296969696969697
6,48.55,43.45,0.8949536560247168
8,94.85,79.75,0.8408012651555087
2,68.55,63.95,0.9328956965718453
4,104.7,96.55,0.9221585482330468
8,92.2,82.95,0.8996746203904555
8,54.65,49.75,0.9103385178408051
4,28.45,24.95,0.8769771528998243
2,123.75,116.9,0.9446464646464646
8,44.8,38.2,0.8526785714285714
6,74.55,65.15,0.8739101274312542
2,131.05,119.0,0.9080503624570775
8,31.2,26.2,0.8397435897435898
4,60.25,52.65,0.8738589211618257
4,66.55,60.85,0.9143501126972201
6,44.55,40.15,0.9012345679012346
6,110.7,103.4,0.934056007226739
12,65.1,58.8,0.9032258064516129
4,46.1,43.2,0.9370932754880694
8,26.1,21.05,0.8065134099616859
6,29.9,26.0,0.8695652173913043
6,94.1,85.9,0.9128586609989373
6,64.0,57.05,0.89140625
10,59.0,49.45,0.838135593220339
2,79.65,72.15,0.9058380414312618
6,98.9,88.35,0.8933265925176946
16,49.3,43.5,0.8823529411764706
2,58.25,53.7,0.9218884120171674
4,21.95,19.7,0.89749430523918
12,17.8,14.95,0.8398876404494382
12,53.7,43.7,0.813780260707635
6,30.05,26.0,0.8652246256239601
12,16.85,14.1,0.8367952522255193
6,31.65,30.05,0.9494470774091627
4,30.75,26.85,0.8731707317073171
4,60.6,54.75,0.9034653465346535
6,16.0,13.25,0.828125
8,52.95,40.9,0.7724268177525968
12,23.8,21.0,0.8823529411764706
2,64.3,59.75,0.9292379471228616
14,22.0,18.25,0.8295454545454546
8,46.65,41.45,0.8885316184351554
2,52.05,47.95,0.9212295869356388
8,54.3,48.15,0.8867403314917127
12,64.9,59.65,0.9191063174114021
0,85.0,80.25,0.9441176470588235
4,100.55,91.1,0.9060169070114371
2,52.45,49.75,0.9485224022878932
0,75.5,67.2,0.8900662251655629
6,48.1,43.8,0.9106029106029107
2,59.15,52.5,0.8875739644970414
2,57.2,50.7,0.8863636363636364
2,62.35,56.8,0.9109863672814755
2,42.0,36.55,0.8702380952380953
4,69.25,63.2,0.9126353790613718
4,56.4,51.45,0.9122340425531915
8,31.6,27.35,0.865506329113924
6,33.55,30.75,0.9165424739195231
6,71.1,67.25,0.9458509142053446
10,30.85,23.85,0.773095623987034
4,77.45,73.05,0.9431891542930924
8,20.05,17.75,0.885286783042394
12,52.85,47.05,0.8902554399243141
0,49.1,44.7,0.9103869653767821
2,114.6,106.2,0.9267015706806283
4,30.15,27.7,0.9187396351575456
6,53.2,45.7,0.8590225563909775
6,72.2,59.85,0.8289473684210527
4,52.5,47.65,0.9076190476190477
10,58.9,51.15,0.868421052631579
8,42.4,39.5,0.9316037735849056
6,56.2,47.4,0.8434163701067615
2,53.25,50.6,0.9502347417840376
8,31.9,28.85,0.9043887147335423
6,39.9,35.75,0.8959899749373433
4,31.25,29.15,0.9328
4,55.0,49.15,0.8936363636363637
6,51.15,46.15,0.9022482893450635
0,29.65,27.75,0.9359190556492412
8,54.1,46.95,0.8678373382624769
8,31.35,28.15,0.89792663476874
6,68.25,64.5,0.945054945054945
10,29.4,25.95,0.8826530612244898
6,34.5,30.5,0.8840579710144928
4,10.85,8.45,0.7788018433179723
4,50.3,42.35,0.841948310139165
14,22.25,20.65,0.9280898876404494
4,116.45,104.9,0.9008158007728639
2,47.6,46.2,0.9705882352941176
6,60.7,53.75,0.8855024711696869
8,65.25,55.9,0.8567049808429119
2,64.3,58.25,0.9059097978227061
4,20.25,17.1,0.8444444444444444
0,150.65,143.0,0.949220046465317
2,56.6,51.25,0.9054770318021201
0,67.65,62.65,0.9260901699926091
4,54.75,51.05,0.9324200913242009
2,62.9,58.6,0.931637519872814
10,13.05,12.0,0.9195402298850575
8,18.95,16.9,0.8918205804749341
12,81.25,74.15,0.9126153846153846
8,57.6,52.25,0.9071180555555556
4,41.65,36.5,0.8763505402160864
2,50.55,47.05,0.9307616221562809
12,20.8,18.45,0.8870192307692307
2,24.4,22.15,0.9077868852459017
14,81.4,65.8,0.8083538083538083
10,53.6,45.95,0.8572761194029851
4,85.35,79.95,0.9367311072056239
12,48.25,38.1,0.7896373056994819
6,22.9,21.3,0.9301310043668122
8,34.4,29.85,0.8677325581395349
10,54.2,49.4,0.9114391143911439
8,89.8,83.65,0.9315144766146993
2,73.05,68.95,0.9438740588637919
16,72.25,64.75,0.8961937716262975
16,68.85,58.0,0.8424110384894699
2,30.45,28.55,0.9376026272577996
8,85.4,75.3,0.8817330210772834
2,74.6,69.35,0.9296246648793566
4,83.55,76.95,0.9210053859964094
2,58.3,52.75,0.9048027444253859
12,48.05,43.8,0.9115504682622269
6,31.05,26.4,0.8502415458937198
6,106.4,91.6,0.8609022556390977
0,62.95,59.7,0.9483717235901509
4,41.2,39.6,0.9611650485436893
6,74.3,63.5,0.8546433378196501
8,45.6,39.8,0.8728070175438597
0,55.3,50.55,0.9141048824593129
8,99.55,79.3,0.7965846308387745
6,49.3,45.3,0.9188640973630832
8,58.7,53.5,0.9114139693356048
8,53.5,47.2,0.8822429906542056
2,63.05,60.55,0.9603489294210944
2,33.95,28.9,0.8512518409425626
4,61.45,57.0,0.9275834011391375
2,108.35,97.45,0.8994000922934933
6,69.15,62.65,0.9060014461315979
14,15.9,13.75,0.8647798742138365
6,41.35,36.3,0.8778718258766627
2,99.7,92.65,0.9292878635907723
14,37.3,32.6,0.8739946380697051
4,64.65,60.5,0.9358081979891725
2,65.4,60.2,0.9204892966360856
2,82.25,72.8,0.8851063829787233
10,51.0,40.45,0.7931372549019607
8,58.4,54.55,0.9340753424657534
10,40.7,36.3,0.8918918918918919
4,58.55,53.85,0.9197267292912041
0,32.15,30.8,0.9580093312597201
2,40.1,35.15,0.8765586034912718
0,69.9,67.75,0.969241773962804
8,20.6,18.55,0.9004854368932039
12,55.05,45.85,0.8328792007266121
4,72.95,68.25,0.9355723098012337
2,70.9,63.9,0.9012693935119888
8,47.5,43.6,0.9178947368421052
14,23.75,18.6,0.783157894736842
8,63.25,58.55,0.9256916996047431
10,27.65,21.1,0.7631103074141049
6,29.55,27.05,0.9153976311336718
4,19.2,17.8,0.9270833333333334
2,29.2,26.6,0.910958904109589
2,49.75,45.15,0.907537688442211
12,15.4,12.6,0.8181818181818182
12,29.45,24.8,0.8421052631578947
8,50.65,44.75,0.8835143139190523
4,19.25,17.35,0.9012987012987013
14,42.5,38.2,0.8988235294117647
4,41.05,38.65,0.9415347137637028
10,52.6,44.25,0.841254752851711
4,62.8,59.35,0.9450636942675159
2,31.2,28.85,0.9246794871794872
10,27.75,24.1,0.8684684684684685
10,23.75,19.6,0.8252631578947368
8,60.85,55.75,0.9161873459326212
2,89.75,79.85,0.8896935933147633
10,50.05,40.2,0.8031968031968032
8,41.9,35.45,0.8460620525059666
2,66.25,61.5,0.9283018867924528
8,66.9,58.35,0.8721973094170403
4,159.55,148.7,0.9319962394233783
4,26.75,24.4,0.9121495327102803
10,15.5,13.7,0.8838709677419355
4,86.45,83.5,0.9658762290341237
2,58.2,56.05,0.9630584192439863
4,93.65,84.7,0.9044313934863855
6,44.6,40.2,0.9013452914798207
0,72.45,68.4,0.9440993788819876
6,42.15,35.9,0.8517200474495848
4,52.1,46.25,0.8877159309021113
14,31.7,24.65,0.777602523659306
0,71.0,68.85,0.969718309859155
10,67.1,60.2,0.8971684053651267
12,13.45,12.0,0.8921933085501859
8,58.8,53.25,0.9056122448979592
2,146.5,137.15,0.9361774744027304
14,43.4,34.0,0.783410138248848
2,142.35,133.0,0.9343168247277837
4,23.1,19.45,0.841991341991342
6,42.8,39.25,0.9170560747663551
10,88.1,78.35,0.8893303064699205
10,72.15,61.15,0.8475398475398476
12,82.45,71.25,0.8641600970285022
4,58.6,54.0,0.9215017064846417
6,30.65,24.65,0.8042414355628059
8,32.2,30.0,0.9316770186335404
4,47.6,44.15,0.9275210084033614
6,10.1,7.55,0.7475247524752475
2,51.7,44.95,0.8694390715667312
6,49.25,44.2,0.8974619289340101
6,34.05,30.4,0.8928046989720999
4,73.05,65.9,0.9021218343600274
6,29.95,28.1,0.9382303839732888
14,13.75,12.25,0.8909090909090909
6,46.45,43.75,0.9418729817007535
6,93.05,81.85,0.8796346050510478
6,93.3,88.6,0.9496248660235799
4,101.0,88.7,0.8782178217821782
10,24.8,19.45,0.7842741935483871
8,45.75,40.15,0.8775956284153006
6,67.25,58.6,0.8713754646840148
12,73.75,61.15,0.8291525423728814
20,8.45,7.1,0.8402366863905325
6,23.55,19.75,0.8386411889596603
6,56.75,51.95,0.9154185022026432
2,41.0,36.7,0.8951219512195122
4,40.8,38.65,0.9473039215686274
6,51.1,45.8,0.8962818003913894
6,37.95,34.9,0.919631093544137
8,77.95,65.7,0.8428479794740218
6,30.9,28.05,0.9077669902912622
12,35.8,30.45,0.8505586592178771
2,97.5,90.4,0.9271794871794872
12,28.15,26.95,0.9573712255772646
2,46.55,44.75,0.9613319011815252
6,57.8,52.1,0.9013840830449827
2,133.5,121.4,0.9093632958801499
4,77.6,72.65,0.9362113402061856
6,37.35,32.3,0.8647925033467202
10,73.0,61.25,0.839041095890411
16,46.55,38.05,0.8174006444683136
4,59.15,54.2,0.9163144547759933
6,27.0,24.0,0.8888888888888888
6,65.3,60.05,0.9196018376722818
4,97.15,92.45,0.9516212043232115
2,32.65,30.8,0.9433384379785605
2,33.55,31.7,0.9448584202682563
12,47.9,43.1,0.8997912317327766
2,88.35,80.75,0.9139784946236559
10,27.6,24.7,0.894927536231884
4,45.85,38.6,0.8418756815703381
6,28.8,26.15,0.9079861111111112
6,87.45,81.35,0.9302458547741567
2,68.05,64.35,0.9456282145481264
4,39.1,37.55,0.9603580562659847
4,29.25,26.45,0.9042735042735043
6,29.25,26.95,0.9213675213675213
12,20.6,17.7,0.8592233009708737
2,120.15,113.75,0.9467332501040366
6,55.0,47.7,0.8672727272727273
10,69.65,62.65,0.8994974874371859
2,29.15,27.65,0.9485420240137221
8,44.85,41.5,0.9253065774804905
4,45.4,41.0,0.9030837004405287
2,104.65,98.1,0.9374104156712852
6,19.65,17.55,0.8931297709923665
8,34.55,29.1,0.8422575976845152
10,26.15,24.45,0.9349904397705545
4,40.9,35.85,0.8765281173594132
8,27.95,24.75,0.8855098389982111
6,34.0,30.95,0.9102941176470588
12,23.4,21.0,0.8974358974358975
10,40.0,34.9,0.8725
4,60.35,51.45,0.8525269262634632
8,52.15,46.0,0.8820709491850431
10,48.8,42.65,0.8739754098360656
6,53.5,49.0,0.9158878504672897
2,62.65,56.9,0.9082202713487629
6,38.45,35.15,0.9141742522756827
6,50.7,44.85,0.8846153846153846
10,82.75,67.7,0.8181268882175227
8,45.1,36.05,0.7993348115299335
2,36.05,30.2,0.8377253814147018
4,97.95,90.15,0.9203675344563553
4,46.7,42.25,0.9047109207708779
10,62.65,59.85,0.9553072625698324
4,76.25,69.05,0.9055737704918033
4,42.25,38.6,0.9136094674556213
4,60.1,52.65,0.8760399334442596
6,71.05,62.75,0.8831808585503167
10,73.1,66.15,0.9049247606019152
4,28.6,26.05,0.9108391608391608
4,73.8,66.5,0.9010840108401084
4,56.55,50.9,0.9000884173297966
14,27.25,21.1,0.7743119266055046
6,74.65,66.5,0.8908238446081714
12,54.55,44.6,0.8175985334555453
10,83.3,69.65,0.8361344537815126
6,32.1,29.05,0.9049844236760125
4,111.35,100.95,0.9066008082622362
12,41.05,37.15,0.904993909866017
6,38.15,35.75,0.9370904325032765
10,44.45,36.95,0.8312710911136107
14,53.7,47.75,0.8891992551210428
4,64.35,58.35,0.9067599067599068
14,33.05,26.9,0.8139183055975794
2,63.75,59.85,0.9388235294117647
10,135.4,124.05,0.9161742983751846
6,54.9,48.9,0.8907103825136612
2,60.4,56.05,0.9279801324503312
4,33.45,29.0,0.866965620328849
2,89.75,84.9,0.9459610027855153
8,96.45,88.25,0.9149818558838777
6,74.9,64.65,0.863150867823765
6,55.7,49.2,0.8833034111310593
6,47.95,43.9,0.9155370177267987
10,15.0,13.45,0.8966666666666666
8,48.8,43.6,0.8934426229508197
6,45.15,40.65,0.9003322259136213
10,32.45,27.3,0.8412942989214176
8,67.4,58.65,0.8701780415430267
10,36.25,31.4,0.8662068965517241
4,23.75,20.1,0.8463157894736842
0,17.9,16.5,0.9217877094972067
6,69.8,61.75,0.8846704871060171
2,55.75,51.0,0.9147982062780269
4,85.2,76.05,0.8926056338028169
4,53.35,45.6,0.8547328959700093
4,50.65,44.35,0.8756169792694966
10,172.9,154.0,0.8906882591093117
4,75.65,68.1,0.900198281559815
10,23.05,20.45,0.8872017353579176
0,57.8,53.1,0.9186851211072664
10,81.5,69.1,0.8478527607361963
2,299.35,262.9,0.8782361783865041
14,20.95,17.1,0.8162291169451074
2,68.0,62.0,0.9117647058823529
8,49.4,44.2,0.8947368421052632
8,32.1,30.35,0.9454828660436138
2,57.3,54.15,0.9450261780104712
6,56.7,51.4,0.9065255731922398
6,64.85,56.6,0.8727833461835004
10,39.55,35.2,0.8900126422250316
4,61.05,53.7,0.8796068796068796
2,66.8,62.15,0.9303892215568862
0,41.5,37.6,0.9060240963855422
6,130.45,121.25,0.9294748945956305
10,53.85,48.25,0.8960074280408542
4,59.1,51.5,0.871404399323181
4,32.3,28.6,0.8854489164086687
0,92.6,86.75,0.9368250539956804
10,65.1,58.5,0.8986175115207373
12,85.05,72.45,0.8518518518518519
16,37.8,34.55,0.9140211640211641
6,70.15,62.2,0.8866714183891661
6,43.2,38.85,0.8993055555555556
8,79.2,67.25,0.8491161616161617
6,46.9,39.6,0.8443496801705757
12,73.1,63.7,0.8714090287277702
4,46.05,40.25,0.8740499457111836
4,62.25,54.85,0.8811244979919679
4,45.5,41.6,0.9142857142857143
4,61.5,57.2,0.9300813008130081
4,48.25,44.45,0.9212435233160622
14,39.25,34.75,0.8853503184713376
8,63.4,55.3,0.8722397476340694
4,78.6,73.65,0.9370229007633588
8,25.3,22.8,0.9011857707509882
4,36.15,33.0,0.9128630705394191
8,83.5,71.1,0.8514970059880239
4,89.8,80.85,0.9003340757238307
10,53.6,48.0,0.8955223880597015
6,83.15,75.2,0.9043896572459411
8,51.4,42.65,0.8297665369649806
10,73.55,61.45,0.8354860639021074
2,138.7,129.25,0.9318673395818313
8,46.3,41.45,0.8952483801295896
10,35.3,32.7,0.9263456090651558
16,60.15,49.25,0.8187863674147964
8,38.4,36.55,0.9518229166666666
4,32.2,28.5,0.8850931677018633
6,63.1,54.55,0.8645007923930269
12,97.35,85.15,0.8746789933230611
4,44.65,41.35,0.9260918253079508
6,33.9,28.8,0.8495575221238938
8,46.2,38.85,0.8409090909090909
12,97.5,83.5,0.8564102564102564
12,18.2,15.95,0.8763736263736264
16,45.4,35.85,0.789647577092511
10,66.55,59.95,0.9008264462809917
12,24.85,22.1,0.8893360160965795
4,29.25,25.5,0.8717948717948718
6,57.75,52.3,0.9056277056277057
2,70.8,64.55,0.911723163841808
10,53.6,49.75,0.9281716417910447
8,63.7,53.7,0.8430141287284144
6,87.4,77.8,0.8901601830663616
2,46.45,43.15,0.9289558665231432
10,26.45,23.6,0.8922495274102079
4,24.6,22.8,0.926829268292683
8,69.8,62.2,0.8911174785100286
0,76.95,71.2,0.9252761533463287
6,86.95,76.35,0.878090856814261
6,95.95,84.55,0.8811881188118812
0,75.6,71.05,0.9398148148148148
8,28.65,25.75,0.8987783595113438
4,56.15,52.8,0.9403383793410508
8,27.1,23.4,0.8634686346863468
8,40.9,36.7,0.8973105134474327
10,26.05,22.6,0.8675623800383877
16,30.2,28.0,0.9271523178807947
4,83.95,72.05,0.8582489577129243
4,70.4,61.2,0.8693181818181818
6,51.1,46.0,0.9001956947162426
6,76.0,69.25,0.9111842105263158
8,33.45,29.4,0.8789237668161435
12,44.35,38.0,0.8568207440811725
0,25.1,23.8,0.9482071713147411
2,112.05,105.9,0.9451137884872824
0,68.6,66.25,0.9657434402332361
0,137.9,127.5,0.9245830311820159
2,29.65,26.65,0.8988195615514334
6,93.05,78.0,0.8382590005373455
6,79.2,72.65,0.9172979797979798
12,116.8,98.6,0.8441780821917808
6,19.85,16.85,0.8488664987405542
10,52.95,44.9,0.8479697828139755
8,24.25,21.45,0.8845360824742268
18,39.3,35.0,0.8905852417302799
2,37.35,34.85,0.9330655957161981
6,42.6,37.65,0.8838028169014085
2,68.45,64.4,0.9408327246165084
2,81.8,79.1,0.9669926650366748
4,41.95,37.65,0.8974970202622169
4,108.0,100.0,0.9259259259259259
2,100.4,91.55,0.9118525896414342
4,70.45,65.3,0.9268985095812633
4,54.35,51.3,0.9438822447102115
6,102.65,94.15,0.9171943497320993
4,76.15,63.4,0.8325673013788575
4,91.95,84.45,0.9184339314845025
2,96.85,89.85,0.9277232834279814
0,63.35,58.7,0.9265982636148382
2,74.0,68.3,0.922972972972973
10,32.3,25.65,0.7941176470588235
6,26.05,23.25,0.8925143953934741
4,76.8,70.25,0.9147135416666666
8,68.8,60.4,0.877906976744186
6,87.6,76.7,0.8755707762557078
6,16.5,13.45,0.8151515151515152
18,35.05,27.0,0.7703281027104137
6,47.65,42.9,0.9003147953830011
2,80.7,77.8,0.9640644361833953
4,18.15,17.4,0.9586776859504132
4,63.65,57.45,0.9025923016496465
10,24.0,20.95,0.8729166666666667
6,33.75,30.45,0.9022222222222223
6,53.25,46.6,0.8751173708920188
6,76.25,67.2,0.8813114754098361
2,26.2,24.5,0.9351145038167938
2,88.4,84.9,0.9604072398190046
2,135.35,123.9,0.9154045068341338
4,50.0,42.2,0.844
2,105.3,94.45,0.8969610636277303
14,49.5,40.35,0.8151515151515152
4,105.3,97.1,0.9221272554605888
14,66.95,55.55,0.8297236743838685
6,46.5,40.8,0.8774193548387097
4,106.5,99.95,0.9384976525821597
2,66.7,59.25,0.8883058470764618
10,55.4,47.65,0.8601083032490975
12,50.4,42.65,0.8462301587301587
8,83.85,72.55,0.8652355396541443
16,50.65,41.25,0.8144126357354393
4,50.5,44.15,0.8742574257425743
2,65.75,62.3,0.9475285171102662
14,54.7,44.55,0.8144424131627057
10,41.6,36.25,0.8713942307692307
0,67.1,64.15,0.9560357675111774
6,43.05,38.7,0.8989547038327527
6,32.25,28.75,0.8914728682170543
6,44.75,37.45,0.8368715083798882
4,51.2,46.75,0.9130859375
14,18.6,15.7,0.8440860215053764
6,63.7,53.9,0.8461538461538461
10,25.1,21.0,0.8366533864541833
6,68.25,60.8,0.8908424908424909
4,27.8,25.7,0.9244604316546763
10,33.7,30.35,0.900593471810089
6,83.6,74.05,0.8857655502392344
2,35.5,32.25,0.9084507042253521
0,58.9,54.45,0.9244482173174873
8,46.2,42.55,0.920995670995671
12,47.65,40.7,0.8541448058761805
2,51.6,47.15,0.9137596899224806
6,28.85,26.5,0.9185441941074524
2,91.65,87.15,0.9509001636661211
0,51.65,47.95,0.9283639883833494
2,113.3,107.2,0.9461606354810238
6,48.75,43.85,0.8994871794871795
4,41.15,36.95,0.8979343863912516
4,30.8,29.2,0.948051948051948
2,40.4,37.55,0.9294554455445545
4,108.45,94.55,0.871830336560627
2,44.3,36.6,0.8261851015801355
4,87.2,75.7,0.8681192660550459
10,103.95,88.1,0.8475228475228476
8,43.5,39.3,0.903448275862069
10,29.25,25.85,0.8837606837606837
10,37.4,32.55,0.8703208556149733
0,81.65,75.65,0.9265156154317208
8,48.7,44.9,0.9219712525667351
8,22.3,20.35,0.9125560538116592
4,72.4,59.65,0.8238950276243094
4,41.7,38.55,0.9244604316546763
8,46.7,42.0,0.8993576017130621
2,181.35,168.05,0.926661152467604
6,92.0,75.5,0.8206521739130435
10,39.1,32.05,0.819693094629156
12,39.8,35.55,0.8932160804020101
8,43.65,40.55,0.9289805269186713
6,28.25,25.05,0.8867256637168142
10,24.75,22.65,0.9151515151515152
0,90.7,85.7,0.9448732083792724
8,94.6,84.0,0.8879492600422833
6,54.1,49.8,0.9205175600739371
4,68.45,62.2,0.9086924762600438
6,36.35,31.2,0.8583218707015131
6,20.45,18.15,0.8875305623471883
4,50.2,46.1,0.9183266932270916
0,34.65,30.8,0.8888888888888888
0,36.4,33.2,0.9120879120879121
0,47.7,42.35,0.8878406708595388
4,136.65,126.55,0.9260885473838273
8,61.7,56.4,0.9141004862236629
6,32.05,29.7,0.9266770670826833
4,39.0,35.5,0.9102564102564102
2,40.8,37.7,0.9240196078431373
2,36.8,31.45,0.8546195652173914
12,16.15,14.4,0.891640866873065
6,32.95,28.25,0.8573596358118362
8,42.0,36.45,0.8678571428571429
10,69.3,62.15,0.8968253968253969
4,56.2,51.85,0.9225978647686833
2,41.5,38.85,0.936144578313253
10,31.35,27.8,0.886762360446571
6,99.55,86.65,0.8704168759417378
4,76.0,70.3,0.925
4,106.2,93.0,0.8757062146892656
6,63.7,56.25,0.8830455259026687
4,101.9,93.5,0.9175662414131501
8,59.2,52.95,0.8944256756756757
6,106.2,97.6,0.9190207156308852
8,88.65,79.75,0.8996051889452905
8,43.4,39.0,0.8986175115207373
2,94.15,85.6,0.9091874668082847
2,116.6,106.9,0.9168096054888508
8,48.45,44.6,0.9205366357069144
4,28.65,26.55,0.9267015706806283
2,143.2,132.55,0.9256284916201117
2,43.85,41.4,0.9441277080957811
6,85.7,71.9,0.838973162193699
0,17.1,15.8,0.9239766081871345
10,79.4,71.6,0.9017632241813602
4,51.3,44.9,0.8752436647173489
0,162.7,148.35,0.91180086047941
4,9.85,9.05,0.9187817258883249
0,94.3,89.25,0.9464475079533404
10,47.7,43.05,0.9025157232704403
4,34.0,29.85,0.8779411764705882
8,52.85,47.35,0.8959318826868495
6,50.8,46.45,0.9143700787401575
8,28.05,25.5,0.9090909090909091
6,51.7,47.8,0.9245647969052224
4,31.25,27.8,0.8896
2,89.6,80.4,0.8973214285714286
6,47.45,41.65,0.8777660695468915
6,40.95,38.8,0.9474969474969475
6,33.65,29.9,0.888558692421991
6,77.85,69.55,0.8933847141939627
2,72.0,66.5,0.9236111111111112
6,41.4,38.15,0.9214975845410628
2,115.5,109.0,0.9437229437229437
2,73.9,70.15,0.949255751014885
8,50.5,42.5,0.8415841584158416
4,42.1,37.55,0.8919239904988123
2,76.8,67.3,0.8763020833333334
8,40.45,34.6,0.8553770086526576
14,28.8,25.05,0.8697916666666666
2,27.3,24.05,0.8809523809523809
4,42.15,37.3,0.8849347568208779
10,40.75,36.25,0.8895705521472392
6,28.5,26.15,0.9175438596491228
4,29.55,27.85,0.9424703891708968
12,23.7,19.45,0.820675105485232
2,112.15,103.35,0.9215336602764155
2,106.4,102.75,0.9656954887218046
6,27.45,25.85,0.941712204007286
2,79.3,74.25,0.9363177805800756
10,66.35,60.7,0.9148455162019593
8,25.6,23.25,0.908203125
2,40.8,37.5,0.9191176470588235
2,36.45,33.45,0.9176954732510288
6,111.15,104.6,0.9410706252811516
6,32.05,29.2,0.9110764430577223
4,62.75,57.3,0.9131474103585657
4,56.9,53.75,0.9446397188049209
4,21.15,19.9,0.9408983451536643
6,177.15,151.25,0.8537962178944397
6,31.95,24.75,0.7746478873239436
10,65.05,58.75,0.90315142198309
2,47.65,41.65,0.8740818467995802
6,79.65,71.25,0.8945386064030132
2,78.9,72.3,0.9163498098859315
4,65.25,53.35,0.8176245210727969
6,76.65,67.75,0.8838878016960209
2,42.4,38.25,0.902122641509434
6,91.05,80.7,0.886326194398682
4,129.75,108.95,0.8396917148362235
4,112.55,99.55,0.8844957796534874
2,32.25,29.55,0.9162790697674419
8,90.25,81.75,0.9058171745152355
4,65.2,60.3,0.9248466257668712
14,42.5,38.05,0.8952941176470588
4,91.85,86.85,0.9455634186173109
6,67.5,65.5,0.9703703703703703
2,63.85,55.65,0.8715740015661707
4,69.4,57.4,0.8270893371757925
0,171.5,162.0,0.9446064139941691
4,37.6,34.0,0.9042553191489362
2,26.05,23.05,0.8848368522072937
8,49.5,42.2,0.8525252525252526
10,43.2,39.2,0.9074074074074074
12,68.6,64.1,0.934402332361516
10,10.4,9.75,0.9375
6,24.8,21.75,0.8770161290322581
6,42.15,38.05,0.9027283511269276
4,38.85,36.05,0.9279279279279279
6,56.4,48.65,0.8625886524822695
4,80.55,69.2,0.8590937306021105
14,76.35,68.6,0.8984937786509496
12,102.65,89.0,0.8670238675109596
8,51.6,45.4,0.8798449612403101
6,53.3,43.35,0.8133208255159474
14,24.4,19.05,0.7807377049180327
0,108.05,101.25,0.9370661730680241
4,40.85,38.55,0.9436964504283966
10,92.95,79.15,0.8515330823023131
12,48.15,41.0,0.8515057113187954
6,58.65,53.25,0.907928388746803
2,56.4,55.85,0.9902482269503546
12,23.95,19.8,0.826722338204593
2,36.3,33.6,0.9256198347107438
0,92.65,85.65,0.9244468429573665
12,37.9,32.3,0.8522427440633246
2,44.1,40.35,0.9149659863945578
6,53.9,49.3,0.9146567717996289
8,60.55,53.65,0.8860445912469034
8,49.0,44.55,0.9091836734693878
8,59.85,53.0,0.885547201336675
8,72.6,67.45,0.9290633608815427
2,101.3,92.25,0.9106614017769002
8,26.4,23.0,0.8712121212121212
12,31.2,27.95,0.8958333333333334
6,45.7,40.0,0.87527352297593
6,62.95,57.0,0.9054805401111994
6,76.0,68.6,0.9026315789473685
12,96.15,86.5,0.8996359854394176
4,77.4,69.65,0.8998708010335917
2,119.8,113.35,0.9461602671118531
8,54.15,48.4,0.8938134810710988
6,25.7,21.45,0.8346303501945526
10,53.7,42.55,0.792364990689013
10,37.4,32.1,0.8582887700534759
4,90.9,85.3,0.9383938393839384
2,20.75,17.45,0.8409638554216867
14,44.35,35.45,0.7993235625704622
2,59.55,56.75,0.9529806884970613
6,52.45,46.45,0.8856053384175405
4,34.85,31.15,0.8938307030129125
2,145.35,129.15,0.8885448916408669
10,46.8,40.85,0.8728632478632479
6,78.7,70.8,0.8996188055908514
6,35.9,32.05,0.8927576601671309
4,120.8,102.4,0.847682119205298
4,96.5,88.4,0.9160621761658031
14,23.75,20.65,0.8694736842105263
10,59.45,53.05,0.8923465096719932
4,86.3,79.2,0.9177288528389339
6,43.5,40.85,0.9390804597701149
16,91.95,74.15,0.8064165307232192
2,77.4,72.15,0.9321705426356589
8,57.55,50.45,0.8766290182450044
4,84.45,78.7,0.9319123741859088
4,43.2,39.7,0.9189814814814815
6,33.8,31.05,0.9186390532544378
8,90.1,78.2,0.8679245283018868
2,38.85,36.15,0.9305019305019305
8,51.75,46.1,0.8908212560386474
12,28.15,25.05,0.8898756660746003
8,70.85,64.75,0.9139026111503176
4,51.05,46.15,0.9040156709108716
8,73.0,64.0,0.8767123287671232
8,49.35,44.9,0.9098277608915907
10,83.75,75.85,0.9056716417910448
8,67.55,60.65,0.8978534418948927
6,24.65,22.1,0.896551724137931
12,106.15,88.9,0.8374941121055111
2,16.45,14.0,0.851063829787234
4,82.8,77.85,0.9402173913043478
4,89.25,82.65,0.9260504201680673
4,98.9,92.15,0.9317492416582407
10,43.0,38.2,0.8883720930232558
4,14.7,12.6,0.8571428571428571
4,41.45,36.35,0.8769601930036188
2,85.65,77.85,0.9089316987740805
