rf,total_quartet,correct_quartet,correct_prop
2,135.05,127.1,0.9411329137356534
4,108.95,101.05,0.9274896741624599
0,80.35,74.85,0.9315494710640946
6,133.15,114.55,0.8603079233946677
8,89.2,78.85,0.8839686098654709
6,93.8,87.45,0.9323027718550106
4,169.35,158.25,0.9344552701505757
0,96.1,90.55,0.9422476586888657
0,115.15,106.95,0.9287885366912723
4,65.3,61.0,0.9341500765696784
6,123.3,119.9,0.9724249797242498
4,99.45,91.5,0.9200603318250377
6,83.45,73.55,0.8813660874775314
2,77.9,72.6,0.9319640564826701
8,98.05,81.85,0.8347781744008159
8,92.0,85.8,0.9326086956521739
6,58.85,54.65,0.9286321155480034
2,143.3,136.8,0.9546406140963015
8,60.1,49.85,0.829450915141431
4,73.05,68.55,0.9383983572895277
8,39.75,35.35,0.889308176100629
6,60.5,56.3,0.9305785123966942
4,53.7,50.15,0.9338919925512105
2,105.8,100.2,0.947069943289225
6,91.15,82.1,0.9007131102578168
2,98.25,95.25,0.9694656488549618
6,101.55,91.6,0.9020187099950763
6,76.05,65.3,0.8586456278763971
8,63.6,57.6,0.9056603773584906
10,30.6,29.35,0.9591503267973857
2,91.35,88.2,0.9655172413793104
4,61.4,53.75,0.8754071661237784
2,69.65,65.05,0.9339554917444365
6,99.0,94.9,0.9585858585858585
4,151.25,139.2,0.9203305785123967
8,137.2,126.35,0.9209183673469388
8,11.45,9.85,0.8602620087336245
20,61.55,54.55,0.8862713241267263
4,106.85,94.7,0.8862891904539073
4,142.4,130.9,0.9192415730337079
2,71.25,67.8,0.9515789473684211
0,49.6,46.9,0.9455645161290323
6,59.2,55.5,0.9375
4,124.2,115.85,0.9327697262479872
0,32.85,30.8,0.9375951293759512
4,137.6,127.1,0.9236918604651163
4,73.55,67.75,0.9211420802175391
4,83.5,75.35,0.9023952095808383
6,43.1,40.6,0.9419953596287703
0,107.55,99.8,0.9279404927940493
0,40.45,38.75,0.957972805933251
2,48.95,45.25,0.9244126659856997
2,87.7,82.7,0.942987457240593
6,87.35,78.7,0.9009730967372639
6,65.05,59.45,0.9139123750960799
4,116.95,107.35,0.9179136383069688
8,111.05,98.45,0.8865375956776227
0,125.85,118.9,0.9447755264203417
2,164.45,149.4,0.9084828215262998
2,55.35,50.6,0.9141824751580849
2,75.85,72.5,0.955833882663151
6,208.25,184.55,0.8861944777911165
6,87.6,79.5,0.9075342465753424
2,84.35,80.15,0.950207468879668
2,72.9,67.9,0.9314128943758574
6,58.55,53.45,0.9128949615713066
2,67.85,62.7,0.9240972733971997
2,51.1,46.75,0.9148727984344422
8,67.2,59.05,0.8787202380952381
2,26.9,23.5,0.8736059479553904
4,45.85,41.2,0.8985823336968375
8,77.95,66.1,0.8479794740218088
2,58.05,53.35,0.9190353143841516
2,123.7,113.0,0.9135004042037187
4,64.45,56.4,0.8750969743987588
16,37.7,33.15,0.8793103448275862
4,50.95,46.15,0.9057899901864573
6,118.8,106.65,0.8977272727272727
6,40.45,36.4,0.899876390605686
6,100.75,87.85,0.8719602977667493
12,142.65,122.2,0.8566421310900806
6,115.55,106.9,0.9251406317611424
0,68.0,64.05,0.9419117647058823
0,94.3,87.05,0.9231177094379639
4,173.55,160.25,0.92336502448862
4,100.6,91.95,0.9140159045725647
2,83.9,76.3,0.9094159713945172
4,56.1,50.65,0.9028520499108734
6,52.9,44.55,0.8421550094517959
4,70.45,63.65,0.9034776437189496
4,125.55,119.55,0.9522102747909199
8,43.0,38.45,0.8941860465116279
6,74.3,67.45,0.9078061911170928
2,91.2,84.95,0.9314692982456141
8,195.55,182.05,0.9309639478394273
4,67.45,62.4,0.9251297257227576
2,80.3,72.25,0.8997509339975094
2,45.3,40.75,0.8995584988962473
6,35.3,32.9,0.9320113314447592
4,38.25,35.15,0.918954248366013
0,86.4,81.45,0.9427083333333334
2,63.7,59.7,0.9372056514913658
2,88.3,78.95,0.8941109852774632
2,143.25,134.25,0.93717277486911
0,94.45,89.0,0.942297511911064
4,90.15,83.25,0.9234608985024958
6,34.3,31.8,0.9271137026239067
4,42.65,38.2,0.895662368112544
2,76.95,72.1,0.9369720597790773
2,125.15,113.1,0.9037155413503796
4,38.35,33.95,0.8852672750977836
12,137.05,122.65,0.8949288580809923
2,59.7,56.1,0.9396984924623115
6,59.15,53.75,0.9087066779374472
6,161.45,139.2,0.8621864354289254
4,113.15,100.4,0.8873177198409191
2,133.1,123.6,0.9286250939143501
8,62.1,56.1,0.9033816425120773
4,68.2,61.6,0.9032258064516129
14,68.8,54.05,0.7856104651162791
4,119.0,107.15,0.9004201680672269
2,102.95,98.45,0.9562894609033511
2,133.15,123.9,0.9305294780322944
4,36.1,33.4,0.925207756232687
12,26.8,23.65,0.8824626865671642
2,75.9,69.0,0.9090909090909091
10,70.85,61.45,0.8673253352152435
10,63.85,55.85,0.874706342991386
6,38.7,35.55,0.9186046511627907
0,49.25,47.0,0.9543147208121827
4,91.55,81.9,0.894593118514473
6,74.65,69.15,0.9263228399196249
6,42.15,36.8,0.8730723606168446
2,52.8,49.15,0.9308712121212122
8,20.9,18.2,0.8708133971291866
6,21.6,19.5,0.9027777777777778
4,76.65,66.8,0.8714938030006523
0,76.1,73.6,0.9671484888304862
4,83.65,70.7,0.8451882845188284
10,26.3,23.9,0.908745247148289
0,70.6,68.2,0.9660056657223796
6,89.75,80.4,0.8958217270194986
0,68.35,64.8,0.9480614484272128
4,63.3,55.85,0.882306477093207
6,125.4,103.45,0.8249601275917066
0,49.85,45.75,0.917753259779338
6,67.55,60.45,0.8948926720947447
4,76.7,69.65,0.9080834419817471
0,139.7,129.9,0.9298496778811739
6,36.55,31.35,0.8577291381668947
8,40.45,37.6,0.9295426452410384
0,98.95,95.95,0.9696816574027286
0,48.9,45.65,0.9335378323108384
4,59.2,50.55,0.8538851351351351
8,36.45,32.0,0.877914951989026
8,100.6,88.9,0.8836978131212724
4,96.85,91.1,0.940629839958699
2,68.7,63.4,0.9228529839883551
6,45.4,41.35,0.9107929515418502
12,32.45,27.9,0.8597842835130971
10,35.2,31.1,0.8835227272727273
2,67.75,63.15,0.9321033210332104
4,46.9,42.3,0.9019189765458422
4,52.7,46.15,0.8757115749525617
4,86.4,76.45,0.8848379629629629
10,32.1,30.65,0.9548286604361371
6,35.9,31.65,0.8816155988857939
6,100.9,88.25,0.8746283448959365
0,122.45,115.85,0.9461004491629237
8,30.45,26.45,0.8686371100164204
4,102.75,91.7,0.8924574209245743
2,101.45,92.5,0.9117792015771315
2,57.5,54.15,0.9417391304347826
4,76.75,66.9,0.8716612377850163
2,50.05,45.8,0.9150849150849151
0,75.2,72.75,0.9674202127659575
2,83.4,76.25,0.9142685851318945
4,74.65,69.65,0.9330207635632953
4,77.45,70.45,0.9096191091026469
8,86.05,68.9,0.8006972690296339
6,49.85,46.3,0.9287863590772317
4,115.0,105.35,0.9160869565217391
2,115.6,104.0,0.8996539792387543
6,49.1,42.95,0.8747454175152749
6,108.05,99.05,0.9167052290606201
0,95.25,87.9,0.9228346456692913
4,76.95,70.15,0.9116309291747888
6,109.9,102.05,0.9285714285714286
0,120.65,110.85,0.918773311230833
4,67.65,63.95,0.9453067257945307
6,65.45,60.0,0.9167303284950343
0,60.4,55.15,0.9130794701986755
2,67.0,62.05,0.9261194029850747
2,38.7,36.15,0.9341085271317829
8,70.4,64.2,0.9119318181818182
0,122.95,118.15,0.9609597397315982
2,181.7,168.3,0.9262520638414969
0,50.0,45.7,0.914
6,101.5,93.9,0.9251231527093596
4,145.2,133.65,0.9204545454545454
4,106.8,97.85,0.9161985018726592
6,49.75,44.3,0.8904522613065327
8,40.0,38.8,0.97
4,78.5,69.65,0.8872611464968153
6,146.85,129.65,0.8828736806264896
0,116.05,111.95,0.964670400689358
2,49.65,44.5,0.8962739174219537
4,84.5,75.5,0.893491124260355
4,73.4,67.7,0.9223433242506812
2,79.9,73.4,0.918648310387985
16,11.05,10.2,0.9230769230769231
0,116.5,110.35,0.9472103004291845
4,101.9,95.3,0.9352306182531894
4,76.75,72.2,0.9407166123778502
6,57.35,50.2,0.8753269398430689
6,38.8,35.05,0.9033505154639175
4,76.65,68.0,0.8871493803000652
2,88.15,80.55,0.9137833238797505
8,103.35,96.1,0.9298500241896468
4,80.9,74.5,0.9208899876390606
6,26.4,24.45,0.9261363636363636
2,43.45,41.1,0.9459148446490219
6,129.95,120.85,0.9299730665640631
4,43.9,38.15,0.8690205011389521
10,44.75,37.7,0.8424581005586592
2,82.5,77.85,0.9436363636363636
18,29.3,26.6,0.9078498293515358
2,53.5,48.55,0.9074766355140187
2,116.75,109.9,0.9413276231263383
4,115.55,101.95,0.8823020337516226
0,67.8,66.0,0.9734513274336283
2,70.5,66.6,0.9446808510638298
4,71.7,64.9,0.905160390516039
4,78.15,69.7,0.891874600127959
2,54.05,48.7,0.9010175763182239
2,66.55,61.9,0.9301277235161532
10,91.4,78.6,0.8599562363238512
10,98.35,88.45,0.8993390950686324
6,43.75,38.65,0.8834285714285715
4,30.5,28.35,0.9295081967213115
10,83.3,72.45,0.8697478991596639
2,113.9,105.05,0.9223002633889377
4,172.55,155.3,0.9000289771080846
4,48.7,44.45,0.9127310061601642
12,58.5,52.7,0.9008547008547009
4,42.8,35.9,0.8387850467289719
10,98.5,84.7,0.8598984771573605
2,205.7,187.8,0.912980068060282
4,58.6,57.0,0.9726962457337884
0,168.75,152.35,0.9028148148148148
2,63.9,58.55,0.9162754303599374
2,115.9,110.25,0.951251078515962
2,47.45,45.25,0.9536354056902002
4,38.5,35.05,0.9103896103896104
6,142.35,129.05,0.9065683175272217
6,219.65,198.5,0.9037104484407011
0,123.7,119.05,0.9624090541632982
4,112.65,105.7,0.9383044829116733
2,127.95,115.2,0.9003516998827668
2,101.05,93.35,0.9238000989609104
4,89.0,80.7,0.9067415730337078
0,70.8,65.3,0.922316384180791
10,63.35,57.3,0.904498816101026
8,76.3,70.0,0.9174311926605505
2,119.15,112.6,0.9450272765421738
6,47.25,45.65,0.9661375661375662
2,144.05,128.15,0.8896216591461298
6,93.65,90.0,0.9610250934329952
6,103.5,97.7,0.9439613526570049
2,83.1,75.75,0.9115523465703971
4,43.5,38.3,0.8804597701149425
10,30.85,27.55,0.893030794165316
4,111.55,99.6,0.8928731510533393
2,92.25,87.6,0.9495934959349593
4,58.65,55.25,0.9420289855072463
0,62.8,56.7,0.9028662420382165
6,104.45,95.45,0.9138343705122068
6,88.9,81.15,0.9128233970753655
2,114.05,108.05,0.9473914949583516
18,54.15,45.65,0.8430286241920592
6,48.95,44.55,0.9101123595505618
2,84.1,79.95,0.950653983353151
8,31.2,28.7,0.9198717948717948
10,180.05,152.1,0.8447653429602888
4,82.75,77.4,0.9353474320241691
6,105.8,99.5,0.9404536862003781
6,68.75,61.45,0.8938181818181818
10,64.3,54.9,0.8538102643856921
8,88.45,77.3,0.8739400791407574
2,87.25,79.35,0.9094555873925502
6,42.55,37.0,0.8695652173913043
2,162.15,150.05,0.9253777366635831
4,101.9,95.4,0.9362119725220804
6,73.75,67.7,0.9179661016949152
4,118.35,110.85,0.9366286438529785
0,91.9,84.55,0.9200217627856365
0,63.0,60.65,0.9626984126984127
8,21.45,19.85,0.9254079254079254
4,109.55,97.85,0.8931994523048836
4,65.65,57.55,0.8766184310738766
12,70.25,59.6,0.8483985765124555
4,127.95,110.7,0.8651817116060961
6,71.2,61.55,0.8644662921348315
2,142.35,129.15,0.9072708113804004
0,212.0,183.25,0.8643867924528302
8,82.55,71.25,0.8631132646880678
4,140.55,128.75,0.9160441124155105
4,40.4,37.35,0.9245049504950495
2,54.4,48.25,0.8869485294117647
4,76.15,66.45,0.8726198292843073
4,63.75,60.25,0.9450980392156862
8,47.9,43.05,0.8987473903966597
4,129.8,117.6,0.9060092449922958
14,120.05,98.25,0.8184089962515618
2,116.05,106.3,0.9159844894442051
2,57.35,52.7,0.918918918918919
0,134.35,128.4,0.9557126907331597
6,55.6,48.15,0.8660071942446043
6,74.85,70.3,0.9392117568470274
2,87.45,80.85,0.9245283018867925
6,81.95,70.0,0.8541793776693105
6,33.85,32.2,0.9512555391432792
8,68.35,59.45,0.8697878566203365
2,41.4,36.3,0.8768115942028986
6,86.6,76.35,0.8816397228637414
0,79.9,74.65,0.9342928660826032
0,124.55,117.7,0.9450020072260137
2,58.95,57.7,0.9787955894826124
6,25.75,23.7,0.920388349514563
6,53.0,46.95,0.8858490566037736
6,37.3,33.95,0.9101876675603218
2,99.65,91.35,0.916708479678876
6,138.5,129.05,0.9317689530685921
2,122.65,110.55,0.9013452914798207
6,45.85,39.8,0.8680479825517994
2,100.55,92.55,0.9204375932371954
0,39.65,37.85,0.9546027742749055
8,35.4,32.8,0.9265536723163842
2,53.75,46.75,0.8697674418604651
10,106.55,91.8,0.8615673392773345
2,85.65,77.85,0.9089316987740805
2,69.3,63.1,0.9105339105339105
8,96.0,84.8,0.8833333333333333
10,60.35,54.1,0.8964374482187241
6,93.3,83.55,0.8954983922829582
6,110.5,100.45,0.9090497737556561
16,93.5,81.6,0.8727272727272727
0,179.8,168.05,0.9346496106785317
14,92.8,81.3,0.8760775862068966
10,76.45,69.2,0.9051667756703728
2,75.35,71.25,0.9455872594558726
10,78.15,65.05,0.8323736404350608
6,75.45,64.0,0.8482438701126573
16,49.75,42.45,0.8532663316582915
8,69.05,64.4,0.9326574945691528
0,78.65,72.7,0.9243483788938335
2,121.6,108.0,0.8881578947368421
0,78.2,71.05,0.9085677749360613
4,37.9,33.0,0.8707124010554089
8,26.85,23.75,0.8845437616387337
6,69.5,62.7,0.902158273381295
6,54.65,51.95,0.9505946935041171
0,125.35,114.7,0.9150378938970881
4,43.55,40.25,0.9242250287026407
4,95.15,88.45,0.929584866001051
12,58.55,51.35,0.8770281810418445
4,121.65,115.15,0.9465680230168516
4,95.5,88.65,0.9282722513089006
4,44.45,41.2,0.9268841394825647
12,49.25,44.7,0.9076142131979695
8,82.55,73.45,0.889763779527559
2,165.75,150.75,0.9095022624434389
0,112.55,108.0,0.9595735228787206
4,54.0,49.4,0.9148148148148149
4,93.2,84.95,0.9114806866952789
8,67.55,60.6,0.8971132494448557
2,56.45,53.4,0.9459698848538529
12,52.05,43.65,0.8386167146974063
4,22.75,21.25,0.9340659340659341
4,114.5,102.8,0.8978165938864628
4,164.1,147.3,0.8976234003656307
2,123.2,114.8,0.9318181818181818
4,129.85,117.45,0.9045051983057374
8,16.9,14.65,0.8668639053254438
0,144.4,133.0,0.9210526315789473
0,155.7,140.2,0.9004495825305073
8,81.7,73.25,0.8965728274173806
2,65.85,59.9,0.9096431283219438
0,56.4,54.8,0.9716312056737588
6,61.25,53.7,0.876734693877551
0,62.35,55.5,0.8901363271852446
4,71.8,67.05,0.9338440111420613
14,56.8,47.65,0.8389084507042254
12,66.95,61.85,0.9238237490664675
0,110.15,103.3,0.9378120744439401
2,138.1,126.15,0.9134685010861694
2,40.95,38.4,0.9377289377289377
6,115.3,98.75,0.8564614050303556
4,102.35,97.7,0.9545676599902296
0,150.85,138.2,0.9161418627775937
4,78.15,74.0,0.946896992962252
2,125.5,119.15,0.949402390438247
0,116.1,111.45,0.9599483204134367
4,77.75,69.95,0.8996784565916399
6,132.65,117.8,0.8880512627214474
6,130.75,116.65,0.8921606118546845
4,27.75,24.8,0.8936936936936937
2,41.85,38.3,0.9151732377538829
4,39.55,35.0,0.8849557522123894
4,54.4,50.75,0.9329044117647058
2,47.75,44.65,0.9350785340314136
10,59.1,55.45,0.9382402707275804
6,61.3,55.65,0.9078303425774877
4,71.55,63.8,0.8916841369671559
8,44.35,39.45,0.8895152198421646
6,139.55,122.6,0.878538158366177
2,59.85,55.85,0.9331662489557226
2,144.3,134.7,0.9334719334719335
4,51.35,47.0,0.9152872444011685
4,83.4,76.5,0.9172661870503597
6,123.45,115.15,0.932766302146618
4,78.45,70.5,0.8986615678776291
14,127.05,110.4,0.8689492325855962
14,53.2,43.1,0.8101503759398496
4,25.9,23.35,0.9015444015444015
2,43.55,39.6,0.9092996555683123
8,61.5,48.95,0.7959349593495935
4,129.5,120.1,0.9274131274131274
6,120.9,106.35,0.8796526054590571
8,83.6,70.45,0.8427033492822966
4,62.25,59.4,0.9542168674698795
4,40.05,35.85,0.8951310861423221
6,116.85,104.2,0.8917415489944374
2,89.3,82.55,0.9244120940649496
6,74.5,67.9,0.9114093959731544
6,29.9,26.8,0.8963210702341137
6,52.05,48.5,0.9317963496637848
6,80.75,72.8,0.9015479876160991
6,35.65,32.25,0.9046283309957924
0,137.8,125.25,0.9089259796806967
2,50.9,48.7,0.9567779960707269
8,62.4,53.55,0.8581730769230769
10,82.8,77.95,0.9414251207729468
0,69.85,63.95,0.9155332856120257
4,39.1,35.5,0.907928388746803
10,66.95,57.75,0.8625840179238238
8,131.4,116.05,0.8831811263318112
2,64.85,60.15,0.9275250578257518
6,83.2,73.9,0.8882211538461539
2,113.3,104.9,0.9258605472197705
2,61.75,56.65,0.9174089068825911
8,88.15,80.2,0.9098128190584232
6,44.65,39.8,0.8913773796192609
4,136.85,129.55,0.9466569236390209
8,29.2,26.3,0.9006849315068494
4,117.9,103.85,0.8808312128922816
2,122.2,113.55,0.929214402618658
8,83.2,68.55,0.8239182692307693
6,87.95,76.15,0.8658328595793064
2,51.6,49.1,0.9515503875968992
2,76.65,73.85,0.9634703196347032
0,83.9,79.75,0.9505363528009535
0,43.6,40.0,0.9174311926605505
4,153.4,139.25,0.9077574967405476
8,68.0,61.6,0.9058823529411765
6,105.65,93.8,0.8878371982962613
4,73.55,66.05,0.8980285520054385
0,138.45,129.05,0.9321054532322138
4,64.85,59.25,0.9136468774094063
6,53.7,47.6,0.8864059590316573
4,112.9,106.65,0.9446412754650133
4,87.2,77.7,0.8910550458715596
2,53.2,48.75,0.9163533834586466
8,87.65,79.15,0.9030233884768968
4,74.25,66.45,0.8949494949494949
0,56.3,53.1,0.9431616341030196
0,33.3,30.45,0.9144144144144144
6,67.3,60.05,0.8922734026745914
6,93.45,86.2,0.922418405564473
12,49.0,43.15,0.8806122448979592
8,74.45,66.6,0.8945601074546675
6,38.8,37.1,0.9561855670103093
10,100.75,87.4,0.8674937965260546
10,73.55,62.45,0.849082256968049
4,34.4,31.2,0.9069767441860465
2,58.65,52.8,0.9002557544757033
2,101.75,90.8,0.8923832923832924
8,57.25,50.85,0.8882096069868995
6,57.65,55.55,0.9635732870771899
6,69.85,62.05,0.8883321403006442
4,58.4,54.05,0.925513698630137
2,128.4,119.9,0.9338006230529595
6,23.65,21.25,0.8985200845665962
6,73.1,64.85,0.887140902872777
14,57.15,50.2,0.8783902012248469
12,60.35,51.7,0.8566694283347142
6,95.0,84.65,0.8910526315789473
10,38.9,34.35,0.8830334190231363
6,95.75,88.45,0.9237597911227154
2,58.6,53.6,0.9146757679180887
2,108.05,98.0,0.906987505784359
6,94.4,88.65,0.9390889830508474
4,82.25,72.55,0.8820668693009118
2,70.5,61.8,0.8765957446808511
4,52.15,45.25,0.8676893576222435
6,75.7,66.2,0.8745046235138706
2,142.05,130.65,0.9197465681098205
4,62.7,54.95,0.8763955342902712
6,202.75,185.95,0.9171393341553638
2,54.25,51.4,0.9474654377880184
6,91.6,85.25,0.9306768558951966
2,84.35,77.5,0.918790752815649
4,44.35,40.8,0.9199549041713642
4,65.6,64.3,0.9801829268292683
6,67.7,60.6,0.8951255539143279
4,73.8,68.6,0.9295392953929539
4,90.15,86.1,0.9550748752079867
2,104.75,95.85,0.915035799522673
6,87.2,77.15,0.8847477064220184
10,37.9,35.45,0.9353562005277045
4,80.75,78.45,0.9715170278637771
6,102.2,95.25,0.9319960861056752
8,79.85,72.5,0.9079524107701941
2,113.6,103.8,0.9137323943661971
0,118.1,107.1,0.9068585944115156
10,43.75,39.15,0.8948571428571429
4,96.3,84.7,0.8795430944963655
8,39.7,35.5,0.8942065491183879
2,113.15,97.25,0.859478568272205
8,118.9,110.25,0.9272497897392767
4,164.15,154.2,0.9393847091075236
10,104.6,92.85,0.8876673040152964
8,87.6,80.3,0.9166666666666666
12,116.7,99.15,0.8496143958868895
4,86.15,79.2,0.9193267556587348
8,39.25,34.3,0.8738853503184714
6,26.7,22.3,0.8352059925093633
6,31.75,28.2,0.8881889763779528
12,109.3,93.35,0.854071363220494
0,52.75,51.35,0.9734597156398104
2,131.6,120.3,0.9141337386018237
4,51.75,47.55,0.9188405797101449
2,109.45,101.6,0.9282777523983554
8,63.2,54.45,0.8615506329113924
4,73.8,65.35,0.8855013550135501
6,76.4,68.7,0.8992146596858639
2,90.8,85.75,0.9443832599118943
4,173.2,162.2,0.9364896073903002
6,82.35,75.85,0.9210686095931998
0,106.8,99.65,0.9330524344569289
6,57.15,49.9,0.8731408573928259
2,177.9,154.95,0.8709949409780776
10,70.9,65.85,0.9287729196050776
8,70.15,65.05,0.9272986457590877
4,100.7,94.0,0.9334657398212513
8,81.7,73.95,0.905140758873929
6,118.6,103.7,0.8743676222596964
0,73.15,67.8,0.9268626110731374
8,101.35,86.45,0.8529847064627528
2,82.7,78.5,0.9492140266021766
2,76.1,71.9,0.9448094612352168
4,43.75,41.05,0.9382857142857143
6,81.35,74.5,0.9157959434542102
2,75.75,72.7,0.9597359735973597
4,63.5,57.65,0.9078740157480315
6,64.75,56.05,0.8656370656370657
4,94.65,88.15,0.9313259376650819
4,78.85,72.5,0.9194673430564363
6,64.5,61.6,0.9550387596899225
10,62.35,54.8,0.8789093825180433
6,53.2,48.85,0.918233082706767
2,101.85,97.25,0.9548355424644085
4,78.55,74.65,0.9503500954805856
8,36.95,33.85,0.9161028416779432
8,114.3,104.25,0.9120734908136483
2,62.9,57.1,0.9077901430842608
4,189.95,162.3,0.8544353777309819
6,48.6,41.95,0.8631687242798354
2,104.45,94.45,0.9042604116802297
8,77.25,71.75,0.9288025889967637
4,19.0,17.05,0.8973684210526316
4,151.9,137.9,0.9078341013824884
8,70.85,65.35,0.9223712067748765
4,78.6,69.7,0.8867684478371501
4,136.15,124.05,0.9111274329783328
4,109.15,99.9,0.9152542372881356
0,87.65,83.35,0.9509412435824302
8,65.9,54.45,0.8262518968133535
0,204.0,189.75,0.9301470588235294
6,47.5,42.75,0.9
4,115.8,107.0,0.924006908462867
4,37.15,32.85,0.8842530282637954
0,72.8,69.7,0.9574175824175825
4,68.8,59.9,0.8706395348837209
12,35.8,32.15,0.8980446927374302
6,18.5,16.75,0.9054054054054054
2,83.0,78.0,0.9397590361445783
2,35.1,30.6,0.8717948717948718
0,157.65,151.15,0.9587694259435459
6,51.5,46.95,0.9116504854368932
2,97.3,90.75,0.9326824254881809
8,77.75,70.25,0.9035369774919614
2,46.4,43.1,0.9288793103448276
8,67.65,58.5,0.8647450110864745
0,79.7,74.4,0.9335006273525721
0,62.9,57.25,0.910174880763116
4,190.5,174.75,0.9173228346456693
0,100.6,96.25,0.9567594433399602
4,89.15,82.35,0.9237240605720696
14,59.15,50.6,0.8554522400676247
10,92.65,82.4,0.8893685914732865
4,51.1,47.0,0.9197651663405088
0,72.45,68.5,0.945479641131815
4,64.5,58.55,0.9077519379844962
2,54.75,47.75,0.8721461187214612
6,82.15,68.45,0.8332318928788801
0,107.95,101.9,0.9439555349698935
2,95.55,88.8,0.9293563579277865
2,88.45,83.75,0.9468626342566422
4,86.4,79.0,0.9143518518518519
8,32.15,27.25,0.8475894245723172
4,82.75,75.25,0.9093655589123867
6,167.0,157.2,0.9413173652694611
2,36.65,32.35,0.8826739427012278
6,24.9,22.4,0.8995983935742972
12,30.45,25.5,0.8374384236453202
4,64.3,58.9,0.9160186625194401
2,101.4,92.45,0.9117357001972387
6,81.25,74.15,0.9126153846153846
6,79.8,71.7,0.8984962406015038
0,154.7,146.55,0.947317388493859
6,78.9,71.1,0.9011406844106464
4,193.35,178.05,0.9208688906128782
0,148.45,141.2,0.9511620074099023
8,141.7,127.2,0.8976711362032463
10,138.2,116.15,0.8404486251808972
4,75.8,66.6,0.8786279683377308
2,140.65,131.1,0.9321009598293637
6,47.65,39.95,0.838405036726128
6,84.25,76.5,0.9080118694362018
2,29.25,26.45,0.9042735042735043
2,92.25,85.35,0.9252032520325203
2,119.8,109.15,0.91110183639399
8,21.2,17.6,0.8301886792452831
6,75.6,69.75,0.9226190476190477
0,101.5,95.6,0.941871921182266
6,75.9,66.85,0.880764163372859
4,108.85,100.75,0.9255856683509417
4,76.75,73.6,0.958957654723127
2,73.7,66.75,0.9056987788331072
10,74.65,67.6,0.9055592766242465
2,69.25,65.1,0.940072202166065
2,115.75,108.15,0.934341252699784
2,65.75,60.95,0.9269961977186312
2,117.9,107.25,0.9096692111959288
0,45.1,41.7,0.9246119733924612
0,156.25,149.15,0.95456
4,145.05,134.85,0.9296794208893485
2,44.6,41.2,0.9237668161434978
2,28.3,26.65,0.941696113074205
2,89.15,82.55,0.925967470555244
4,39.15,36.45,0.9310344827586207
4,122.35,116.05,0.9485083776052309
8,35.7,30.9,0.865546218487395
6,52.3,46.45,0.8881453154875717
4,111.3,99.1,0.8903863432165319
14,31.95,28.95,0.9061032863849765
10,101.3,84.3,0.8321816386969397
8,68.7,59.4,0.8646288209606987
2,135.3,128.7,0.9512195121951219
10,40.15,35.75,0.8904109589041096
12,50.15,44.8,0.8933200398803589
6,41.1,37.75,0.9184914841849149
2,80.65,75.9,0.9411035337879727
6,22.85,20.6,0.9015317286652079
8,97.8,83.65,0.8553169734151329
8,120.8,109.85,0.9093543046357616
0,60.95,58.3,0.9565217391304348
2,93.0,85.95,0.9241935483870968
4,100.15,93.15,0.9301048427358961
0,78.55,74.75,0.9516231699554424
2,110.45,103.45,0.93662290629244
2,85.6,75.5,0.8820093457943925
2,75.55,72.6,0.9609530112508272
8,49.3,44.35,0.8995943204868154
0,133.35,124.25,0.931758530183727
8,44.55,39.85,0.8945005611672279
6,86.2,74.95,0.8694895591647331
16,69.5,53.0,0.762589928057554
8,59.6,51.45,0.863255033557047
6,185.95,174.05,0.9360043022317828
12,90.8,79.95,0.8805066079295154
4,32.5,30.2,0.9292307692307692
4,132.85,120.85,0.9096725630410237
6,28.4,24.45,0.8609154929577465
4,77.4,71.2,0.9198966408268734
4,134.15,118.1,0.8803578084234066
6,22.55,20.65,0.9157427937915743
4,91.55,86.0,0.9393773894046968
2,67.25,61.9,0.9204460966542751
6,86.4,76.1,0.8807870370370371
4,79.15,74.35,0.9393556538218573
0,49.45,46.45,0.9393326592517695
4,58.05,53.55,0.9224806201550387
4,41.9,39.9,0.9522673031026253
6,73.05,64.95,0.8891170431211499
6,67.4,64.1,0.9510385756676558
14,69.4,60.35,0.8695965417867435
2,77.2,70.4,0.9119170984455959
10,130.7,115.85,0.886381025248661
2,130.1,115.75,0.8897002305918524
10,51.05,45.7,0.8952007835455436
0,67.25,64.4,0.9576208178438662
4,76.1,72.65,0.954664914586071
4,58.5,53.85,0.9205128205128205
4,120.9,108.6,0.8982630272952854
8,50.55,44.35,0.8773491592482691
2,25.0,22.3,0.892
8,50.5,43.05,0.8524752475247525
2,48.45,44.4,0.9164086687306502
2,74.75,67.15,0.8983277591973244
10,124.15,106.7,0.8594442207007652
4,86.45,82.6,0.9554655870445344
4,110.65,100.95,0.912336195210122
6,120.4,106.8,0.8870431893687708
8,70.1,66.0,0.9415121255349501
4,131.2,121.3,0.9245426829268293
12,19.7,17.6,0.8934010152284264
8,41.05,38.95,0.9488428745432399
2,31.55,29.1,0.9223454833597464
8,55.55,49.55,0.891989198919892
2,44.55,42.5,0.9539842873176206
6,131.2,121.8,0.9283536585365854
0,127.7,120.45,0.9432263116679718
4,57.7,51.65,0.8951473136915078
2,78.05,71.9,0.9212043561819346
4,81.25,78.35,0.9643076923076923
4,170.85,158.55,0.9280070237050044
12,40.1,34.95,0.871571072319202
14,36.4,31.5,0.8653846153846154
4,84.0,73.6,0.8761904761904762
2,88.45,82.65,0.9344262295081968
0,111.45,103.95,0.9327052489905787
2,123.15,113.15,0.9187982135606984
2,95.8,87.8,0.9164926931106472
12,33.85,30.6,0.9039881831610044
6,129.65,116.75,0.9005013497878904
0,101.65,89.4,0.8794884407279882
2,105.6,99.7,0.9441287878787878
2,112.5,102.2,0.9084444444444445
2,100.95,92.35,0.9148093115403665
14,55.9,42.8,0.7656529516994633
6,57.35,52.3,0.911944202266783
12,38.2,35.7,0.9345549738219895
2,104.45,95.6,0.9152704643370033
4,96.75,85.8,0.8868217054263566
2,102.7,94.85,0.9235637779941578
0,78.9,74.3,0.9416983523447402
2,88.35,83.6,0.946236559139785
6,42.3,38.15,0.9018912529550828
0,84.55,77.75,0.9195742164399764
2,144.25,132.65,0.9195840554592721
6,116.1,106.65,0.9186046511627907
2,74.75,69.55,0.9304347826086956
8,94.85,80.2,0.845545598313126
8,56.85,49.55,0.8715919085312225
6,29.6,27.3,0.9222972972972973
12,42.25,36.65,0.8674556213017751
4,84.6,75.35,0.890661938534279
6,79.9,65.25,0.8166458072590739
2,51.4,49.25,0.958171206225681
6,52.7,46.5,0.8823529411764706
6,55.25,51.75,0.9366515837104072
14,83.35,76.2,0.9142171565686863
2,31.3,26.7,0.853035143769968
8,71.4,62.8,0.8795518207282913
6,69.75,62.7,0.8989247311827957
10,41.05,35.65,0.8684531059683313
4,68.85,64.1,0.9310094408133623
8,65.55,57.35,0.8749046529366895
2,104.45,97.9,0.9372905696505505
2,81.05,73.3,0.904380012338063
10,23.0,20.0,0.8695652173913043
4,99.2,91.75,0.9248991935483871
2,92.5,81.5,0.8810810810810811
4,113.0,104.35,0.9234513274336283
0,29.9,28.2,0.9431438127090301
14,55.45,47.3,0.8530207394048692
2,48.8,45.75,0.9375
2,96.55,87.8,0.9093733816675298
12,73.3,65.8,0.897680763983629
2,62.0,58.7,0.9467741935483871
12,34.8,31.85,0.9152298850574713
14,136.6,118.6,0.8682284040995608
6,114.7,89.55,0.7807323452484742
2,185.35,175.5,0.946857297005665
4,109.6,97.95,0.8937043795620438
4,84.5,76.3,0.9029585798816568
6,63.4,55.6,0.8769716088328076
4,61.8,57.8,0.9352750809061489
6,103.9,94.2,0.9066410009624639
4,35.95,33.85,0.9415855354659249
12,76.3,67.85,0.8892529488859764
0,75.25,72.85,0.9681063122923588
0,125.25,118.85,0.9489021956087824
2,108.7,99.2,0.9126034958601656
0,167.9,156.0,0.9291244788564622
4,97.95,92.35,0.9428279734558448
4,94.0,83.6,0.8893617021276595
4,36.35,33.6,0.9243466299862448
8,83.65,76.95,0.9199043634190077
6,60.4,52.55,0.8700331125827815
8,98.4,86.75,0.8816056910569106
4,54.5,48.25,0.8853211009174312
0,78.1,70.65,0.9046094750320103
4,97.65,90.05,0.9221710189452125
6,21.8,18.8,0.8623853211009175
8,58.6,52.65,0.8984641638225256
6,128.55,111.55,0.867755737067289
4,113.1,106.6,0.9425287356321839
4,81.6,70.55,0.8645833333333334
2,93.35,90.05,0.9646491697911087
10,74.2,63.0,0.8490566037735849
0,98.1,94.2,0.9602446483180428
2,86.8,80.1,0.9228110599078341
12,43.7,40.1,0.9176201372997712
6,79.05,69.45,0.8785578747628083
4,34.65,32.95,0.950937950937951
2,79.4,76.0,0.9571788413098237
8,19.7,18.65,0.9467005076142132
4,134.9,117.9,0.8739807264640475
2,142.5,132.8,0.9319298245614035
4,119.5,112.75,0.9435146443514645
0,32.8,30.2,0.9207317073170732
4,115.9,109.65,0.9460742018981881
2,115.8,107.05,0.9244386873920553
8,84.9,70.75,0.8333333333333334
2,55.95,50.6,0.90437890974084
0,152.8,141.05,0.9231020942408377
0,138.55,128.9,0.9303500541320823
6,128.1,113.2,0.8836846213895394
0,65.3,62.15,0.9517611026033691
6,117.35,97.3,0.8291435875585854
0,67.15,61.5,0.9158600148920327
4,109.25,102.55,0.9386727688787185
4,77.95,73.55,0.9435535599743425
12,46.15,37.3,0.8082340195016251
2,121.55,112.15,0.9226655697243933
4,62.3,56.95,0.9141252006420546
8,36.85,31.75,0.8616010854816825
10,116.75,102.15,0.8749464668094219
4,55.1,51.1,0.9274047186932849
6,119.45,111.1,0.9300962745918795
8,123.3,113.9,0.9237631792376317
4,134.55,123.15,0.915273132664437
8,117.45,101.4,0.8633461047254151
4,83.6,77.85,0.93122009569378
2,78.7,73.1,0.928843710292249
12,111.45,101.0,0.9062359802602064
4,106.8,98.7,0.9241573033707865
6,52.95,45.0,0.8498583569405099
12,77.85,69.2,0.8888888888888888
4,76.15,68.25,0.8962573867367039
12,93.7,83.0,0.8858057630736392
4,76.05,72.2,0.9493754109138725
4,117.3,105.05,0.8955669224211423
2,153.8,148.55,0.9658647594278283
4,73.45,65.05,0.8856364874063989
6,110.35,101.9,0.9234254644313548
2,91.8,83.85,0.9133986928104575
6,31.75,29.0,0.9133858267716536
8,72.75,63.8,0.8769759450171821
8,48.5,43.5,0.8969072164948454
6,47.3,43.45,0.9186046511627907
4,70.1,64.65,0.9222539229671898
6,100.15,90.8,0.9066400399400899
2,68.95,64.5,0.9354604786076868
6,66.7,59.1,0.8860569715142429
2,91.45,90.2,0.9863313285948606
2,44.25,42.1,0.9514124293785311
4,40.2,37.5,0.9328358208955224
4,59.4,53.3,0.8973063973063973
4,82.9,76.5,0.9227985524728589
4,45.8,41.75,0.9115720524017468
2,53.9,49.8,0.9239332096474954
2,89.65,82.8,0.9235917456776352
8,93.3,83.15,0.8912111468381565
10,32.15,28.65,0.8911353032659409
6,101.05,90.65,0.8970806531420089
10,68.25,60.35,0.8842490842490842
6,76.65,73.3,0.9562948467058056
8,85.1,80.25,0.9430082256169212
12,81.8,71.95,0.8795843520782396
4,140.55,130.1,0.9256492351476343
0,103.5,95.25,0.9202898550724637
6,123.95,115.1,0.9286002420330779
6,35.85,32.1,0.895397489539749
6,77.15,67.6,0.8762151652624757
4,58.6,53.35,0.9104095563139932
6,98.75,89.15,0.9027848101265823
4,59.45,55.95,0.9411269974768713
6,190.3,169.15,0.8888596952180767
4,91.4,80.2,0.8774617067833698
14,71.2,59.95,0.8419943820224719
2,147.2,135.6,0.9211956521739131
6,85.85,76.1,0.8864298194525335
6,39.4,34.25,0.8692893401015228
6,31.65,28.8,0.909952606635071
2,108.4,96.45,0.889760147601476
4,50.05,47.05,0.9400599400599401
6,83.05,73.2,0.8813967489464178
2,92.7,85.55,0.9228694714131608
10,59.95,54.45,0.908256880733945
6,57.9,51.9,0.8963730569948186
8,88.2,79.2,0.8979591836734694
2,108.05,102.25,0.946321147616844
8,55.85,49.5,0.8863025962399284
8,117.45,99.4,0.8463175819497658
4,56.05,51.8,0.9241748438893844
2,111.45,103.5,0.9286675639300135
2,57.05,54.35,0.9526730937773883
2,138.6,120.45,0.8690476190476191
4,61.55,55.05,0.8943948009748173
16,35.3,31.9,0.9036827195467422
6,32.1,29.05,0.9049844236760125
6,69.8,64.85,0.9290830945558739
6,87.25,75.25,0.8624641833810889
2,62.0,56.4,0.9096774193548387
8,47.15,39.3,0.8335100742311771
4,180.4,166.65,0.9237804878048781
6,105.95,96.5,0.9108069844266163
4,202.65,180.95,0.8929188255613126
4,53.0,47.5,0.8962264150943396
2,64.85,62.45,0.9629915188897455
6,85.7,78.0,0.9101516919486581
4,105.15,92.65,0.8811222063718498
4,120.75,110.15,0.9122153209109731
2,50.85,47.05,0.9252704031465093
4,56.55,51.45,0.9098143236074271
4,189.55,166.4,0.8778686362437351
4,29.55,24.55,0.8307952622673435
0,98.15,91.3,0.9302088639836984
8,97.55,77.4,0.7934392619169657
0,165.7,158.8,0.9583584791792396
4,30.0,27.05,0.9016666666666666
4,48.45,42.85,0.8844169246646026
4,62.4,54.2,0.8685897435897436
2,52.85,49.55,0.9375591296121097
6,147.45,133.05,0.9023397761953205
4,50.05,48.7,0.973026973026973
4,38.95,36.6,0.9396662387676509
4,94.1,87.3,0.9277364505844846
4,52.9,48.35,0.9139886578449905
6,103.55,94.65,0.9140511830033801
2,53.35,50.05,0.9381443298969072
2,65.0,57.45,0.8838461538461538
10,110.8,94.85,0.8560469314079422
0,83.25,76.85,0.9231231231231232
6,83.05,79.45,0.9566526189042746
6,123.6,109.75,0.8879449838187702
0,77.15,70.85,0.9183408943616331
6,110.3,100.7,0.9129646418857661
4,153.4,137.95,0.8992829204693612
0,90.25,88.05,0.9756232686980609
6,62.0,54.45,0.8782258064516129
0,57.55,52.8,0.9174630755864466
4,89.0,84.6,0.950561797752809
4,112.95,106.15,0.9397963700752545
6,88.2,82.05,0.9302721088435374
6,39.35,35.5,0.9021601016518425
4,49.35,46.05,0.9331306990881459
2,183.05,167.1,0.9128653373395247
12,86.9,77.9,0.8964326812428078
4,101.55,90.85,0.8946331856228459
2,71.0,66.8,0.9408450704225352
6,60.9,52.0,0.8538587848932676
6,66.75,60.55,0.9071161048689138
4,120.3,113.85,0.9463840399002493
6,104.75,91.65,0.8749403341288783
2,62.8,55.6,0.8853503184713376
6,86.75,76.65,0.8835734870317002
6,81.35,72.55,0.8918254456054088
0,57.4,55.75,0.9712543554006968
0,53.55,49.6,0.9262371615312792
8,73.2,66.1,0.9030054644808743
12,44.45,40.0,0.8998875140607424
4,61.7,55.25,0.8954619124797407
2,146.9,138.45,0.9424778761061947
6,31.4,28.55,0.9092356687898089
0,61.5,56.45,0.9178861788617886
4,99.25,93.55,0.9425692695214106
4,83.9,75.15,0.8957091775923719
0,102.65,97.75,0.9522649780808573
6,64.55,58.1,0.9000774593338497
6,72.8,66.1,0.907967032967033
2,103.45,96.3,0.930884485258579
2,118.9,112.3,0.9444911690496215
6,82.4,74.0,0.8980582524271845
14,91.55,81.9,0.894593118514473
4,179.45,162.8,0.9072164948453608
8,60.05,53.0,0.8825978351373855
12,17.35,14.45,0.8328530259365994
6,28.7,26.35,0.9181184668989547
6,60.05,50.6,0.8426311407160699
6,36.0,31.85,0.8847222222222222
10,25.9,23.25,0.8976833976833977
8,120.95,106.55,0.8809425382389418
2,99.15,89.4,0.9016641452344932
8,75.1,65.75,0.8754993342210386
0,51.4,45.3,0.8813229571984436
4,141.35,123.4,0.873010258224266
4,40.3,37.7,0.9354838709677419
4,117.5,110.5,0.9404255319148936
6,43.65,40.55,0.9289805269186713
4,64.6,57.0,0.8823529411764706
2,136.5,130.2,0.9538461538461539
8,123.1,111.3,0.9041429731925265
4,94.1,86.9,0.9234856535600425
6,38.15,32.95,0.8636959370904325
8,48.75,43.0,0.882051282051282
2,45.85,40.9,0.8920392584514721
6,27.25,25.8,0.9467889908256881
4,108.05,93.7,0.8671911152244332
4,92.1,84.2,0.9142236699239956
6,60.5,52.3,0.8644628099173554
12,22.2,19.65,0.8851351351351351
4,43.55,41.95,0.9632606199770379
6,34.7,30.55,0.8804034582132565
0,121.55,112.65,0.9267791032496915
8,55.05,44.5,0.8083560399636693
6,209.15,190.65,0.9115467367917762
4,53.15,48.65,0.9153339604891816
0,79.15,74.9,0.9463044851547694
6,53.8,48.9,0.9089219330855018
4,45.7,43.3,0.9474835886214442
4,191.25,173.75,0.9084967320261438
4,92.35,84.65,0.9166215484569572
2,35.0,32.0,0.9142857142857143
4,59.5,54.0,0.907563025210084
2,96.2,86.4,0.8981288981288982
0,81.95,67.7,0.8261134838316047
4,78.5,71.7,0.913375796178344
0,47.2,43.65,0.9247881355932204
8,56.35,46.65,0.8278615794143744
4,109.9,102.6,0.9335759781619655
6,79.9,73.65,0.9217772215269087
0,21.65,19.95,0.9214780600461894
0,204.75,192.55,0.9404151404151404
8,99.15,86.9,0.8764498234997479
4,136.65,122.95,0.8997438712038054
4,73.25,66.65,0.9098976109215017
4,68.85,62.5,0.9077705156136529
6,70.45,63.25,0.8977998580553584
4,148.0,128.0,0.8648648648648649
4,44.45,43.5,0.9786276715410573
6,39.0,36.2,0.9282051282051282
6,88.8,79.1,0.8907657657657657
6,36.9,35.2,0.9539295392953929
4,39.35,35.15,0.8932655654383735
12,91.25,82.6,0.9052054794520548
6,112.95,102.55,0.9079238601150952
2,49.8,44.5,0.893574297188755
0,150.1,140.1,0.9333777481678881
10,58.95,53.6,0.909245122985581
2,63.8,59.55,0.9333855799373041
6,56.0,51.75,0.9241071428571429
6,29.3,25.75,0.878839590443686
4,91.65,87.65,0.9563557010365521
4,51.1,47.9,0.9373776908023483
14,85.25,74.95,0.8791788856304985
12,43.35,39.85,0.9192618223760092
4,159.45,150.75,0.9454374412041392
2,148.6,134.35,0.9041049798115747
4,142.35,126.6,0.8893572181243414
0,47.05,45.45,0.9659936238044633
6,77.5,70.05,0.9038709677419355
6,75.85,65.7,0.8661832564271589
16,51.6,42.65,0.8265503875968992
4,47.0,41.95,0.8925531914893617
10,45.7,38.85,0.850109409190372
0,115.95,103.9,0.8960758947822337
6,51.35,44.2,0.8607594936708861
6,85.3,80.65,0.9454865181711606
4,84.7,75.85,0.8955135773317592
10,24.15,21.85,0.9047619047619048
8,112.35,104.05,0.9261237205162439
8,96.75,83.8,0.8661498708010336
6,112.3,101.05,0.8998219056099733
8,119.6,105.8,0.8846153846153846
6,43.85,37.8,0.8620296465222349
6,76.0,67.55,0.8888157894736842
6,62.75,56.35,0.8980079681274901
2,44.0,41.75,0.9488636363636364
8,47.5,42.45,0.8936842105263157
0,109.9,102.95,0.9367606915377616
2,100.15,94.75,0.946080878681977
6,78.0,71.7,0.9192307692307692
6,64.95,60.65,0.9337952270977675
12,56.7,51.15,0.9021164021164021
8,50.65,45.55,0.8993089832181639
2,57.8,50.05,0.865916955017301
2,59.2,57.8,0.9763513513513513
4,124.85,116.5,0.9331197436924309
0,145.8,137.65,0.9441015089163237
2,86.4,78.9,0.9131944444444444
2,135.9,119.2,0.8771155261221486
6,88.2,80.2,0.909297052154195
12,77.4,63.25,0.8171834625322998
8,105.25,87.4,0.8304038004750594
16,68.35,57.45,0.8405267008046818
10,96.55,84.4,0.8741584671154842
4,72.0,64.65,0.8979166666666667
12,28.95,26.3,0.9084628670120898
4,30.2,28.35,0.9387417218543046
4,94.55,82.2,0.8693812797461661
12,87.45,79.45,0.9085191538021726
0,146.1,140.15,0.95927446954141
12,101.15,90.4,0.893722194760257
2,92.0,82.35,0.8951086956521739
8,39.2,35.95,0.9170918367346939
4,55.45,52.8,0.9522091974752029
4,84.0,75.2,0.8952380952380953
2,85.05,78.05,0.9176954732510288
2,65.2,60.35,0.9256134969325154
12,21.3,18.45,0.8661971830985915
2,70.8,66.35,0.9371468926553672
6,128.5,115.95,0.9023346303501946
6,34.75,30.95,0.8906474820143885
4,74.65,66.5,0.8908238446081714
2,120.3,113.65,0.9447215295095595
6,94.35,88.85,0.9417064122946476
4,89.95,83.95,0.9332962757087271
0,60.7,53.5,0.8813838550247117
6,142.15,130.85,0.9205065072106929
4,113.45,106.2,0.9360951961216395
2,107.1,99.8,0.9318394024276377
4,50.4,46.45,0.9216269841269841
8,83.4,79.45,0.9526378896882494
4,75.55,69.7,0.9225678358702846
2,78.1,72.75,0.9314980793854033
10,47.0,43.95,0.9351063829787234
6,74.65,71.55,0.9584728734092431
4,92.6,86.3,0.9319654427645788
0,66.25,59.6,0.8996226415094339
8,79.5,71.75,0.9025157232704403
6,37.7,33.65,0.8925729442970822
6,131.65,117.2,0.8902392707937714
2,62.2,57.55,0.9252411575562701
0,60.7,58.7,0.9670510708401977
6,101.8,96.85,0.9513752455795678
2,64.1,57.7,0.9001560062402496
2,89.75,83.75,0.9331476323119777
6,69.1,60.3,0.8726483357452967
6,109.3,102.45,0.9373284537968893
6,97.5,86.8,0.8902564102564102
0,59.55,56.15,0.9429051217464316
4,60.05,52.6,0.8759367194004996
4,46.2,41.35,0.895021645021645
4,90.1,80.5,0.8934517203107658
6,117.95,104.3,0.884272997032641
8,54.75,50.9,0.9296803652968036
8,44.5,42.0,0.9438202247191011
12,31.15,28.0,0.898876404494382
2,80.3,74.65,0.9296388542963886
2,36.25,32.5,0.896551724137931
6,47.0,40.9,0.8702127659574468
6,95.8,89.9,0.9384133611691023
2,62.65,57.15,0.9122106943335994
6,53.55,47.1,0.8795518207282913
10,57.5,47.05,0.8182608695652174
4,37.65,34.0,0.9030544488711819
0,34.8,32.7,0.9396551724137931
2,148.95,140.1,0.9405840886203424
12,46.0,38.1,0.8282608695652174
0,71.55,65.45,0.9147449336128581
0,52.25,48.8,0.9339712918660287
14,95.45,84.55,0.8858040859088528
8,119.35,109.05,0.9136992040217846
8,144.35,128.25,0.8884655351576031
8,48.5,46.1,0.9505154639175257
6,87.75,77.4,0.882051282051282
4,106.0,97.9,0.9235849056603773
4,72.3,63.55,0.8789764868603043
0,74.55,69.6,0.9336016096579477
2,210.6,189.25,0.8986229819563153
2,63.1,58.25,0.9231378763866878
8,37.2,32.75,0.8803763440860215
8,29.05,26.45,0.9104991394148021
8,50.6,43.95,0.8685770750988142
2,72.5,64.85,0.8944827586206896
2,110.25,102.65,0.9310657596371882
2,30.1,28.3,0.9401993355481728
4,191.2,172.75,0.9035041841004184
4,193.1,178.65,0.9251683065769032
2,105.3,99.7,0.9468186134852802
6,112.25,100.85,0.8984409799554566
4,117.55,112.05,0.9532113994045087
2,87.25,81.1,0.929512893982808
8,30.25,25.55,0.8446280991735537
6,207.15,195.1,0.9418295920830316
4,130.9,116.7,0.891520244461421
2,54.5,50.4,0.9247706422018349
6,146.75,135.8,0.9253833049403748
4,105.5,95.5,0.9052132701421801
8,56.6,52.0,0.9187279151943463
8,60.8,53.15,0.8741776315789473
4,61.35,56.2,0.9160554197229014
2,87.8,81.85,0.9322323462414579
6,76.4,69.35,0.9077225130890052
4,66.0,58.8,0.8909090909090909
2,77.75,65.25,0.8392282958199357
4,69.4,65.6,0.9452449567723343
4,97.25,89.1,0.9161953727506427
4,76.95,72.9,0.9473684210526315
14,30.35,26.4,0.8698517298187809
6,37.15,34.35,0.9246298788694481
4,46.3,41.35,0.8930885529157667
0,41.85,38.7,0.9247311827956989
12,69.55,57.2,0.822429906542056
2,151.6,141.2,0.9313984168865436
4,67.1,61.5,0.9165424739195231
8,40.05,33.1,0.8264669163545568
4,41.1,36.35,0.8844282238442822
6,85.65,80.7,0.9422066549912435
14,49.2,44.15,0.8973577235772358
0,160.45,152.15,0.9482704892489873
4,44.85,41.2,0.9186176142697882
4,104.75,99.45,0.9494033412887828
10,103.85,85.75,0.8257101588830044
8,76.05,69.05,0.9079552925706772
8,52.05,45.1,0.866474543707973
4,69.0,64.35,0.9326086956521739
10,25.55,23.4,0.9158512720156555
6,41.85,39.2,0.9366786140979689
10,88.65,74.15,0.8364354201917654
4,99.25,87.45,0.8811083123425693
6,78.9,69.6,0.8821292775665399
4,86.85,81.15,0.9343696027633851
12,61.8,52.7,0.8527508090614887
4,46.6,40.95,0.878755364806867
6,91.25,82.1,0.8997260273972603
6,109.95,99.3,0.903137789904502
2,55.05,53.25,0.9673024523160763
4,82.8,77.4,0.9347826086956522
4,57.8,51.8,0.8961937716262975
0,57.1,53.95,0.9448336252189142
2,80.1,76.5,0.9550561797752809
4,61.7,56.4,0.9141004862236629
6,118.7,113.1,0.9528222409435552
2,73.5,69.15,0.9408163265306122
0,53.05,51.6,0.9726672950047125
4,40.65,38.9,0.956949569495695
2,75.45,73.05,0.9681908548707754
8,89.15,79.2,0.8883903533370724
2,178.05,161.25,0.9056444818871103
8,58.2,47.9,0.8230240549828178
6,84.3,76.85,0.9116251482799526
4,61.0,55.3,0.9065573770491804
4,55.5,49.05,0.8837837837837837
8,50.75,46.2,0.9103448275862069
4,115.75,109.95,0.9498920086393089
4,66.95,60.65,0.905899925317401
14,62.9,49.0,0.7790143084260731
2,120.85,116.35,0.9627637567232106
6,105.05,98.55,0.9381247025226083
4,138.55,131.95,0.9523637675929267
6,48.75,44.35,0.9097435897435897
6,96.0,87.7,0.9135416666666667
4,150.2,137.55,0.9157789613848203
6,38.2,36.25,0.9489528795811518
6,55.05,44.45,0.8074477747502271
2,85.95,80.0,0.9307737056428156
2,103.6,91.1,0.8793436293436293
8,38.8,33.6,0.865979381443299
8,43.55,38.0,0.8725602755453502
10,49.05,46.75,0.9531090723751274
2,154.55,148.45,0.9605305726302168
8,78.55,73.5,0.9357097390197326
2,21.85,19.05,0.8718535469107551
4,107.1,95.0,0.8870214752567693
2,152.6,139.15,0.9118610747051114
6,68.95,64.8,0.939811457577955
4,61.5,54.3,0.8829268292682927
2,99.3,88.15,0.8877139979859013
8,121.1,107.8,0.8901734104046243
2,136.65,128.6,0.9410903768752287
6,57.6,50.8,0.8819444444444444
4,66.35,62.4,0.9404672192916352
2,118.2,107.35,0.9082064297800339
8,69.1,58.7,0.849493487698987
6,79.7,71.55,0.8977415307402761
4,46.9,41.7,0.8891257995735607
4,20.4,18.55,0.9093137254901961
6,84.75,79.0,0.9321533923303835
4,23.25,21.1,0.9075268817204301
0,78.5,73.9,0.9414012738853503
8,36.6,32.4,0.8852459016393442
0,90.65,80.75,0.8907887479316051
4,108.0,100.5,0.9305555555555556
2,107.4,103.5,0.9636871508379888
2,81.1,77.65,0.9574599260172626
4,83.7,76.25,0.9109916367980884
2,41.15,39.2,0.9526123936816525
4,27.35,25.1,0.9177330895795247
4,73.7,67.45,0.9151967435549525
2,64.85,59.3,0.9144178874325366
2,106.05,99.15,0.9349363507779349
0,78.45,70.85,0.9031230082855322
6,100.1,92.7,0.926073926073926
0,249.35,235.2,0.9432524563866052
0,130.25,124.35,0.9547024952015355
6,67.95,61.25,0.9013980868285504
2,31.6,29.6,0.9367088607594937
2,57.7,55.1,0.9549393414211439
2,68.5,66.75,0.9744525547445255
2,116.2,103.75,0.8928571428571429
4,144.15,128.95,0.8945542837322233
6,97.6,93.65,0.9595286885245902
4,84.2,70.25,0.8343230403800475
6,123.8,109.45,0.8840872374798061
6,31.7,29.1,0.917981072555205
0,127.4,113.8,0.8932496075353218
10,67.7,58.45,0.8633677991137371
2,87.25,79.25,0.9083094555873925
4,52.55,50.3,0.9571836346336822
2,108.3,94.95,0.8767313019390581
0,36.9,33.05,0.8956639566395664
2,76.6,72.25,0.9432114882506527
2,73.05,70.1,0.9596167008898016
6,67.05,61.45,0.9164802386278896
10,87.6,79.85,0.9115296803652968
6,101.35,94.65,0.9338924518993587
12,23.25,20.85,0.896774193548387
6,82.65,74.45,0.9007864488808227
6,83.75,75.15,0.8973134328358209
2,33.15,32.15,0.9698340874811463
4,56.3,52.45,0.9316163410301954
2,79.9,71.8,0.8986232790988736
10,42.15,34.65,0.8220640569395018
6,115.15,104.7,0.9092488059053409
12,26.4,21.9,0.8295454545454546
4,103.8,97.3,0.9373795761078998
6,59.25,51.4,0.8675105485232067
12,115.7,99.45,0.8595505617977528
2,53.2,50.75,0.9539473684210527
2,107.25,100.45,0.9365967365967366
2,86.55,77.1,0.8908145580589255
6,109.3,102.85,0.9409881061299177
6,51.65,47.0,0.9099709583736689
2,78.0,73.35,0.9403846153846154
2,80.05,75.1,0.9381636477201749
2,170.15,149.7,0.879811930649427
4,130.25,119.3,0.9159309021113243
2,164.2,150.35,0.9156516443361754
2,33.15,30.0,0.9049773755656109
10,23.95,21.2,0.8851774530271399
10,63.85,58.8,0.9209083790133125
0,29.0,27.4,0.9448275862068966
4,95.6,84.0,0.8786610878661087
6,63.5,59.3,0.9338582677165355
0,66.1,62.2,0.9409984871406959
4,55.3,50.7,0.9168173598553345
8,49.85,40.7,0.8164493480441324
2,138.15,121.65,0.8805646036916395
0,149.05,139.55,0.9362629989936263
10,29.0,24.4,0.8413793103448276
2,53.3,51.55,0.9671669793621013
2,61.9,56.95,0.9200323101777059
2,62.75,60.45,0.9633466135458167
6,66.25,59.95,0.9049056603773585
6,60.6,55.15,0.9100660066006601
2,44.05,39.35,0.8933030646992054
2,58.6,55.2,0.9419795221843004
8,47.95,44.2,0.921793534932221
8,75.1,66.8,0.8894806924101198
2,62.55,59.35,0.9488409272581935
6,46.7,40.9,0.8758029978586723
6,68.05,61.8,0.9081557678177811
4,68.05,62.95,0.9250551065393093
4,156.7,135.4,0.8640714741544352
8,67.55,59.75,0.8845299777942265
6,66.3,54.95,0.8288084464555053
4,74.1,67.5,0.9109311740890689
6,116.25,106.6,0.916989247311828
4,66.9,61.3,0.9162929745889388
8,26.95,23.1,0.8571428571428571
6,47.25,41.0,0.8677248677248677
6,136.15,124.85,0.9170033051781123
4,84.75,77.7,0.9168141592920354
2,74.75,69.8,0.9337792642140468
2,98.75,90.5,0.9164556962025316
2,107.7,99.25,0.9215413184772516
4,133.45,124.85,0.9355563881603597
2,171.35,158.05,0.9223810913335279
0,17.85,16.05,0.8991596638655462
0,66.95,63.75,0.9522031366691561
6,41.25,38.75,0.9393939393939394
4,72.35,66.25,0.9156876295784382
2,77.2,73.05,0.9462435233160622
10,112.55,102.15,0.9075966237227898
4,94.65,85.8,0.9064976228209192
0,96.4,90.95,0.9434647302904564
8,56.25,52.65,0.936
4,123.25,112.6,0.9135902636916836
4,187.55,171.35,0.913623033857638
4,109.75,102.05,0.9298405466970388
8,72.3,63.05,0.872060857538036
2,31.5,30.0,0.9523809523809523
0,122.9,115.1,0.9365337672904801
8,68.05,56.8,0.8346803820720059
2,88.9,82.25,0.9251968503937008
8,91.05,80.45,0.8835804503020318
4,38.1,33.2,0.8713910761154856
8,30.25,26.5,0.8760330578512396
10,118.2,105.0,0.8883248730964467
6,97.9,88.45,0.9034729315628192
4,58.25,53.6,0.9201716738197425
6,102.55,89.1,0.8688444661140907
6,136.2,123.45,0.9063876651982379
4,151.15,138.75,0.9179622891167715
6,58.4,55.35,0.9477739726027398
2,60.1,56.25,0.9359400998336106
2,121.55,107.3,0.8827642945290004
2,38.55,36.05,0.9351491569390402
14,55.55,44.3,0.7974797479747975
2,63.55,59.95,0.943351691581432
10,79.55,68.3,0.8585795097423005
2,72.75,63.65,0.874914089347079
12,57.85,51.5,0.8902333621434745
6,92.6,78.9,0.8520518358531317
6,79.95,73.75,0.9224515322076298
4,50.25,45.25,0.900497512437811
6,57.05,50.4,0.8834355828220859
2,135.85,129.5,0.9532572690467427
4,109.25,102.55,0.9386727688787185
4,50.35,47.05,0.9344587884806356
10,156.3,129.35,0.827575175943698
6,47.4,44.05,0.929324894514768
4,180.7,157.7,0.8727172108467073
4,84.75,77.1,0.9097345132743363
6,103.75,88.85,0.8563855421686747
6,80.25,72.7,0.9059190031152647
4,98.5,80.1,0.8131979695431472
6,103.2,91.05,0.8822674418604651
4,98.9,90.65,0.916582406471183
4,62.75,56.9,0.9067729083665339
4,136.95,131.45,0.9598393574297188
6,92.45,82.25,0.8896700919415901
2,60.85,55.25,0.9079704190632704
10,85.3,75.05,0.8798358733880423
4,66.8,59.7,0.8937125748502994
2,76.15,69.25,0.9093893630991464
6,66.95,58.4,0.8722927557879014
14,46.25,41.5,0.8972972972972973
6,57.8,56.25,0.9731833910034602
2,140.25,133.6,0.9525846702317291
4,81.65,75.65,0.9265156154317208
2,75.7,68.45,0.9042272126816381
10,32.7,28.2,0.8623853211009175
0,130.75,123.05,0.9411089866156788
4,51.6,49.15,0.9525193798449613
2,60.9,57.35,0.9417077175697866
6,41.2,38.2,0.9271844660194175
2,105.85,99.4,0.9390647142182333
8,138.15,124.25,0.8993847267462902
6,83.4,79.8,0.9568345323741008
4,34.45,31.45,0.9129172714078374
4,61.75,56.9,0.9214574898785425
16,18.0,16.35,0.9083333333333333
2,129.5,121.4,0.9374517374517375
8,55.35,49.05,0.8861788617886179
6,63.7,53.9,0.8461538461538461
2,40.95,37.4,0.9133089133089133
4,84.65,78.05,0.9220318960425281
0,181.05,173.2,0.9566418116542391
2,65.45,60.2,0.9197860962566845
4,92.25,88.4,0.9582655826558265
2,100.05,95.3,0.9525237381309345
6,155.95,142.75,0.9153574863738377
4,33.3,30.85,0.9264264264264265
4,36.25,32.2,0.8882758620689655
4,83.0,71.45,0.8608433734939759
4,63.65,58.35,0.9167321288295365
8,55.5,50.5,0.9099099099099099
2,133.25,124.05,0.9309568480300188
6,70.15,64.15,0.9144689950106913
0,74.5,63.75,0.8557046979865772
4,119.15,109.95,0.9227864036928242
2,172.1,161.7,0.9395700174317257
6,55.0,47.5,0.8636363636363636
2,70.0,65.9,0.9414285714285714
10,98.95,88.75,0.8969176351692774
2,88.05,82.0,0.9312890403180011
2,77.3,70.5,0.9120310478654593
6,20.2,17.95,0.8886138613861386
10,68.15,63.6,0.9332355099046221
6,161.0,147.45,0.9158385093167701
8,68.0,58.75,0.8639705882352942
12,78.85,69.9,0.8864933417882055
0,60.55,55.95,0.9240297274979355
10,99.65,88.05,0.8835925740090316
6,52.15,45.8,0.87823585810163
2,66.6,62.45,0.9376876876876877
8,64.95,61.3,0.9438029253271748
2,221.5,196.05,0.8851015801354402
4,52.05,46.3,0.8895292987512008
4,57.6,52.95,0.9192708333333334
4,112.05,103.75,0.9259259259259259
8,31.4,27.1,0.8630573248407644
10,42.05,38.65,0.9191438763376932
4,101.6,92.85,0.9138779527559056
6,97.0,90.6,0.934020618556701
6,45.4,42.85,0.9438325991189427
6,81.1,71.45,0.8810110974106042
4,93.85,85.3,0.9088971763452317
4,111.45,100.1,0.8981606101390758
10,107.15,86.65,0.8086794213719085
4,73.65,68.45,0.9293957909029192
6,110.65,104.1,0.9408043380027112
2,102.0,95.5,0.9362745098039216
0,113.25,104.9,0.9262693156732892
4,74.45,69.65,0.9355271994627267
6,95.1,85.35,0.8974763406940063
2,109.75,100.35,0.9143507972665148
12,86.25,73.45,0.8515942028985507
2,42.4,39.4,0.9292452830188679
2,61.65,57.0,0.9245742092457421
4,109.6,101.0,0.9215328467153284
4,117.0,107.7,0.9205128205128205
6,37.95,35.5,0.9354413702239789
8,45.65,41.05,0.8992332968236583
4,107.7,100.85,0.9363974001857011
2,96.85,91.3,0.9426948890036139
10,30.3,26.05,0.8597359735973598
0,42.75,39.4,0.9216374269005848
6,86.25,81.3,0.9426086956521739
4,59.05,54.7,0.9263336155800169
8,102.9,88.75,0.8624878522837707
6,68.45,60.3,0.8809349890430972
2,179.4,166.85,0.9300445930880713
2,180.4,169.15,0.9376385809312638
2,138.05,127.15,0.9210431003259688
0,92.1,88.25,0.9581976112920738
2,63.5,59.1,0.9307086614173228
6,81.85,72.1,0.8808796579108125
8,109.9,94.5,0.8598726114649682
6,118.5,105.9,0.8936708860759494
2,87.3,82.35,0.9432989690721649
2,144.1,134.35,0.9323386537126995
6,126.6,116.0,0.9162717219589257
2,46.25,41.95,0.907027027027027
8,89.25,75.75,0.8487394957983193
8,21.2,19.15,0.9033018867924528
4,135.2,118.2,0.8742603550295858
6,54.8,50.05,0.9133211678832117
8,86.75,83.15,0.9585014409221903
0,148.0,134.35,0.9077702702702702
6,96.15,85.0,0.8840353614144566
6,107.2,96.75,0.902518656716418
2,110.2,101.45,0.9205989110707804
8,77.55,71.15,0.9174725983236621
2,77.9,73.2,0.9396662387676509
4,80.95,76.0,0.938851142680667
10,67.25,54.5,0.8104089219330854
6,72.2,65.0,0.9002770083102493
8,66.85,59.6,0.8915482423335827
4,68.75,64.15,0.9330909090909091
6,83.0,73.35,0.8837349397590362
8,136.5,120.6,0.8835164835164835
4,106.65,95.35,0.8940459446788561
2,55.2,49.85,0.9030797101449275
2,73.05,66.8,0.9144421629021219
6,84.95,73.9,0.8699234844025897
4,79.05,69.35,0.877292852624921
2,32.25,29.95,0.9286821705426357
8,44.15,38.4,0.869762174405436
2,108.1,101.9,0.9426456984273821
4,83.25,75.65,0.9087087087087087
6,46.5,41.95,0.9021505376344086
0,128.35,124.25,0.9680560966108298
6,87.95,82.2,0.9346219442865265
4,67.35,60.95,0.9049740163325909
6,112.6,100.2,0.8898756660746003
2,114.25,103.4,0.9050328227571116
0,91.6,89.05,0.9721615720524017
6,122.45,108.15,0.8832176398530013
0,105.05,98.55,0.9381247025226083
2,72.55,67.55,0.9310820124052378
2,86.0,79.75,0.9273255813953488
6,75.15,66.75,0.8882235528942116
2,78.1,71.55,0.9161331626120358
4,65.25,59.45,0.9111111111111111
6,94.15,85.8,0.911311736590547
4,103.75,95.75,0.9228915662650602
4,54.15,49.0,0.9048938134810711
4,143.35,129.4,0.9026857342169515
6,92.85,83.75,0.9019924609585352
4,84.65,80.7,0.9533372711163615
0,57.95,55.55,0.9585849870578085
2,147.65,133.3,0.9028107009820522
2,109.4,100.1,0.9149908592321755
4,57.85,52.7,0.9109766637856526
4,136.6,126.7,0.9275256222547584
4,63.6,58.05,0.9127358490566038
4,207.35,195.0,0.9404388714733543
4,93.1,80.7,0.8668098818474759
0,145.6,134.95,0.9268543956043956
8,34.7,30.1,0.8674351585014409
2,99.8,91.4,0.9158316633266533
4,44.2,41.2,0.9321266968325792
6,79.7,73.5,0.9222082810539524
6,65.0,53.95,0.83
2,82.8,76.55,0.9245169082125604
4,78.5,72.05,0.9178343949044586
6,102.65,92.4,0.9001461276181199
2,79.35,74.2,0.9350976685570258
2,22.8,21.8,0.956140350877193
4,48.9,44.4,0.9079754601226994
2,88.7,79.3,0.8940248027057497
4,95.0,84.2,0.8863157894736842
6,34.3,31.65,0.922740524781341
6,118.45,110.2,0.9303503588011819
6,117.85,110.05,0.9338141705557913
4,74.2,66.8,0.9002695417789758
0,58.4,54.7,0.9366438356164384
4,104.0,92.55,0.8899038461538461
10,68.15,66.25,0.9721203228173148
4,224.1,194.0,0.8656849620705043
12,75.5,64.9,0.8596026490066225
0,58.65,56.45,0.9624893435635123
4,67.5,61.85,0.9162962962962963
4,57.05,51.65,0.9053461875547765
0,86.8,79.4,0.9147465437788018
0,123.65,117.3,0.9486453699959563
10,46.25,44.0,0.9513513513513514
4,106.6,96.65,0.9066604127579737
8,121.65,112.35,0.9235511713933415
6,58.8,55.85,0.9498299319727891
0,85.05,79.35,0.9329805996472663
8,75.9,70.35,0.9268774703557312
8,17.8,16.55,0.9297752808988764
0,91.75,87.85,0.9574931880108992
2,47.75,43.2,0.9047120418848168
2,90.3,86.2,0.9545957918050941
8,146.15,135.5,0.9271296613068765
6,51.0,45.15,0.8852941176470588
4,80.7,71.9,0.8909541511771994
4,63.7,57.25,0.8987441130298273
0,64.6,60.75,0.9404024767801857
4,68.7,62.65,0.9119359534206696
2,40.05,34.35,0.8576779026217228
12,54.85,47.45,0.8650865998176845
0,176.15,166.35,0.9443655975021289
2,161.8,150.15,0.9279975278121138
6,80.9,75.95,0.9388133498145859
8,77.45,61.25,0.7908327953518399
0,67.9,65.25,0.9609720176730486
4,89.15,79.5,0.8917554683118339
12,51.6,43.85,0.8498062015503876
2,88.2,84.65,0.9597505668934241
0,104.65,96.85,0.9254658385093167
0,122.25,116.2,0.9505112474437628
2,87.15,78.7,0.9030407343660356
6,73.9,67.55,0.9140730717185386
2,210.55,179.75,0.8537164568985989
16,34.0,28.35,0.8338235294117647
10,124.8,109.65,0.8786057692307693
4,54.5,50.7,0.9302752293577982
0,60.75,56.5,0.9300411522633745
8,132.9,120.25,0.9048156508653122
10,20.1,16.05,0.7985074626865671
6,57.0,47.1,0.8263157894736842
0,57.05,48.8,0.8553900087642419
6,67.6,61.75,0.9134615384615384
0,114.0,109.3,0.9587719298245614
6,58.7,49.15,0.8373083475298126
10,50.35,46.3,0.9195630585898709
8,45.75,39.0,0.8524590163934426
8,50.35,45.1,0.8957298907646475
0,150.65,144.55,0.9595087952207103
6,83.6,76.75,0.9180622009569378
12,39.85,34.25,0.8594730238393977
6,111.1,102.25,0.9203420342034203
0,159.25,150.4,0.9444270015698587
6,50.5,43.05,0.8524752475247525
4,68.85,64.15,0.9317356572258533
4,50.5,45.95,0.9099009900990099
2,61.65,58.1,0.9424168694241687
2,127.2,120.2,0.9449685534591195
4,64.35,61.15,0.9502719502719502
0,187.35,180.2,0.9618361355751268
14,48.5,42.75,0.8814432989690721
2,77.05,72.2,0.9370538611291369
6,99.75,88.1,0.8832080200501253
6,81.75,73.6,0.9003058103975535
0,82.4,79.25,0.9617718446601942
4,74.4,67.55,0.9079301075268817
0,67.5,63.75,0.9444444444444444
16,16.65,15.05,0.9039039039039038
4,57.4,51.1,0.8902439024390244
2,96.85,88.3,0.9117191533298916
2,138.85,130.95,0.9431040691393591
4,61.9,56.5,0.9127625201938611
0,49.8,46.3,0.929718875502008
10,62.9,56.25,0.8942766295707473
4,98.9,91.4,0.9241658240647118
6,69.2,61.35,0.8865606936416185
2,116.05,111.45,0.960361912968548
8,40.3,33.6,0.8337468982630273
4,148.25,130.75,0.8819561551433389
6,81.1,77.25,0.9525277435265105
8,93.9,85.65,0.9121405750798722
8,79.15,71.5,0.903348073278585
4,47.65,42.05,0.8824763903462749
4,58.55,52.3,0.8932536293766012
8,54.75,49.4,0.902283105022831
2,60.25,57.0,0.946058091286307
6,67.35,59.0,0.8760207869339273
2,87.05,80.6,0.925904652498564
4,64.65,59.4,0.9187935034802784
4,149.35,140.8,0.9427519250083696
8,92.15,84.35,0.9153553988062941
8,100.1,92.7,0.926073926073926
8,102.2,88.85,0.8693737769080235
2,38.3,36.05,0.9412532637075718
4,100.15,95.4,0.9525711432850724
10,93.45,82.5,0.8828250401284109
2,109.7,102.9,0.9380127620783957
12,62.75,52.75,0.8406374501992032
6,45.5,41.1,0.9032967032967033
0,69.6,65.3,0.9382183908045977
8,45.9,41.95,0.9139433551198257
2,65.85,56.25,0.8542141230068337
8,26.25,22.3,0.8495238095238096
2,82.15,75.45,0.9184418746195983
4,98.25,90.6,0.9221374045801527
0,92.5,87.7,0.9481081081081081
4,99.2,92.45,0.9319556451612904
2,53.9,48.25,0.8951762523191095
2,54.1,47.75,0.8826247689463955
2,89.25,81.0,0.907563025210084
4,70.9,61.55,0.8681241184767278
4,117.6,112.75,0.9587585034013606
4,70.7,60.45,0.8550212164073551
6,75.0,68.8,0.9173333333333333
12,115.0,106.05,0.9221739130434783
2,73.85,67.65,0.9160460392687881
6,122.4,109.6,0.8954248366013072
4,49.4,44.85,0.9078947368421053
2,116.1,107.0,0.921619293712317
6,111.4,97.1,0.8716337522441652
4,80.5,72.9,0.9055900621118013
8,53.95,47.35,0.8776645041705282
8,71.8,59.85,0.8335654596100278
2,77.45,72.35,0.934151065203357
4,121.9,114.3,0.9376538146021329
10,58.9,50.15,0.8514431239388794
4,62.2,59.25,0.952572347266881
14,98.95,85.95,0.8686205154118242
0,57.25,51.95,0.9074235807860263
4,64.85,60.65,0.9352351580570547
2,148.55,131.5,0.8852238303601481
2,110.0,108.45,0.985909090909091
2,50.25,46.15,0.918407960199005
4,81.75,76.65,0.9376146788990826
2,60.9,56.8,0.9326765188834154
2,123.95,114.2,0.9213392496974586
2,159.7,149.2,0.9342517219787101
8,123.0,107.95,0.8776422764227643
6,77.05,70.3,0.9123945489941596
8,78.95,69.9,0.8853704876504117
2,147.3,133.65,0.9073319755600815
6,62.75,57.4,0.9147410358565737
10,30.4,25.55,0.8404605263157895
10,36.8,31.8,0.8641304347826086
2,53.25,51.35,0.964319248826291
8,111.8,100.8,0.9016100178890877
2,104.85,98.05,0.9351454458750597
0,90.95,85.25,0.937328202308961
2,52.0,47.45,0.9125
2,63.5,56.1,0.8834645669291339
8,66.4,61.5,0.9262048192771084
8,47.65,43.8,0.919202518363064
6,114.4,105.5,0.9222027972027972
4,69.75,63.7,0.9132616487455197
4,47.95,43.3,0.9030239833159541
10,111.2,99.2,0.8920863309352518
2,56.5,53.55,0.947787610619469
2,112.0,104.6,0.9339285714285714
4,69.3,61.35,0.8852813852813853
8,68.1,56.75,0.8333333333333334
6,61.55,56.75,0.9220146222583265
2,71.85,68.25,0.9498956158663883
4,65.35,60.05,0.9188982402448355
6,111.3,100.5,0.9029649595687331
10,111.55,92.6,0.8301210219632452
6,98.35,89.35,0.9084900864260295
2,61.0,56.25,0.9221311475409836
8,73.05,65.25,0.893223819301848
4,64.3,56.55,0.8794712286158631
2,159.7,149.15,0.9339386349405134
4,120.6,110.05,0.9125207296849088
4,70.7,64.6,0.9137199434229137
6,190.7,175.05,0.9179339276350288
4,24.5,21.5,0.8775510204081632
6,95.2,88.65,0.9311974789915967
4,95.9,89.55,0.9337851929092805
4,88.25,83.9,0.9507082152974504
0,96.1,92.55,0.9630593132154006
6,57.55,50.15,0.8714161598609904
2,73.95,68.25,0.922920892494929
0,61.3,57.55,0.9388254486133768
4,58.2,53.45,0.9183848797250859
4,62.35,54.15,0.8684843624699278
2,68.8,60.3,0.876453488372093
2,38.8,33.15,0.854381443298969
0,128.25,121.25,0.9454191033138402
0,63.35,58.75,0.9273875295974744
2,59.65,56.4,0.9455155071248952
16,56.45,48.8,0.8644818423383526
0,119.6,109.5,0.9155518394648829
2,163.3,147.8,0.9050826699326393
4,67.75,60.55,0.8937269372693727
8,92.3,76.1,0.8244853737811484
2,38.7,33.5,0.8656330749354005
6,47.1,44.2,0.9384288747346072
2,92.35,85.4,0.9247428262046562
10,40.3,35.45,0.8796526054590571
0,56.65,51.1,0.9020300088261254
16,69.65,58.95,0.8463747307968413
6,67.0,58.35,0.8708955223880597
4,68.45,62.95,0.9196493791088386
2,126.2,116.25,0.9211568938193344
10,94.5,81.95,0.8671957671957672
6,46.65,40.1,0.8595927116827439
0,96.0,85.5,0.890625
6,54.0,44.65,0.8268518518518518
2,74.1,66.0,0.8906882591093117
2,91.6,82.2,0.8973799126637555
10,99.55,87.3,0.8769462581617278
4,74.15,69.6,0.9386378961564397
6,36.75,33.0,0.8979591836734694
4,102.75,97.4,0.9479318734793187
0,75.25,72.2,0.959468438538206
4,26.75,23.8,0.8897196261682243
2,76.8,72.8,0.9479166666666666
4,41.1,37.8,0.9197080291970803
2,77.2,73.1,0.9468911917098446
2,119.25,107.8,0.9039832285115303
4,63.05,55.95,0.887390959555908
2,119.35,110.8,0.9283619606200252
0,177.75,167.15,0.940365682137834
10,93.0,86.1,0.9258064516129032
6,33.8,30.75,0.9097633136094675
0,53.7,51.45,0.9581005586592178
8,116.55,101.65,0.8721578721578721
0,111.4,106.05,0.9519748653500898
6,53.85,49.6,0.9210770659238626
10,91.75,78.05,0.8506811989100818
4,63.55,54.75,0.8615263571990559
0,26.4,24.5,0.928030303030303
4,94.7,84.7,0.8944033790918691
6,30.05,27.2,0.9051580698835274
4,42.15,37.75,0.8956109134045077
8,105.0,91.2,0.8685714285714285
2,188.1,169.45,0.9008506113769271
2,64.0,58.2,0.909375
4,83.1,78.1,0.9398315282791817
4,111.95,104.85,0.9365788298347476
12,85.1,74.65,0.8772032902467685
2,146.8,138.7,0.9448228882833788
8,67.3,61.4,0.912332838038633
6,69.25,61.25,0.8844765342960289
12,36.35,33.85,0.9312242090784044
6,162.85,155.5,0.9548664415105925
10,65.5,58.0,0.8854961832061069
2,69.0,63.6,0.9217391304347826
2,97.35,88.95,0.9137134052388289
0,152.9,143.35,0.9375408763897972
6,35.9,28.8,0.8022284122562674
2,32.85,29.6,0.9010654490106544
6,70.15,58.85,0.8389166072701354
4,101.95,91.4,0.8965179009318294
6,83.8,71.75,0.8562052505966588
6,74.5,62.75,0.8422818791946308
8,121.9,108.75,0.8921246923707957
6,82.6,72.2,0.87409200968523
12,118.55,108.55,0.9156474061577393
2,62.5,57.45,0.9192
0,61.75,56.75,0.9190283400809717
4,54.2,47.85,0.8828413284132841
2,76.3,67.1,0.8794233289646134
6,87.65,78.35,0.8938961779806047
2,44.65,41.75,0.93505039193729
12,53.9,42.7,0.7922077922077922
2,115.35,109.15,0.9462505418292154
0,88.55,84.75,0.9570863918690006
2,87.75,83.8,0.954985754985755
6,55.25,47.2,0.8542986425339366
4,102.4,93.75,0.91552734375
2,30.4,25.6,0.8421052631578947
0,152.2,142.0,0.9329829172141918
10,37.4,32.0,0.8556149732620321
2,150.0,138.85,0.9256666666666666
0,100.5,94.15,0.93681592039801
4,59.55,56.55,0.9496221662468514
4,64.25,60.4,0.9400778210116731
4,84.45,79.35,0.9396092362344582
6,126.5,108.6,0.8584980237154151
4,177.6,153.35,0.8634572072072072
8,56.15,50.55,0.9002671415850401
4,60.9,54.25,0.8908045977011494
8,112.65,97.95,0.8695073235685752
4,99.45,92.85,0.9336349924585219
0,130.45,115.4,0.8846301264852434
0,32.35,29.35,0.9072642967542504
4,86.25,73.95,0.8573913043478261
2,160.3,141.85,0.8849033063006863
10,72.55,62.7,0.8642315644383184
4,53.15,47.4,0.8918156161806209
8,74.65,65.6,0.8787675820495646
14,89.0,79.7,0.895505617977528
4,86.9,78.3,0.9010356731875719
2,167.75,162.55,0.9690014903129657
2,94.4,87.4,0.9258474576271186
4,136.45,129.25,0.947233418834738
2,79.35,69.1,0.870825456836799
6,89.3,83.55,0.9356103023516238
8,81.6,76.35,0.9356617647058824
10,75.65,64.75,0.8559153998678123
4,123.25,116.15,0.9423935091277891
2,144.35,124.95,0.8656044336681676
6,26.15,23.0,0.8795411089866156
4,119.9,107.2,0.8940783986655546
0,29.1,26.85,0.9226804123711341
2,80.45,73.7,0.9160969546302051
2,96.7,91.5,0.9462254395036195
14,21.4,19.6,0.9158878504672897
2,97.65,87.25,0.8934971838197645
2,71.1,69.95,0.9838255977496484
0,64.3,55.3,0.8600311041990669
8,70.1,60.45,0.862339514978602
2,137.4,125.5,0.913391557496361
2,113.0,103.1,0.9123893805309734
0,92.55,85.75,0.9265262020529443
4,39.7,37.8,0.9521410579345088
6,72.6,68.85,0.9483471074380165
6,107.05,97.7,0.9126576366184026
0,65.45,61.9,0.9457601222307105
12,40.85,32.3,0.7906976744186046
6,130.75,117.4,0.8978967495219885
6,69.9,57.0,0.8154506437768241
2,60.35,57.0,0.9444904722452361
8,50.0,45.5,0.91
10,19.25,16.65,0.8649350649350649
0,112.8,101.3,0.8980496453900709
0,86.95,81.85,0.941345600920069
2,88.2,82.7,0.937641723356009
0,74.3,67.95,0.914535666218035
4,117.45,100.25,0.8535547041294168
6,63.5,59.85,0.9425196850393701
8,26.7,21.95,0.8220973782771536
10,68.85,55.3,0.8031953522149601
4,23.25,20.5,0.8817204301075269
8,75.85,67.9,0.8951878707976269
8,27.4,25.35,0.9251824817518248
4,83.45,77.3,0.926303175554224
4,97.3,90.05,0.9254881808838643
0,52.8,50.55,0.9573863636363636
2,69.65,62.95,0.9038047379755922
4,41.8,37.7,0.9019138755980861
2,89.65,79.55,0.8873396542108198
6,79.7,75.45,0.9466750313676286
6,78.75,69.6,0.8838095238095238
6,115.9,102.05,0.8805004314063848
2,37.0,33.8,0.9135135135135135
2,106.3,96.8,0.9106302916274694
8,79.75,66.6,0.8351097178683385
4,105.6,97.9,0.9270833333333334
0,43.85,40.55,0.9247434435575826
2,54.75,50.1,0.915068493150685
4,107.0,95.45,0.8920560747663552
2,71.4,66.5,0.9313725490196079
2,53.15,49.05,0.922859830667921
8,99.6,92.1,0.9246987951807228
2,82.35,76.35,0.9271402550091075
0,89.8,82.5,0.9187082405345212
4,60.05,53.55,0.8917568692756037
12,56.65,50.05,0.883495145631068
12,36.45,29.75,0.8161865569272977
4,113.55,100.55,0.885512989872303
4,64.8,61.05,0.9421296296296297
6,57.4,52.6,0.9163763066202091
16,37.45,32.1,0.8571428571428571
8,122.4,106.05,0.866421568627451
6,79.6,71.75,0.9013819095477387
4,57.55,51.35,0.8922675933970461
0,85.45,79.6,0.9315389116442364
2,85.95,79.8,0.9284467713787086
6,73.1,69.45,0.9500683994528044
4,95.5,89.2,0.9340314136125655
4,67.0,62.75,0.9365671641791045
6,94.3,84.95,0.9008483563096501
8,31.55,27.3,0.8652931854199684
0,60.85,56.7,0.9317995069843878
4,112.05,103.1,0.9201249442213297
4,60.75,56.95,0.9374485596707819
4,73.85,70.3,0.9519295870006771
2,67.25,64.75,0.9628252788104089
2,114.0,107.55,0.9434210526315789
8,89.6,77.85,0.8688616071428571
6,54.25,46.95,0.8654377880184332
2,44.0,39.65,0.9011363636363636
6,72.25,60.05,0.8311418685121107
0,69.35,64.55,0.9307858687815429
4,77.55,69.25,0.8929722759509994
6,88.35,75.15,0.8505942275042445
6,104.85,90.55,0.8636146876490224
6,134.15,107.35,0.8002236302646292
8,51.3,47.65,0.928849902534113
10,50.85,47.4,0.9321533923303835
2,175.3,152.3,0.8687963491158015
10,82.3,71.5,0.8687727825030377
2,100.45,87.45,0.8705823792931807
4,88.3,83.95,0.950736126840317
6,55.5,49.15,0.8855855855855855
8,64.4,54.8,0.8509316770186336
4,70.75,65.4,0.9243816254416961
6,96.7,84.75,0.8764219234746639
0,26.25,25.3,0.9638095238095238
6,83.15,73.7,0.8863499699338545
4,79.35,71.95,0.9067422810333964
6,27.85,25.35,0.9102333931777379
16,26.55,22.5,0.847457627118644
4,97.8,92.7,0.9478527607361963
2,82.65,77.5,0.9376890502117362
4,78.35,73.25,0.9349074664964901
6,37.8,32.3,0.8544973544973545
2,74.0,71.3,0.9635135135135136
0,83.75,76.85,0.9176119402985075
6,41.85,37.75,0.9020310633213859
4,71.9,65.95,0.9172461752433936
8,72.95,67.5,0.9252912954078135
4,74.65,68.6,0.9189551239115874
6,42.65,39.45,0.9249706916764361
4,67.0,63.35,0.9455223880597015
4,93.25,82.25,0.8820375335120644
6,70.2,63.55,0.9052706552706553
6,27.35,25.05,0.9159049360146252
6,129.8,114.75,0.8840523882896765
4,64.2,61.15,0.9524922118380063
0,68.05,60.8,0.893460690668626
6,24.0,19.25,0.8020833333333334
14,92.3,83.4,0.9035752979414952
14,69.7,64.1,0.9196556671449068
6,164.0,154.8,0.9439024390243902
2,79.8,74.85,0.9379699248120301
0,131.0,118.5,0.9045801526717557
6,103.4,94.0,0.9090909090909091
8,33.4,31.45,0.9416167664670658
8,59.35,52.15,0.8786857624262847
4,71.85,61.7,0.8587334725121781
8,64.25,58.7,0.9136186770428015
6,63.65,56.6,0.8892380204241949
4,41.4,37.1,0.8961352657004831
8,112.95,99.65,0.882248782647189
4,103.7,94.1,0.9074252651880425
2,126.6,118.65,0.9372037914691943
4,73.3,66.75,0.9106412005457026
4,160.45,142.85,0.8903085073231536
16,58.1,49.8,0.8571428571428571
10,65.65,57.7,0.8789032749428789
4,40.7,37.7,0.9262899262899262
8,20.05,18.0,0.8977556109725686
2,99.1,90.85,0.9167507568113017
4,53.9,49.15,0.911873840445269
4,78.5,71.95,0.9165605095541401
6,48.0,42.05,0.8760416666666667
2,58.05,55.85,0.9621016365202412
4,91.0,83.65,0.9192307692307692
8,12.8,11.8,0.921875
2,69.35,63.0,0.9084354722422494
8,87.05,78.0,0.8960367604824814
4,60.7,56.85,0.9365733113673805
2,26.4,25.05,0.9488636363636364
4,106.0,96.8,0.9132075471698113
4,149.85,136.6,0.9115782449115782
6,69.9,65.75,0.9406294706723891
2,105.25,99.75,0.9477434679334917
2,120.3,113.9,0.9467996674979219
2,117.85,112.55,0.9550275774289351
4,55.65,51.8,0.9308176100628931
6,144.7,133.45,0.9222529371112647
12,21.0,16.25,0.7738095238095238
6,98.7,90.75,0.9194528875379939
0,52.3,49.65,0.9493307839388145
4,18.3,16.5,0.9016393442622951
2,73.7,66.9,0.9077340569877883
4,156.05,140.85,0.9025953220121756
2,11.1,9.4,0.8468468468468469
6,137.8,122.85,0.8915094339622641
2,168.95,156.05,0.9236460491269607
4,40.0,35.7,0.8925
6,70.8,63.2,0.8926553672316384
10,83.55,75.55,0.9042489527229204
0,143.05,129.45,0.9049283467319119
0,162.05,154.55,0.9537179882752237
4,114.2,106.85,0.9356392294220666
8,48.45,44.6,0.9205366357069144
6,89.45,84.6,0.9457797652319732
2,100.1,93.5,0.9340659340659341
0,87.1,81.3,0.9334098737083811
0,155.9,146.6,0.9403463758819757
4,115.55,105.15,0.9099956728688879
4,40.0,34.65,0.86625
6,113.05,99.0,0.8757187085360459
0,62.25,57.2,0.9188755020080321
6,82.05,73.0,0.8897014015843998
10,60.75,51.9,0.854320987654321
4,58.85,54.95,0.9337298215802888
4,85.05,78.85,0.9271017048794826
10,116.45,106.9,0.9179905538857879
6,82.25,67.1,0.8158054711246201
4,48.85,44.95,0.9201637666325486
14,42.25,37.65,0.8911242603550296
2,62.5,56.1,0.8976
0,70.0,67.65,0.9664285714285714
6,59.1,54.45,0.9213197969543148
4,96.3,87.55,0.9091381100726895
6,80.45,71.2,0.8850217526413922
2,62.15,59.5,0.9573612228479486
4,115.5,107.7,0.9324675324675324
4,99.3,92.05,0.9269889224572004
8,47.8,41.65,0.8713389121338913
6,56.8,48.85,0.8600352112676056
8,63.45,56.6,0.8920409771473601
8,34.05,30.75,0.9030837004405287
4,120.25,110.15,0.916008316008316
0,54.0,51.55,0.9546296296296296
2,44.35,42.7,0.9627959413754228
4,140.45,123.8,0.8814524741901032
2,66.35,60.0,0.9042954031650339
10,98.9,87.5,0.884732052578362
6,66.0,59.2,0.896969696969697
6,65.55,56.9,0.8680396643783371
6,54.7,50.65,0.9259597806215722
12,80.75,70.1,0.8681114551083592
2,85.2,80.75,0.9477699530516432
4,42.85,39.25,0.9159859976662778
8,111.45,100.6,0.9026469268730373
12,62.45,52.85,0.8462770216172938
2,95.5,87.55,0.9167539267015706
4,63.3,54.05,0.8538704581358609
4,39.55,35.15,0.888748419721871
4,111.95,98.65,0.8811969629298794
2,130.95,118.5,0.9049255441008018
2,171.95,159.45,0.9273044489677231
0,93.75,87.6,0.9344
8,40.5,36.8,0.908641975308642
4,109.85,99.05,0.9016841147018662
2,117.65,103.1,0.8763280917977051
8,76.2,67.9,0.8910761154855643
0,70.55,66.3,0.9397590361445783
4,65.0,60.15,0.9253846153846154
2,83.1,74.7,0.8989169675090253
0,142.9,136.25,0.9534639608117564
6,134.3,117.7,0.8763961280714817
4,39.2,36.45,0.9298469387755102
0,77.0,71.45,0.9279220779220779
4,41.35,39.55,0.9564691656590084
4,79.5,71.35,0.8974842767295598
10,63.6,54.35,0.8545597484276729
2,109.45,104.35,0.9534033805390589
4,171.6,157.8,0.9195804195804196
0,54.4,51.05,0.9384191176470589
0,172.7,162.7,0.9420961204400695
6,86.5,78.25,0.9046242774566474
0,122.35,109.7,0.896608091540662
4,48.35,41.4,0.8562564632885212
4,73.4,67.1,0.9141689373297003
8,54.35,41.65,0.766329346826127
8,91.0,83.2,0.9142857142857143
6,74.45,65.75,0.8831430490261921
2,123.65,111.5,0.9017387788111605
8,96.55,86.35,0.8943552563438633
2,87.7,83.55,0.9526795895096921
4,56.4,52.75,0.9352836879432624
6,189.05,170.25,0.9005554086220576
4,72.85,67.05,0.9203843514070007
8,142.55,124.35,0.8723254998246229
4,68.15,64.05,0.9398385913426266
2,184.8,172.5,0.9334415584415584
2,43.75,41.7,0.9531428571428572
8,88.0,77.1,0.8761363636363636
2,79.45,72.6,0.9137822529893015
2,126.35,119.55,0.9461812425801346
2,41.5,38.1,0.9180722891566265
18,38.6,34.9,0.9041450777202072
6,108.6,98.45,0.9065377532228361
4,62.95,56.9,0.9038919777601271
4,112.0,97.95,0.8745535714285714
10,86.05,74.9,0.8704241719930274
2,72.5,68.8,0.9489655172413793
4,159.95,149.4,0.9340418880900281
2,44.35,41.05,0.9255918827508456
2,54.8,51.45,0.9388686131386861
0,36.4,33.3,0.9148351648351648
2,77.45,70.75,0.9134925758553906
14,31.05,26.2,0.8438003220611916
12,39.9,37.85,0.9486215538847118
6,24.35,21.7,0.891170431211499
2,52.3,48.6,0.9292543021032504
4,41.45,37.05,0.893848009650181
10,41.75,37.25,0.8922155688622755
2,116.15,106.75,0.9190701678863539
6,76.0,68.8,0.9052631578947369
6,87.55,81.3,0.9286122215876642
6,58.0,52.45,0.9043103448275862
10,59.85,51.65,0.8629908103592314
6,143.25,132.5,0.924956369982548
10,91.85,78.5,0.8546543277082199
6,83.25,81.1,0.9741741741741742
4,71.9,65.0,0.9040333796940194
0,109.45,99.7,0.910918227501142
6,58.45,51.1,0.874251497005988
4,72.0,62.2,0.8638888888888889
6,28.4,25.65,0.903169014084507
4,160.4,139.95,0.8725062344139651
6,131.75,121.65,0.9233396584440228
4,140.25,130.9,0.9333333333333333
4,80.8,76.35,0.9449257425742574
6,87.5,81.8,0.9348571428571428
0,120.65,118.85,0.9850808122668877
6,80.7,74.2,0.919454770755886
4,126.6,116.95,0.9237756714060031
2,76.3,73.0,0.9567496723460026
4,58.1,53.15,0.9148020654044751
2,102.05,97.45,0.9549240568348849
6,99.4,91.2,0.9175050301810865
6,34.5,30.9,0.8956521739130435
2,104.85,93.75,0.894134477825465
0,103.55,96.65,0.9333655239014969
4,78.8,71.65,0.9092639593908629
0,116.65,112.5,0.9644234890698671
2,169.2,153.75,0.9086879432624113
0,129.0,116.05,0.8996124031007752
8,98.65,84.2,0.853522554485555
2,111.0,103.35,0.9310810810810811
10,85.55,73.9,0.863822326125073
2,112.55,99.3,0.8822745446468236
4,117.5,110.0,0.9361702127659575
4,111.85,103.7,0.9271345552078677
0,116.45,110.55,0.9493344783168742
0,119.05,115.1,0.9668206635867282
4,76.8,68.95,0.8977864583333334
4,163.9,145.9,0.8901769371568029
4,53.9,51.6,0.9573283858998145
2,80.15,75.55,0.9426076107298814
2,76.1,73.65,0.9678055190538765
6,60.5,56.5,0.9338842975206612
8,109.65,103.6,0.9448244414044688
6,175.8,158.1,0.8993174061433447
14,100.3,93.6,0.9332003988035892
2,97.2,89.95,0.9254115226337448
8,22.4,19.05,0.8504464285714286
0,130.8,116.65,0.8918195718654435
4,63.7,59.5,0.9340659340659341
0,130.65,123.8,0.9475698430922311
10,42.15,34.4,0.8161328588374852
6,121.5,107.25,0.8827160493827161
2,82.75,78.1,0.9438066465256798
8,79.7,71.75,0.9002509410288582
2,68.65,59.05,0.8601602330662782
6,40.0,37.3,0.9325
8,92.6,86.05,0.9292656587473002
12,49.15,42.3,0.8606307222787386
12,62.0,51.9,0.8370967741935483
4,104.2,93.8,0.9001919385796545
2,78.0,67.8,0.8692307692307693
4,90.45,82.6,0.9132117191818684
4,102.4,87.95,0.85888671875
10,38.85,33.3,0.8571428571428571
4,39.9,36.5,0.9147869674185464
0,67.6,64.15,0.9489644970414202
8,71.1,62.65,0.8811533052039381
2,115.65,102.1,0.8828361435365326
6,80.05,73.95,0.9237976264834479
2,79.65,69.9,0.8775894538606404
0,109.55,103.8,0.9475125513464172
0,105.95,96.15,0.9075035394053799
4,34.9,32.5,0.9312320916905444
6,71.7,65.7,0.9163179916317992
4,59.7,53.35,0.8936348408710217
2,67.7,57.7,0.8522895125553914
2,141.45,132.25,0.9349593495934959
2,80.5,75.9,0.9428571428571428
2,129.35,121.35,0.9381522999613452
4,83.4,75.15,0.9010791366906474
8,132.4,112.35,0.8485649546827795
2,74.65,69.2,0.926992632283992
8,131.85,119.05,0.9029199848312476
2,68.75,61.5,0.8945454545454545
2,63.7,59.65,0.9364207221350078
8,52.7,46.75,0.8870967741935484
2,67.8,63.9,0.9424778761061947
4,66.15,62.8,0.9493575207860923
2,98.0,94.9,0.9683673469387755
2,132.45,125.05,0.9441298603246508
0,202.75,192.35,0.9487053020961775
0,163.0,154.85,0.95
4,89.7,81.35,0.9069119286510591
2,118.8,109.4,0.9208754208754208
12,23.75,20.35,0.8568421052631578
6,91.85,80.25,0.8737071311921611
0,35.65,31.7,0.8892005610098177
0,127.75,122.25,0.9569471624266145
4,132.7,123.05,0.9272795779954786
2,165.3,154.05,0.9319419237749547
8,47.0,40.8,0.8680851063829788
4,66.95,58.3,0.8707991038088125
4,91.0,83.3,0.9153846153846154
8,45.1,40.5,0.8980044345898004
10,101.55,89.55,0.8818316100443131
6,61.75,59.6,0.9651821862348178
4,110.8,100.2,0.9043321299638989
0,64.8,60.05,0.9266975308641975
8,42.1,38.75,0.9204275534441805
8,78.2,70.95,0.9072890025575447
2,106.55,97.35,0.9136555607695918
2,80.3,78.15,0.973225404732254
4,128.6,119.2,0.926905132192846
2,57.6,49.8,0.8645833333333334
6,49.05,42.1,0.8583078491335372
8,51.15,45.3,0.8856304985337243
0,138.5,127.4,0.91985559566787
8,93.85,83.75,0.8923814597762387
6,85.5,75.2,0.87953216374269
4,175.0,165.25,0.9442857142857143
2,25.15,23.4,0.9304174950298211
8,34.7,31.0,0.8933717579250721
14,19.2,17.7,0.921875
12,47.55,42.25,0.8885383806519453
6,112.1,107.45,0.9585191793041927
4,81.5,74.1,0.90920245398773
0,139.9,127.3,0.9099356683345247
2,76.65,69.3,0.9041095890410958
0,57.3,54.85,0.9572425828970331
10,19.6,18.15,0.9260204081632653
2,85.45,73.65,0.8619075482738443
6,67.95,62.35,0.9175864606328182
0,97.15,93.35,0.9608852290272774
2,176.55,159.2,0.9017275559331634
8,73.2,60.5,0.8265027322404371
4,80.5,75.25,0.9347826086956522
10,50.85,46.35,0.911504424778761
4,51.25,48.55,0.9473170731707317
2,85.2,81.2,0.9530516431924883
2,116.35,110.65,0.9510098839707778
2,69.6,62.9,0.9037356321839081
8,87.5,76.9,0.8788571428571429
6,103.7,92.05,0.8876567020250723
8,46.85,39.5,0.8431163287086446
4,53.5,45.9,0.8579439252336448
6,105.55,95.85,0.9081004263382283
4,73.7,69.45,0.9423337856173677
2,48.55,46.05,0.9485066941297632
6,24.2,22.1,0.9132231404958677
2,98.8,92.9,0.9402834008097166
2,42.3,36.95,0.8735224586288416
12,68.9,60.05,0.8715529753265603
6,90.4,79.3,0.8772123893805309
8,98.5,87.05,0.883756345177665
4,86.55,79.6,0.9196995956094743
4,69.55,64.7,0.9302659956865564
2,74.8,68.95,0.9217914438502673
4,94.05,82.2,0.8740031897926634
8,40.65,36.9,0.9077490774907749
4,74.7,67.45,0.9029451137884873
6,72.3,68.5,0.9474412171507607
2,42.05,35.4,0.8418549346016647
10,94.75,83.5,0.8812664907651715
2,67.85,64.4,0.9491525423728814
6,75.05,64.8,0.8634243837441705
6,37.6,33.95,0.9029255319148937
8,83.35,76.2,0.9142171565686863
4,134.45,123.65,0.9196727407958348
6,33.25,30.8,0.9263157894736842
4,94.75,82.7,0.8728232189973615
2,104.85,93.2,0.8888888888888888
6,66.25,63.45,0.9577358490566038
4,110.85,102.8,0.9273793414524132
6,122.45,109.9,0.8975091874234381
2,89.1,81.25,0.9118967452300786
4,67.2,62.95,0.9367559523809523
4,157.35,146.65,0.9319987289482047
4,40.8,37.0,0.9068627450980392
6,77.9,72.6,0.9319640564826701
4,62.4,57.85,0.9270833333333334
2,94.15,92.1,0.9782262347318109
2,170.4,151.1,0.8867370892018779
2,129.35,112.85,0.8724391186702745
12,66.65,60.65,0.9099774943735934
2,71.5,68.3,0.9552447552447553
4,91.2,86.05,0.9435307017543859
2,123.9,109.5,0.8837772397094431
6,128.45,109.2,0.8501362397820164
4,63.75,61.3,0.9615686274509804
2,58.3,54.05,0.9271012006861064
2,66.8,60.2,0.9011976047904192
2,38.25,36.25,0.9477124183006536
2,83.25,79.7,0.9573573573573574
0,77.65,73.0,0.9401159047005795
10,100.0,91.55,0.9155
16,62.65,56.25,0.8978451715881883
10,121.55,110.5,0.9090909090909091
4,38.25,34.5,0.9019607843137255
6,72.35,63.95,0.8838977194194886
10,91.95,82.3,0.8950516585100599
6,72.3,61.15,0.8457814661134163
2,94.65,88.8,0.9381933438985737
4,87.2,82.1,0.9415137614678899
0,109.75,103.6,0.9439635535307517
4,98.35,91.15,0.9267920691408236
0,23.8,21.25,0.8928571428571429
8,73.65,65.1,0.8839103869653768
6,103.15,96.55,0.9360155113911779
2,134.6,130.3,0.9680534918276374
0,69.35,65.65,0.946647440519106
0,103.5,96.1,0.9285024154589372
0,97.35,87.15,0.8952234206471494
6,83.05,73.25,0.8819987959060807
2,31.75,29.5,0.9291338582677166
2,102.9,99.6,0.967930029154519
0,94.0,85.7,0.9117021276595745
4,49.05,43.95,0.8960244648318043
12,145.2,127.75,0.8798209366391184
4,65.25,57.75,0.8850574712643678
8,104.35,95.2,0.9123143267848587
2,75.45,66.65,0.8833664678595096
2,52.75,45.85,0.8691943127962085
16,115.05,108.3,0.9413298565840938
8,55.6,49.1,0.8830935251798561
10,58.5,52.0,0.8888888888888888
0,95.1,84.45,0.88801261829653
2,97.3,90.3,0.9280575539568345
4,58.05,52.0,0.8957795004306632
6,177.8,154.15,0.8669853768278966
8,156.55,145.95,0.9322900031938678
0,52.3,47.45,0.9072657743785851
2,107.75,99.35,0.9220417633410672
4,106.6,95.3,0.8939962476547842
2,61.2,60.4,0.9869281045751634
2,41.05,35.05,0.853836784409257
4,175.45,162.15,0.9241949273297235
6,53.35,48.85,0.915651358950328
8,60.15,54.15,0.9002493765586035
6,66.75,58.75,0.8801498127340824
4,155.55,137.2,0.8820315011250401
8,184.95,167.0,0.9029467423628007
2,78.2,71.55,0.9149616368286445
8,39.75,34.45,0.8666666666666667
6,45.1,40.35,0.8946784922394678
10,85.95,80.65,0.9383362420011635
4,33.75,29.7,0.88
4,180.15,167.3,0.9286705523175132
6,124.3,111.3,0.8954143201930812
4,71.25,65.75,0.9228070175438596
8,75.15,67.4,0.8968729208250167
10,129.25,121.65,0.9411992263056093
0,44.25,38.75,0.8757062146892656
8,80.7,73.25,0.9076827757125155
6,51.75,48.0,0.927536231884058
4,56.4,52.4,0.9290780141843972
8,138.25,123.95,0.8965641952983725
2,170.4,153.9,0.903169014084507
6,34.15,30.3,0.8872620790629575
4,88.1,78.85,0.895005675368899
4,56.85,53.5,0.9410729991204925
4,121.75,108.15,0.8882956878850102
4,133.45,121.3,0.9089546646684151
6,62.3,54.35,0.8723916532905297
0,61.95,56.85,0.9176755447941889
4,104.55,99.85,0.9550454328072693
4,83.05,74.2,0.893437688139675
6,49.2,45.05,0.915650406504065
8,91.45,78.1,0.854018589393111
4,31.2,28.95,0.9278846153846154
4,68.7,63.25,0.9206695778748181
6,56.45,52.65,0.9326837909654562
2,125.8,109.4,0.8696343402225755
6,119.9,111.15,0.927022518765638
2,100.0,85.6,0.856
2,101.15,90.95,0.8991596638655462
2,79.3,71.75,0.9047919293820933
2,72.65,63.2,0.8699242945629732
6,149.05,145.65,0.9771888627977189
0,132.9,122.8,0.9240030097817908
2,61.85,56.85,0.9191592562651576
4,15.25,14.05,0.921311475409836
4,87.0,81.75,0.9396551724137931
2,58.8,53.65,0.9124149659863946
4,114.75,98.2,0.8557734204793028
2,57.65,53.25,0.9236773633998265
4,54.8,50.9,0.9288321167883211
4,100.6,81.95,0.8146123260437376
2,112.6,102.4,0.9094138543516874
4,97.6,88.45,0.90625
8,81.15,67.1,0.8268638324091189
2,56.15,53.8,0.9581478183437222
6,93.0,82.85,0.8908602150537634
