rf,total_quartet,correct_quartet,correct_prop
2,182.55,174.1,0.9537113119693235
0,223.8,207.25,0.9260500446827524
2,255.7,236.25,0.9239342980054752
6,202.85,175.15,0.8634458959822529
4,119.7,112.65,0.9411027568922306
2,244.7,233.35,0.9536166734777278
4,169.35,159.45,0.941541186891054
0,219.55,209.9,0.956046458665452
6,161.95,145.25,0.8968817536276629
2,125.1,115.65,0.9244604316546763
4,45.8,43.7,0.9541484716157205
0,235.05,222.85,0.9480961497553712
0,134.85,121.75,0.9028550241008528
2,228.0,208.05,0.9125
2,212.6,197.45,0.9287394167450611
2,126.95,116.35,0.9165025600630169
0,169.55,161.05,0.9498672957829549
2,143.95,134.15,0.9319208058353595
2,362.8,341.3,0.9407386990077178
2,172.6,151.8,0.8794901506373117
8,140.75,128.0,0.9094138543516874
6,85.5,74.35,0.8695906432748538
2,186.4,169.9,0.9114806866952789
2,223.45,205.8,0.9210114119489818
0,155.4,142.1,0.9144144144144144
2,186.3,167.95,0.9015029522275899
2,219.75,202.3,0.9205915813424346
2,240.0,224.05,0.9335416666666667
0,181.5,168.75,0.9297520661157025
2,181.5,162.3,0.8942148760330578
2,173.15,163.7,0.9454230436038117
0,39.05,36.1,0.9244558258642765
6,55.8,45.75,0.8198924731182796
0,199.6,185.35,0.9286072144288577
2,195.3,186.6,0.9554531490015361
2,252.0,229.75,0.9117063492063492
0,185.5,176.6,0.952021563342318
2,154.15,136.35,0.8845280570872527
0,126.75,119.75,0.9447731755424064
0,308.95,295.6,0.9567891244537952
4,71.55,66.4,0.9280223619846262
6,135.0,121.2,0.8977777777777778
2,170.3,151.05,0.8869641808573107
0,206.65,199.95,0.9675780304863295
0,186.8,180.9,0.9684154175588865
8,164.75,151.2,0.9177541729893779
0,180.75,173.4,0.9593360995850623
2,219.2,199.1,0.9083029197080292
4,210.4,197.25,0.9375
2,125.85,117.15,0.930870083432658
2,120.15,109.2,0.9088639200998752
4,238.1,210.6,0.884502309953801
4,149.4,134.0,0.8969210174029452
0,123.9,117.2,0.9459241323648103
0,208.1,195.65,0.9401729937530033
6,112.75,106.05,0.9405764966740576
0,182.65,166.2,0.9099370380509171
2,90.15,82.7,0.9173599556295063
4,121.3,109.75,0.9047815333882935
4,144.1,132.6,0.9201943095072866
8,165.6,146.95,0.8873792270531401
0,155.85,144.0,0.9239653512993262
0,177.45,166.9,0.9405466328543252
2,153.45,141.1,0.9195177582274356
4,251.8,234.1,0.9297061159650516
2,215.9,195.55,0.9057433997220936
2,100.8,93.25,0.9250992063492064
2,242.3,226.45,0.9345852249277755
2,136.15,127.4,0.9357326478149101
4,154.0,139.35,0.9048701298701298
4,204.9,187.95,0.917276720351391
8,180.7,161.45,0.893469839513005
0,247.95,226.45,0.9132889695503126
2,285.7,266.4,0.9324466223311165
2,189.1,175.0,0.9254362771020624
0,220.55,202.25,0.9170256177737475
2,194.25,181.55,0.9346203346203347
0,192.75,184.3,0.9561608300907912
0,109.3,101.25,0.9263494967978042
4,192.6,176.95,0.9187435098650052
0,220.35,201.2,0.9130928068981167
2,152.55,143.5,0.9406751884627991
0,127.15,121.35,0.9543845851356665
0,214.2,198.3,0.9257703081232493
2,183.8,173.4,0.9434167573449401
2,175.75,163.4,0.9297297297297298
4,177.05,152.0,0.8585145439141485
2,151.55,143.8,0.9488617617947872
0,85.3,80.0,0.9378663540445487
4,157.95,142.9,0.9047166824944602
2,172.05,161.25,0.937227550130776
2,151.85,140.7,0.9265722752716496
4,119.1,102.7,0.8623005877413937
4,192.0,177.9,0.9265625
6,145.3,129.35,0.8902271163110805
4,116.95,107.25,0.917058572039333
4,139.5,127.8,0.9161290322580645
6,133.45,120.5,0.9029599100786811
0,216.35,204.45,0.9449965333949618
0,199.85,179.4,0.8976732549412059
0,208.2,195.0,0.9365994236311239
0,135.65,127.85,0.9424990785108736
0,251.6,234.55,0.9322337042925278
2,206.35,187.0,0.9062272837412164
0,230.35,213.05,0.9248968960277838
0,89.85,78.95,0.8786867000556483
0,146.0,138.25,0.946917808219178
0,195.15,182.35,0.9344094286446324
2,83.2,75.5,0.9074519230769231
0,291.3,272.45,0.9352900789564024
2,128.85,122.35,0.9495537446643384
0,216.5,203.4,0.9394919168591224
2,257.35,235.4,0.9147075966582475
2,93.45,86.15,0.9218833600856072
4,151.05,137.6,0.9109566368752069
2,123.2,114.7,0.9310064935064936
2,212.9,190.45,0.8945514325974636
0,130.1,121.0,0.930053804765565
0,195.05,185.25,0.9497564726993079
0,146.8,134.35,0.9151907356948229
0,160.5,153.65,0.9573208722741433
0,182.85,176.4,0.9647251845775225
2,123.45,114.25,0.9254759011745646
4,172.9,161.25,0.93262001156738
4,165.55,153.15,0.9250981576562972
6,108.9,96.7,0.8879706152433425
0,125.85,121.8,0.9678188319427891
2,46.15,42.55,0.9219934994582882
0,148.65,138.95,0.9347460477632021
6,231.85,206.6,0.8910933793400906
2,151.3,137.35,0.9077990746860541
2,240.5,225.1,0.935966735966736
2,177.3,167.85,0.9467005076142132
2,203.1,192.75,0.94903988183161
2,160.35,148.15,0.9239164328032429
2,334.0,315.5,0.9446107784431138
4,79.0,70.7,0.8949367088607595
8,130.0,113.95,0.8765384615384615
2,133.15,123.45,0.9271498310176493
8,134.65,111.75,0.8299294467137022
0,143.8,138.95,0.9662726008344924
0,120.95,113.3,0.9367507234394378
4,166.5,156.0,0.9369369369369369
2,184.9,180.3,0.9751216873985938
4,228.1,214.8,0.9416922402455064
0,95.75,91.4,0.9545691906005221
2,230.4,205.55,0.8921440972222222
0,209.95,193.2,0.9202190997856633
2,90.75,86.25,0.9504132231404959
4,55.4,51.65,0.9323104693140795
0,238.7,228.5,0.9572685379136993
4,153.85,136.25,0.8856028599285017
0,139.05,133.1,0.9572096368212873
0,170.0,163.3,0.9605882352941176
2,121.75,114.2,0.9379876796714579
4,96.65,84.85,0.8779099844800827
2,269.9,244.05,0.904223786587625
0,218.7,206.0,0.9419295839048926
0,211.65,195.75,0.92487597448618
2,121.2,113.45,0.9360561056105611
0,108.55,105.1,0.9682174113311838
0,151.4,141.85,0.9369220607661823
4,250.95,236.05,0.9406256226339909
8,134.95,124.2,0.9203408669877733
2,73.8,69.6,0.943089430894309
2,200.65,187.85,0.9362073261898829
2,188.65,175.7,0.9313543599257885
2,160.2,144.9,0.9044943820224719
2,142.8,136.6,0.9565826330532213
2,136.9,127.15,0.9287801314828342
2,231.6,210.5,0.9088946459412781
4,378.85,336.75,0.8888742246271611
2,72.15,68.75,0.9528759528759528
4,149.45,139.5,0.9334225493476079
2,237.15,217.35,0.9165085388994307
8,169.9,155.65,0.9161271336080047
4,114.7,102.9,0.8971229293809939
6,161.15,142.85,0.8864412038473471
2,194.95,184.15,0.9446011797896897
0,162.7,155.2,0.9539028887523049
0,189.45,179.45,0.9472156241752441
4,214.65,190.9,0.8893547635686
0,166.55,159.5,0.9576703692584809
2,293.35,273.0,0.9306289415374126
2,177.45,164.65,0.9278670047900817
4,188.75,175.3,0.9287417218543046
4,164.95,149.65,0.9072446195816914
2,119.4,109.65,0.9183417085427136
2,154.95,144.9,0.9351403678606002
4,179.2,169.9,0.9481026785714286
2,171.35,155.55,0.9077910709074992
4,172.15,157.3,0.9137380191693291
0,271.4,248.9,0.917096536477524
4,76.2,66.6,0.8740157480314961
6,127.25,118.6,0.9320235756385069
0,299.55,278.7,0.9303955933900852
0,136.6,126.85,0.928623718887262
2,166.95,155.7,0.9326145552560647
0,93.0,84.65,0.9102150537634408
0,201.35,177.65,0.882294512043705
2,177.85,165.7,0.9316840033736294
4,188.5,174.8,0.9273209549071618
2,164.1,148.5,0.9049360146252285
4,148.0,136.05,0.9192567567567568
2,288.55,273.5,0.9478426615837809
2,221.8,205.25,0.9253832281334535
2,236.7,226.1,0.9552175749894382
2,227.65,207.1,0.9097298484515703
2,317.85,294.75,0.9273242095327985
4,166.9,147.5,0.883762732174955
2,130.75,121.7,0.9307839388145316
2,197.4,183.85,0.9313576494427558
4,154.85,141.7,0.9150791088149822
2,212.3,192.2,0.9053226566179934
2,355.95,335.65,0.9429695181907571
4,105.45,98.0,0.9293504030346136
2,182.8,164.6,0.9004376367614879
2,70.4,64.6,0.9176136363636364
2,139.35,125.3,0.8991747398636527
4,207.1,187.35,0.904635441815548
0,316.3,297.9,0.9418273790705027
6,154.95,138.45,0.89351403678606
0,99.8,94.3,0.9448897795591182
4,147.8,131.65,0.8907307171853857
0,231.15,214.85,0.9294830196841878
0,98.05,91.9,0.9372768995410505
0,138.05,130.05,0.9420499818906194
0,144.55,135.35,0.9363542026980284
0,302.1,282.2,0.9341277722608408
8,125.55,114.35,0.9107925129430505
0,186.9,172.95,0.9253611556982343
6,79.85,72.15,0.9035691922354414
8,148.95,133.3,0.8949311849613965
2,180.05,162.75,0.9039155790058317
0,108.4,102.2,0.9428044280442804
6,114.3,104.85,0.9173228346456693
2,82.05,70.65,0.8610603290676416
2,125.95,116.0,0.9210003969829297
6,71.75,66.9,0.932404181184669
2,202.15,190.65,0.9431115508285927
6,180.15,170.05,0.9439356092145434
6,102.55,94.45,0.9210141394441735
4,112.1,100.15,0.8933987511150758
2,220.35,202.25,0.9178579532561834
0,251.8,236.6,0.9396346306592533
0,191.75,181.15,0.9447196870925685
2,192.55,178.35,0.9262529213191378
2,119.85,110.25,0.9198998748435544
0,212.85,188.8,0.8870096311956777
4,198.35,187.25,0.9440383161078901
4,110.65,100.3,0.9064618165386353
0,247.15,232.1,0.9391058061905725
2,109.15,103.5,0.9482363719651855
2,198.05,190.25,0.960616006059076
6,177.0,155.5,0.8785310734463276
0,112.0,107.55,0.9602678571428571
0,73.45,69.3,0.943498978897209
0,160.05,151.25,0.9450171821305842
0,160.9,149.9,0.9316345556246115
4,207.75,192.0,0.924187725631769
6,135.2,123.15,0.9108727810650887
0,185.65,174.55,0.9402100727174791
10,119.95,107.85,0.8991246352646937
2,199.9,183.45,0.9177088544272136
2,258.5,238.5,0.9226305609284333
4,139.95,128.5,0.9181850660950339
2,166.75,155.85,0.9346326836581709
0,203.05,196.85,0.9694656488549618
6,185.4,168.6,0.9093851132686084
2,114.75,102.05,0.8893246187363835
2,236.5,214.95,0.9088794926004228
0,202.3,189.6,0.9372219476025705
6,235.65,206.45,0.8760874177806068
2,261.15,239.55,0.9172889144170018
6,147.05,124.6,0.847330839850391
2,116.6,106.9,0.9168096054888508
2,182.25,159.85,0.8770919067215364
4,279.3,257.35,0.9214106695309703
0,166.6,157.55,0.9456782713085234
0,280.4,262.15,0.9349144079885877
6,165.15,150.05,0.9085679685134725
0,336.55,317.8,0.9442876244243055
0,214.1,196.95,0.9198972442783746
2,266.25,251.9,0.9461032863849765
2,244.95,231.25,0.9440702184119208
2,281.55,263.15,0.9346474871248446
2,174.7,159.25,0.9115626788780767
2,209.25,190.85,0.9120669056152927
0,231.95,220.0,0.9484802759215348
0,337.35,320.7,0.9506447309915518
0,231.3,211.4,0.9139645482057933
0,268.5,257.25,0.9581005586592178
8,89.0,78.85,0.8859550561797753
2,210.0,199.7,0.950952380952381
0,238.45,225.1,0.9440134200041937
8,143.75,126.25,0.8782608695652174
8,119.55,106.9,0.8941865328314513
2,222.35,208.45,0.9374859455812907
0,221.85,208.55,0.9400495830516115
2,96.5,90.0,0.9326424870466321
0,129.0,123.55,0.9577519379844961
2,132.9,124.65,0.9379232505643341
2,73.6,67.45,0.9164402173913043
2,269.3,251.2,0.9327887114741924
2,295.15,272.85,0.9244451973572759
2,142.25,133.15,0.9360281195079087
2,211.9,196.5,0.9273242095327985
0,124.65,116.5,0.9346169273967108
2,132.9,124.95,0.9401805869074492
2,186.1,164.4,0.8833960236432026
10,97.05,91.3,0.9407521895929933
0,170.2,161.5,0.9488836662749707
0,250.25,232.1,0.9274725274725275
2,104.05,96.75,0.9298414223930802
4,171.65,164.3,0.9571803087678415
4,245.2,218.0,0.8890701468189234
0,139.6,133.75,0.9580945558739254
0,217.1,204.05,0.9398894518654998
8,127.8,110.8,0.86697965571205
2,161.5,150.85,0.9340557275541795
2,201.7,181.35,0.899107585523054
2,157.55,142.85,0.9066962868930498
2,274.5,257.1,0.9366120218579235
2,180.85,164.7,0.9106994747027923
2,148.55,135.15,0.9097946819252777
2,190.7,177.5,0.9307813319349764
2,217.05,203.15,0.9359594563464639
0,253.3,241.15,0.9520331622581919
2,287.8,262.45,0.9119179986101459
0,238.05,227.8,0.9569418189455997
0,235.65,224.35,0.952047528113728
8,73.3,66.8,0.9113233287858117
0,95.9,90.75,0.9462982273201251
2,184.95,176.95,0.9567450662341174
6,190.9,168.75,0.8839706652697747
4,207.3,194.55,0.9384949348769899
0,144.3,139.35,0.9656964656964657
0,172.75,165.9,0.9603473227206947
2,195.75,180.8,0.9236270753512132
2,149.55,138.3,0.9247743229689067
2,95.7,88.3,0.922675026123302
8,57.45,48.7,0.8476936466492603
0,163.75,145.2,0.8867175572519084
4,156.2,146.25,0.9362996158770807
2,265.9,253.55,0.953553967657014
2,202.9,185.9,0.9162148841793987
8,153.45,134.3,0.8752036493971977
4,273.95,246.25,0.8988866581492974
0,208.8,194.25,0.930316091954023
0,92.25,88.75,0.962059620596206
4,327.45,309.25,0.9444189952664529
6,115.65,106.25,0.9187202766969303
4,220.6,207.65,0.9412964641885766
2,152.75,140.75,0.9214402618657938
0,132.2,125.2,0.9470499243570348
2,304.7,286.2,0.9392845421726288
2,79.1,74.75,0.9450063211125158
2,229.6,215.55,0.9388066202090593
0,210.0,200.85,0.9564285714285714
0,127.3,120.05,0.9430479183032208
2,209.45,184.55,0.8811172117450465
4,161.7,153.6,0.9499072356215214
0,188.5,176.6,0.9368700265251989
2,118.25,102.95,0.8706131078224102
2,116.25,108.3,0.9316129032258065
6,106.95,94.45,0.8831229546517064
6,53.3,49.4,0.926829268292683
4,233.75,207.2,0.8864171122994653
6,143.75,122.05,0.8490434782608696
0,133.4,124.25,0.9314092953523239
4,199.3,178.9,0.8976417461113899
6,253.3,225.35,0.8896565337544414
4,347.9,308.95,0.888042540960046
4,140.45,130.5,0.9291562833748666
4,154.9,146.3,0.9444803098773402
0,212.4,195.8,0.9218455743879472
0,155.55,146.55,0.9421407907425265
4,140.25,124.6,0.8884135472370767
2,309.85,292.95,0.9454574794255285
4,97.8,89.3,0.9130879345603272
4,175.45,156.75,0.8934169278996865
0,207.3,195.85,0.9447660395561988
4,144.65,125.9,0.870376771517456
0,171.05,163.9,0.9581993569131833
2,379.8,342.85,0.9027119536598209
0,203.8,185.55,0.9104514229636899
6,57.35,52.5,0.9154315605928509
4,61.6,57.5,0.9334415584415584
2,130.8,123.8,0.9464831804281345
0,126.15,116.95,0.9270709472849782
0,386.7,363.25,0.9393586759762089
2,174.9,162.7,0.9302458547741567
4,154.85,141.2,0.9118501775912173
0,167.2,159.45,0.9536483253588517
2,159.35,152.45,0.9566990900533417
6,52.15,45.8,0.87823585810163
0,252.55,237.4,0.9400118788358741
2,376.5,352.75,0.9369189907038512
8,92.4,79.45,0.8598484848484849
4,175.8,167.15,0.9507963594994312
0,116.85,112.95,0.9666238767650834
4,288.0,266.4,0.925
0,185.3,170.9,0.922288181327577
0,139.05,131.45,0.9453434016540813
0,263.35,245.6,0.932599202582115
4,126.95,115.55,0.9102008664828672
6,46.65,41.45,0.8885316184351554
4,98.15,90.9,0.9261334691798268
2,150.85,141.25,0.9363606231355651
0,167.1,159.3,0.9533213644524237
2,213.25,184.9,0.8670574443141852
2,122.55,115.05,0.9388004895960832
4,142.8,127.75,0.8946078431372549
2,153.3,143.55,0.9363992172211351
4,209.8,190.45,0.907769304099142
0,148.15,138.0,0.9314883563955451
2,122.2,115.1,0.94189852700491
4,130.25,118.5,0.9097888675623801
0,232.7,213.75,0.9185646755479158
0,236.75,220.6,0.9317845828933474
2,114.55,104.05,0.9083369707551288
2,193.9,180.5,0.9308922124806601
2,98.3,90.5,0.9206510681586979
2,167.05,154.05,0.9221789883268483
2,184.15,166.4,0.9036111865327179
0,95.25,91.55,0.9611548556430446
0,220.85,206.75,0.9361557618292959
2,250.45,224.45,0.8961868636454382
0,131.15,116.5,0.8882958444529165
0,133.3,129.4,0.9707426856714179
0,266.05,252.05,0.9473783123473032
2,166.6,156.45,0.9390756302521008
6,157.2,142.75,0.9080788804071247
4,92.1,86.5,0.9391965255157437
2,170.45,158.95,0.9325315341742446
2,179.8,165.45,0.9201890989988877
4,41.8,37.3,0.8923444976076556
10,108.6,93.35,0.8595764272559853
2,223.15,205.45,0.9206811561729779
2,81.95,78.05,0.9524100061012812
0,140.65,131.05,0.9317454674724494
2,175.3,145.45,0.8297204791785511
2,172.6,162.8,0.9432213209733488
2,157.5,141.0,0.8952380952380953
2,176.8,159.9,0.9044117647058824
0,238.8,225.75,0.9453517587939698
4,274.45,247.0,0.8999817817453089
2,220.2,208.4,0.9464123524069028
0,250.8,235.45,0.9387958532695375
2,162.25,141.85,0.8742681047765793
4,97.8,91.6,0.9366053169734151
0,166.1,160.05,0.9635761589403974
6,173.15,152.05,0.8781403407450188
0,266.15,254.95,0.9579184670298704
0,193.0,182.35,0.944818652849741
6,272.95,240.6,0.8814801245649386
0,165.6,150.75,0.9103260869565217
8,148.3,134.2,0.9049224544841538
0,149.4,136.35,0.9126506024096386
2,178.55,158.75,0.8891066928031364
0,131.05,124.7,0.95154521175124
2,228.95,213.1,0.9307709106791876
2,136.35,125.85,0.922992299229923
0,154.7,141.7,0.9159663865546218
0,260.1,237.8,0.9142637447135717
2,136.75,131.5,0.9616087751371115
4,140.0,130.15,0.9296428571428571
2,118.55,111.0,0.9363137916490932
2,141.8,135.4,0.9548660084626234
12,67.5,63.8,0.9451851851851852
4,259.6,242.75,0.9350924499229584
6,115.9,106.2,0.9163071613459879
6,127.65,118.9,0.9314531923227576
2,102.0,94.75,0.928921568627451
0,130.85,118.85,0.9082919373328239
4,87.15,80.65,0.9254159495123351
2,161.5,152.4,0.9436532507739938
4,188.1,168.35,0.8950026581605529
0,154.15,140.25,0.9098280895231917
2,118.95,107.1,0.9003783102143758
8,154.1,138.95,0.9016872160934458
0,128.0,118.8,0.928125
4,167.3,151.7,0.9067543335325762
4,341.6,303.35,0.8880269320843092
2,142.1,133.2,0.9373680506685432
4,161.9,144.85,0.8946880790611489
0,209.45,201.85,0.9637144903318214
4,108.7,101.95,0.937902483900644
0,155.35,144.95,0.9330543933054394
2,153.85,141.75,0.921351966200845
2,144.5,133.65,0.9249134948096885
2,120.5,114.0,0.946058091286307
4,118.5,104.8,0.8843881856540085
0,306.95,294.9,0.9607427919856654
0,95.45,85.75,0.8983761131482452
0,298.6,290.65,0.9733757535164099
0,176.8,165.15,0.934106334841629
2,141.15,129.25,0.9156925256818987
2,204.4,187.2,0.9158512720156555
8,251.45,229.45,0.9125074567508451
12,143.0,121.65,0.8506993006993007
4,101.75,95.35,0.937100737100737
0,198.25,186.15,0.9389659520807062
4,253.9,234.15,0.9222134698700276
2,171.6,162.1,0.9446386946386947
0,117.6,112.6,0.9574829931972789
2,134.95,124.7,0.9240459429418303
4,229.5,217.0,0.9455337690631809
6,140.35,127.45,0.9080869255432846
4,210.9,184.9,0.8767188240872451
2,69.4,64.8,0.9337175792507204
4,104.95,96.3,0.9175797999047165
2,216.6,197.4,0.9113573407202216
2,159.45,152.1,0.9539040451552211
0,143.05,126.1,0.881509961551905
2,258.7,240.0,0.9277155005798222
2,213.65,203.7,0.9534285045635384
2,114.95,105.35,0.916485428447151
0,202.9,195.6,0.9640216855593888
6,153.25,139.85,0.9125611745513866
0,174.9,162.15,0.9271012006861064
4,88.35,82.45,0.9332201471420487
0,110.35,104.2,0.9442682374263707
0,373.55,353.8,0.9471288984071744
0,292.85,272.85,0.9317056513573502
0,341.6,326.85,0.9568208430913349
0,108.1,102.35,0.9468085106382979
2,129.85,117.35,0.9037350789372353
6,136.0,118.8,0.8735294117647059
8,154.95,138.65,0.8948047757341078
0,223.8,216.15,0.9658176943699732
4,244.85,220.25,0.8995303246885848
0,101.95,98.3,0.9641981363413438
0,173.85,169.45,0.9746908254242163
4,192.55,168.15,0.8732796676188003
2,330.95,313.6,0.9475751624112404
0,120.4,113.0,0.9385382059800664
4,143.55,128.35,0.8941135492859631
0,123.1,111.65,0.9069861900893582
2,150.45,134.7,0.8953140578265204
0,224.1,202.25,0.9024988844265953
2,189.75,170.2,0.896969696969697
4,225.0,199.25,0.8855555555555555
0,111.85,103.85,0.9284756370138578
0,131.2,119.85,0.9134908536585366
2,176.45,163.95,0.9291584018135449
2,186.6,179.15,0.960075026795284
2,317.55,295.05,0.9291450165328294
2,79.75,73.25,0.9184952978056427
2,233.75,213.25,0.9122994652406418
2,255.35,235.8,0.9234384178578422
4,212.65,187.55,0.8819656712908536
0,252.05,226.4,0.8982344772862527
0,243.45,229.7,0.9435202300266995
10,137.25,131.2,0.9559198542805101
0,235.65,221.7,0.9408020369191598
2,153.5,132.05,0.8602605863192182
2,178.15,169.75,0.9528487229862476
0,106.35,98.55,0.926657263751763
4,71.6,66.55,0.9294692737430168
2,123.85,116.05,0.9370205894226887
4,261.9,237.75,0.9077892325315006
4,97.8,86.85,0.8880368098159509
6,170.05,153.9,0.9050279329608939
2,214.3,200.4,0.9351376574895007
2,162.9,151.5,0.9300184162062615
6,122.5,110.35,0.9008163265306123
0,195.6,180.5,0.9228016359918201
0,208.3,198.4,0.9524723955832933
4,135.95,119.8,0.8812063258550937
2,149.4,141.0,0.9437751004016064
0,229.95,211.5,0.9197651663405088
2,121.65,115.5,0.9494451294697904
2,183.4,174.45,0.9511995637949836
4,205.25,193.2,0.9412911084043849
2,116.65,107.65,0.9228461208744106
2,161.6,146.55,0.9068688118811881
4,154.3,140.15,0.9082955281918341
0,105.85,98.95,0.9348134152102031
10,94.15,85.2,0.9049389272437599
4,205.9,192.85,0.9366197183098591
2,138.8,130.15,0.9376801152737753
0,258.95,243.85,0.9416875844757675
2,156.5,149.2,0.9533546325878595
2,110.25,102.1,0.9260770975056689
2,211.15,200.65,0.9502723182571632
6,108.65,94.65,0.8711458812701335
2,281.1,261.1,0.9288509427250089
0,196.75,186.35,0.947141041931385
6,170.45,154.2,0.90466412437665
2,198.9,181.65,0.9132730015082956
6,134.1,121.05,0.9026845637583892
4,148.0,130.05,0.8787162162162162
2,134.3,125.9,0.9374534623976173
0,92.85,85.45,0.9203015616585891
2,203.1,186.9,0.9202363367799113
4,197.8,180.95,0.9148129423660263
0,103.7,92.9,0.8958534233365477
2,89.65,81.5,0.9090909090909091
0,168.6,158.05,0.9374258600237247
2,49.45,45.3,0.916076845298281
2,120.15,115.5,0.9612983770287141
0,341.45,322.5,0.94450139112608
4,101.95,97.4,0.9553702795487984
4,87.45,80.9,0.9251000571755289
0,203.75,191.1,0.9379141104294478
2,193.85,174.15,0.8983750322414238
2,182.7,168.55,0.9225506294471811
0,214.3,202.8,0.9463369108726085
0,262.4,244.25,0.9308307926829268
2,134.5,124.2,0.9234200743494424
0,201.7,183.7,0.910758552305404
2,331.5,295.7,0.8920060331825038
4,184.15,168.9,0.9171870757534618
4,166.35,152.55,0.9170423805229937
2,191.55,175.95,0.9185591229444009
0,316.15,301.7,0.9542938478570299
2,196.45,180.55,0.9190633749045559
4,112.0,101.5,0.90625
0,118.7,111.1,0.9359730412805392
6,75.15,66.4,0.8835662009314704
4,258.7,234.55,0.9066486277541554
4,166.15,145.4,0.8751128498344869
0,185.1,176.45,0.9532685035116153
2,357.55,333.75,0.9334358830932736
2,129.1,120.4,0.9326103795507359
0,144.75,136.45,0.9426597582037997
4,118.85,104.25,0.8771560790912916
0,229.95,216.4,0.9410741465535986
0,85.4,80.8,0.9461358313817331
4,80.5,72.05,0.8950310559006212
2,156.65,149.2,0.952441749122247
4,203.2,184.6,0.9084645669291339
4,125.25,111.5,0.8902195608782435
4,275.6,248.2,0.9005805515239478
0,177.35,171.1,0.9647589512263886
2,202.15,191.05,0.9450902794954242
0,218.45,209.8,0.9604028381780728
4,89.5,75.45,0.8430167597765363
2,152.55,144.85,0.949524745984923
2,265.55,250.6,0.9437017510826586
0,183.4,164.95,0.8994002181025081
4,125.65,111.7,0.8889773179466772
2,182.95,166.65,0.9109046187482919
8,111.0,95.55,0.8608108108108108
6,62.7,57.25,0.9130781499202552
2,286.6,269.3,0.9396371249127704
0,183.4,171.15,0.933206106870229
4,114.35,105.2,0.9199825098382161
4,221.0,200.3,0.9063348416289593
4,206.15,189.0,0.9168081494057725
0,138.65,126.75,0.9141723764875586
2,181.9,163.0,0.8960967564595932
0,188.2,180.8,0.9606801275239107
0,151.5,144.15,0.9514851485148514
0,127.05,114.7,0.9027941755214482
4,235.9,215.25,0.9124629080118695
4,110.5,101.3,0.9167420814479638
4,301.3,274.9,0.9123796880185862
2,215.2,195.05,0.9063661710037175
0,172.0,161.2,0.9372093023255814
2,140.3,136.3,0.9714896650035638
0,96.4,92.0,0.9543568464730291
4,177.55,166.9,0.9400168966488314
4,99.15,85.75,0.864851235501765
4,176.6,161.5,0.9144960362400906
0,269.6,254.1,0.9425074183976261
4,176.05,164.25,0.9329735870491338
4,270.15,256.45,0.949287432907644
4,151.2,142.05,0.939484126984127
4,130.5,115.9,0.8881226053639847
0,245.1,231.75,0.945532435740514
0,244.5,231.8,0.9480572597137015
4,155.1,138.45,0.8926499032882012
2,221.35,206.55,0.933137564942399
2,52.25,49.45,0.9464114832535885
0,186.85,169.05,0.9047364195879047
4,59.0,51.3,0.8694915254237288
0,173.75,160.2,0.9220143884892086
2,138.85,130.3,0.9384227583723442
0,133.75,120.7,0.9024299065420561
4,158.7,141.2,0.8897290485192186
4,306.1,283.35,0.9256778830447566
0,248.15,234.2,0.9437840016119282
0,262.85,235.9,0.8974700399467377
0,104.45,97.95,0.9377692675921494
4,139.55,129.75,0.9297742744536008
4,202.65,186.45,0.920059215396003
2,143.5,133.0,0.926829268292683
4,194.8,178.8,0.917864476386037
2,183.3,173.2,0.944899072558647
0,238.7,217.75,0.9122329283619606
0,141.05,130.25,0.923431407302375
4,105.05,97.6,0.9290813898143742
0,265.4,248.1,0.9348153730218538
2,191.95,180.85,0.942172440739776
4,241.95,216.25,0.8937797065509403
2,178.65,166.7,0.933109431849986
2,164.05,153.3,0.9344711978055471
2,104.65,98.35,0.939799331103679
2,205.65,187.1,0.9097982008266472
2,250.6,224.55,0.8960494812450119
2,139.2,128.25,0.9213362068965517
4,85.0,79.85,0.9394117647058824
2,163.15,148.3,0.908979466748391
0,157.75,145.65,0.9232963549920761
0,176.65,166.45,0.9422587036512878
6,209.9,189.7,0.9037636969985707
0,362.75,335.75,0.9255685733976567
2,93.25,85.35,0.9152815013404826
0,374.4,361.85,0.9664797008547008
4,137.15,126.55,0.9227123587313161
2,165.45,155.1,0.9374433363553943
2,124.8,111.65,0.8946314102564102
6,163.55,154.85,0.9468052583307857
4,154.3,144.2,0.9345430978613092
0,296.6,277.65,0.9361092380310182
8,127.2,113.55,0.8926886792452831
0,181.65,166.65,0.9174236168455822
0,159.65,150.0,0.9395552771688067
2,143.45,135.0,0.9410944579993029
0,258.65,241.6,0.9340808041755267
0,161.85,147.7,0.9125733704046957
4,133.8,125.15,0.9353512705530643
2,124.65,113.6,0.9113517849979944
2,248.1,240.75,0.9703748488512697
2,152.9,149.85,0.9800523217789405
0,281.9,261.65,0.9281660163178432
0,331.35,314.1,0.9479402444545043
0,189.95,164.55,0.8662806001579363
0,193.4,178.55,0.9232161323681489
8,40.2,37.0,0.9203980099502488
0,119.65,108.15,0.9038863351441705
0,265.2,233.65,0.8810331825037707
10,118.7,107.2,0.9031171019376579
4,136.4,117.75,0.8632697947214076
6,50.65,46.0,0.9081934846989141
2,52.9,47.9,0.9054820415879017
0,235.8,225.3,0.955470737913486
2,260.8,239.0,0.9164110429447853
0,162.7,151.7,0.9323909035033805
4,115.75,103.3,0.8924406047516199
2,168.75,155.2,0.9197037037037037
2,161.35,144.75,0.8971180663154633
2,254.4,237.0,0.9316037735849056
0,137.3,130.75,0.9522942461762564
0,287.95,270.7,0.9400937662788679
2,271.3,240.8,0.8875783265757464
2,273.55,248.8,0.9095229391336136
4,177.2,162.75,0.9184537246049661
6,119.7,113.9,0.9515455304928989
0,327.35,300.2,0.9170612494272186
0,178.75,168.65,0.9434965034965035
4,195.15,175.9,0.9013579297975916
4,145.2,138.05,0.9507575757575758
2,229.9,216.3,0.9408438451500652
0,234.85,222.2,0.9461358313817331
0,165.1,157.45,0.9536644457904301
6,113.1,102.95,0.9102564102564102
2,158.7,150.2,0.9464398235664776
2,117.0,104.5,0.8931623931623932
0,189.75,180.1,0.9491436100131753
2,255.85,229.05,0.895251123705296
2,194.85,176.45,0.9055683859379009
0,264.2,249.6,0.9447388342165026
4,168.25,152.15,0.9043090638930164
8,186.25,167.4,0.8987919463087248
2,130.85,122.35,0.9350401222774168
2,291.8,268.85,0.9213502398903358
10,89.45,77.05,0.8613750698714365
0,76.75,67.2,0.8755700325732899
4,332.25,308.5,0.928517682468021
0,119.35,114.2,0.9568496020108923
4,116.8,109.8,0.940068493150685
4,78.45,68.25,0.869980879541109
2,103.45,97.15,0.9391010149830836
0,113.15,101.75,0.8992487847989394
2,212.6,191.65,0.9014581373471308
6,215.0,200.2,0.9311627906976744
4,76.0,69.9,0.9197368421052632
2,177.0,168.55,0.9522598870056497
2,98.0,90.25,0.9209183673469388
2,168.9,154.75,0.9162226169330965
0,186.55,178.1,0.9547038327526133
2,123.55,113.5,0.9186564144071226
6,75.5,68.55,0.9079470198675497
2,203.45,185.85,0.9134922585401819
2,142.9,135.3,0.946815955213436
0,146.85,141.45,0.9632277834525026
0,207.15,197.05,0.9512430605841178
2,93.0,85.6,0.9204301075268817
2,101.7,97.35,0.9572271386430679
2,108.6,100.55,0.9258747697974218
4,130.15,121.95,0.9369957741067998
0,174.55,167.25,0.958178172443426
2,164.85,158.95,0.9642098877767667
2,86.7,78.85,0.9094579008073818
0,267.15,252.2,0.9440389294403893
4,133.85,118.55,0.8856929398580501
0,194.55,183.85,0.9450012850167052
2,193.7,181.05,0.9346928239545689
2,129.55,125.65,0.9698957931300656
2,191.4,180.95,0.9454022988505747
4,290.6,260.15,0.8952167928423951
6,262.55,231.2,0.8805941725385641
4,111.5,99.5,0.8923766816143498
0,148.8,139.0,0.9341397849462365
2,155.8,147.1,0.9441591784338896
2,225.5,207.75,0.9212860310421286
2,138.1,128.1,0.9275887038377987
0,240.0,227.0,0.9458333333333333
4,139.6,126.75,0.9079512893982808
2,178.4,163.4,0.9159192825112108
0,319.65,303.6,0.9497888315344909
2,240.3,225.65,0.9390345401581357
2,242.15,221.25,0.9136898616559983
6,143.9,133.35,0.9266851980542044
2,165.55,157.45,0.9510721836303232
4,225.95,206.85,0.9154680238990928
4,239.4,223.75,0.9346282372598163
4,90.3,84.35,0.9341085271317829
2,173.7,160.05,0.9214162348877375
4,238.1,221.6,0.9307013859722806
4,99.4,89.95,0.9049295774647887
0,207.05,187.3,0.9046124124607583
2,204.0,191.8,0.9401960784313725
4,150.3,136.75,0.9098469727212242
0,85.3,79.9,0.936694021101993
0,237.95,222.5,0.9350703929396932
2,126.05,115.7,0.9178897262990877
4,239.3,232.15,0.9701211867948182
4,148.95,138.2,0.9278281302450486
0,248.5,207.8,0.8362173038229376
2,282.7,270.5,0.9568447117085249
0,193.4,182.9,0.9457083764219235
0,90.0,83.6,0.9288888888888889
8,167.2,141.5,0.8462918660287081
4,186.3,170.5,0.9151905528717122
0,256.4,245.4,0.9570982839313572
2,156.7,143.2,0.9138481174218251
0,127.15,118.85,0.9347227683837986
0,128.7,118.5,0.9207459207459208
0,166.15,158.1,0.9515498043936202
0,147.75,136.85,0.9262267343485617
4,248.2,231.35,0.9321112006446414
0,237.8,220.5,0.9272497897392767
0,71.4,63.25,0.8858543417366946
8,234.65,216.55,0.9228638397613467
0,199.2,187.9,0.9432730923694779
2,153.9,142.9,0.9285250162443145
6,193.0,173.7,0.9
0,229.1,211.5,0.9231776516804888
0,256.15,242.85,0.9480772984579348
2,120.75,113.7,0.9416149068322981
2,219.3,200.15,0.9126766985864113
0,218.7,204.05,0.933013260173754
0,163.5,152.55,0.9330275229357798
4,88.0,83.25,0.9460227272727273
0,141.25,130.0,0.9203539823008849
0,186.75,174.85,0.9362784471218206
2,307.25,283.4,0.9223759153783564
2,121.75,109.45,0.8989733059548255
0,186.3,176.9,0.9495437466451959
4,139.45,129.4,0.9279311581211904
0,147.9,136.95,0.9259634888438134
0,280.2,258.85,0.9238044254104212
2,189.85,175.6,0.9249407426915986
6,139.55,120.75,0.8652812611967037
0,200.25,183.5,0.916354556803995
0,207.1,198.35,0.9577498792853694
2,160.5,152.35,0.949221183800623
0,104.95,101.7,0.9690328727965698
2,197.45,177.35,0.898202076475057
4,267.45,244.8,0.9153112731351655
2,100.0,93.75,0.9375
2,105.35,98.65,0.9364024679639298
0,148.75,138.65,0.9321008403361345
0,305.75,289.5,0.946852003270646
6,111.25,104.8,0.9420224719101123
0,212.35,199.2,0.9380739345420297
2,134.5,119.95,0.8918215613382899
4,199.2,189.3,0.9503012048192772
0,88.05,78.15,0.8875638841567292
10,148.15,140.75,0.9500506243671955
4,228.95,214.15,0.9353570648613234
2,315.35,302.1,0.957983193277311
0,119.9,113.4,0.9457881567973311
2,186.4,171.2,0.9184549356223176
4,197.25,180.8,0.9166032953105197
2,137.5,133.55,0.9712727272727273
4,201.95,180.65,0.894528348601139
4,157.8,142.95,0.905893536121673
6,87.7,81.8,0.9327251995438997
0,176.25,164.35,0.9324822695035461
2,160.1,152.9,0.9550281074328545
0,156.2,145.45,0.9311779769526248
2,192.6,177.0,0.9190031152647975
4,134.0,125.95,0.9399253731343283
0,162.0,151.2,0.9333333333333333
4,121.0,111.4,0.9206611570247933
4,198.7,185.3,0.9325616507297433
2,242.35,225.8,0.9317103362904889
4,133.4,122.2,0.9160419790104948
0,236.25,217.6,0.921058201058201
0,277.6,256.8,0.9250720461095101
6,223.65,206.7,0.9242119382964453
0,125.95,119.1,0.945613338626439
0,90.05,84.45,0.937812326485286
0,199.3,192.1,0.9638735574510787
0,201.75,190.95,0.9464684014869889
6,225.75,197.25,0.8737541528239202
0,130.45,119.75,0.9179762361057877
0,342.05,319.25,0.9333430784972957
4,151.4,137.6,0.9088507265521797
4,185.3,170.65,0.9209390178089585
0,78.65,73.35,0.9326128417037508
0,157.35,146.85,0.9332697807435653
0,178.65,170.7,0.9554995801847187
0,217.3,205.95,0.9477680625862862
2,253.3,230.8,0.9111725227003553
4,148.55,135.8,0.9141703130259172
2,169.85,159.25,0.9375919929349426
0,332.0,310.0,0.9337349397590361
0,155.55,148.3,0.9533911925425909
2,281.5,242.0,0.8596802841918295
0,242.0,220.85,0.9126033057851239
0,236.6,213.55,0.9025781910397295
0,98.45,92.55,0.9400711020822753
2,149.4,142.05,0.9508032128514057
2,119.25,108.75,0.9119496855345912
2,115.0,106.75,0.9282608695652174
4,114.25,104.8,0.9172866520787746
2,84.95,73.65,0.8669805768098882
4,187.1,167.9,0.897381079636558
8,95.9,86.95,0.9066736183524504
4,174.05,163.25,0.937948865268601
4,137.55,123.85,0.9003998545983278
0,125.75,114.55,0.910934393638171
0,216.95,204.75,0.9437658446646693
6,274.75,251.5,0.9153776160145587
4,120.9,109.1,0.902398676592225
0,158.2,151.4,0.9570164348925411
6,258.1,233.3,0.9039132119333592
2,197.75,186.85,0.9448798988621997
2,175.5,162.4,0.9253561253561253
2,119.7,113.95,0.9519632414369257
4,269.85,255.0,0.9449694274596998
2,107.15,96.35,0.8992067195520299
2,206.45,197.3,0.9556793412448534
2,319.5,278.15,0.8705790297339593
2,183.4,172.05,0.938113413304253
0,183.85,175.9,0.9567582268153386
0,221.8,201.95,0.9105049594229035
6,189.65,172.05,0.9071974690218824
0,168.85,160.9,0.9529167900503406
4,214.5,195.3,0.9104895104895104
4,156.4,133.0,0.850383631713555
2,197.05,190.55,0.9670134483633596
0,147.7,129.5,0.8767772511848341
0,207.65,197.8,0.9525644112689622
2,115.0,110.25,0.9586956521739131
0,262.8,251.85,0.9583333333333334
0,236.5,224.2,0.9479915433403806
4,187.0,172.3,0.9213903743315508
0,173.2,162.95,0.9408198614318707
4,130.6,117.0,0.8958652373660031
0,208.75,195.5,0.9365269461077844
2,233.95,215.9,0.92284676212866
2,155.1,144.75,0.9332688588007737
2,271.65,246.0,0.9055770292655991
2,181.95,165.75,0.910964550700742
2,94.35,82.0,0.8691043985161632
2,204.2,190.0,0.930460333006856
2,98.85,89.75,0.907941325240263
0,138.8,127.0,0.9149855907780979
0,170.05,163.4,0.9608938547486033
4,102.6,93.2,0.9083820662768031
2,221.8,209.8,0.9458972046889089
0,154.85,144.85,0.9354213755247013
0,266.45,250.7,0.940889472696566
2,211.95,204.65,0.9655579146025006
0,177.5,166.9,0.9402816901408451
2,118.65,110.0,0.9270965023177412
0,115.5,112.1,0.9705627705627705
0,125.2,116.65,0.9317092651757188
2,168.1,159.45,0.9485425342058299
2,111.9,101.35,0.9057193923145666
6,108.9,100.55,0.9233241505968779
4,193.15,179.35,0.9285529381309863
0,193.5,180.25,0.9315245478036176
0,202.8,182.65,0.9006410256410257
6,217.0,195.35,0.9002304147465438
2,178.45,170.6,0.9560100868590642
2,179.75,164.95,0.917663421418637
0,252.65,228.7,0.9052048288145657
4,316.05,285.85,0.9044454991298845
4,173.65,151.5,0.8724445724157789
2,247.9,229.4,0.9253731343283582
4,128.0,114.05,0.891015625
4,134.45,124.1,0.9230197099293418
2,224.8,203.9,0.9070284697508897
4,124.85,117.75,0.9431317581097317
0,206.25,185.55,0.8996363636363637
2,264.1,238.75,0.9040136312003029
4,313.65,294.7,0.9395823369998406
0,156.7,145.6,0.9291640076579452
2,171.2,165.7,0.967873831775701
4,133.2,125.05,0.9388138138138138
0,244.75,226.25,0.9244126659856997
2,195.55,172.95,0.8844285349015597
4,168.15,148.75,0.8846268212905144
4,224.65,206.9,0.9209882038726909
2,188.5,175.5,0.9310344827586207
0,128.5,116.05,0.9031128404669261
2,105.35,97.4,0.9245372567631703
6,98.75,92.75,0.9392405063291139
0,282.25,265.1,0.9392382639503986
2,150.9,141.05,0.9347249834327369
2,212.3,200.45,0.9441827602449364
2,155.45,147.9,0.9514313284014152
4,102.3,93.5,0.9139784946236559
0,256.9,237.7,0.9252627481510315
6,152.1,145.9,0.9592373438527285
8,241.4,214.8,0.8898094449047225
2,92.15,85.4,0.9267498643516007
4,144.65,136.85,0.9460767369512617
4,150.6,138.05,0.9166666666666666
6,203.4,186.05,0.9147000983284169
4,134.75,128.5,0.9536178107606679
2,117.1,102.55,0.8757472245943638
2,289.85,272.05,0.9385889253061929
10,106.45,91.65,0.8609675904180366
2,104.5,94.85,0.9076555023923445
0,158.9,152.05,0.9568911264946507
6,133.55,113.1,0.8468738300262074
2,215.4,203.7,0.9456824512534819
2,179.2,165.0,0.9207589285714286
0,235.0,216.8,0.9225531914893617
0,196.15,178.45,0.9097629365281672
4,224.5,200.25,0.8919821826280624
2,221.2,209.2,0.945750452079566
0,165.9,156.45,0.9430379746835443
2,80.2,76.6,0.9551122194513716
0,115.55,111.65,0.966248377325833
0,150.65,142.8,0.94789246598075
4,114.75,108.45,0.9450980392156862
4,333.55,312.75,0.9376405336531255
4,33.5,30.25,0.9029850746268657
0,312.1,283.85,0.9094841396988145
8,199.15,171.55,0.8614109967361285
0,170.8,159.0,0.9309133489461359
2,194.6,183.2,0.9414182939362795
2,253.2,229.9,0.9079778830963665
4,78.25,70.3,0.8984025559105431
6,88.75,79.1,0.8912676056338028
4,143.0,127.75,0.8933566433566433
2,179.5,167.45,0.9328690807799442
0,220.1,206.45,0.9379827351203999
2,105.05,95.85,0.9124226558781533
2,295.1,280.3,0.949847509318875
0,254.75,236.25,0.9273797841020608
