rf,total_quartet,correct_quartet,correct_prop
4,49.8,46.1,0.9257028112449799
10,41.6,36.35,0.8737980769230769
10,59.65,50.3,0.8432523051131601
2,77.95,71.7,0.9198203976908275
10,86.75,74.7,0.8610951008645533
4,73.8,66.95,0.9071815718157181
12,81.8,70.5,0.8618581907090465
8,43.25,39.3,0.9086705202312139
14,53.3,44.8,0.8405253283302064
4,20.75,18.9,0.9108433734939759
14,53.05,44.95,0.8473138548539114
12,72.2,62.0,0.8587257617728532
8,34.05,29.45,0.8649045521292217
14,45.85,36.2,0.7895310796074155
8,141.95,124.75,0.878830574145826
10,20.8,18.95,0.9110576923076923
8,76.0,64.6,0.85
10,36.8,30.5,0.8288043478260869
4,86.9,75.9,0.8734177215189873
4,74.85,63.8,0.8523714094856379
6,31.85,26.7,0.8383045525902669
10,36.55,30.4,0.8317373461012312
6,88.05,78.15,0.8875638841567292
6,64.3,56.65,0.8810264385692068
10,67.95,56.4,0.8300220750551877
12,32.5,25.75,0.7923076923076923
12,124.8,103.2,0.8269230769230769
10,77.0,64.65,0.8396103896103896
8,103.8,90.2,0.8689788053949904
6,18.65,16.1,0.8632707774798928
6,90.25,78.15,0.8659279778393352
4,24.95,23.0,0.9218436873747495
0,110.55,103.8,0.9389416553595658
12,64.1,53.65,0.8369734789391575
14,67.5,57.4,0.8503703703703703
16,125.75,104.45,0.8306163021868788
6,67.8,59.65,0.8797935103244838
2,62.25,54.7,0.878714859437751
14,32.55,26.55,0.815668202764977
2,153.95,136.2,0.884702825592725
4,89.95,77.3,0.8593663146192329
4,194.65,166.6,0.8558951965065502
6,86.9,76.9,0.8849252013808976
6,68.55,60.65,0.8847556528081693
10,89.75,72.55,0.8083565459610028
6,76.25,64.5,0.8459016393442623
4,70.0,61.65,0.8807142857142857
8,70.8,63.25,0.893361581920904
10,92.1,76.3,0.8284473398479913
8,51.8,42.4,0.8185328185328186
8,56.1,49.6,0.8841354723707665
6,71.7,61.45,0.8570432357043236
4,63.75,51.7,0.8109803921568628
10,49.85,42.35,0.8495486459378134
12,47.3,40.45,0.8551797040169133
4,81.65,72.0,0.8818126148193509
10,63.6,51.9,0.8160377358490566
16,42.55,35.85,0.8425381903642774
8,49.15,42.0,0.854526958290946
6,31.3,28.2,0.9009584664536742
14,65.75,56.0,0.8517110266159695
8,49.0,40.8,0.8326530612244898
14,62.55,53.45,0.8545163868904876
6,30.55,28.1,0.9198036006546645
12,112.35,97.05,0.8638184245660881
6,65.25,58.25,0.89272030651341
12,30.45,24.95,0.819376026272578
10,48.4,42.8,0.8842975206611571
6,135.5,109.6,0.8088560885608856
0,160.9,140.2,0.8713486637663145
2,108.55,96.5,0.8889912482726854
10,52.55,47.15,0.8972407231208372
18,44.9,36.5,0.8129175946547884
20,37.5,28.3,0.7546666666666667
4,98.9,92.2,0.9322548028311426
8,26.0,24.1,0.926923076923077
6,48.05,42.9,0.8928199791883454
4,97.55,86.7,0.8887749871860584
14,85.5,72.8,0.8514619883040936
6,60.15,51.15,0.8503740648379052
6,63.7,56.45,0.8861852433281004
8,57.9,51.85,0.8955094991364422
6,35.35,31.4,0.8882602545968883
6,75.05,65.4,0.871419053964024
4,58.4,50.05,0.8570205479452054
4,112.15,105.75,0.9429335711101203
4,78.15,71.0,0.90850927703135
6,37.5,33.2,0.8853333333333333
8,76.55,70.55,0.9216198563030699
6,53.9,47.4,0.8794063079777366
10,41.65,38.4,0.921968787515006
8,54.5,46.75,0.8577981651376146
10,64.0,53.35,0.83359375
6,133.85,115.0,0.8591707134852447
8,60.1,52.0,0.8652246256239601
2,105.8,96.6,0.9130434782608695
8,57.0,47.7,0.8368421052631579
6,39.0,32.15,0.8243589743589743
10,27.45,25.0,0.9107468123861566
10,191.2,160.9,0.8415271966527197
10,98.2,82.8,0.8431771894093686
12,66.95,56.15,0.8386855862584018
8,16.1,12.8,0.7950310559006211
4,54.05,46.05,0.8519888991674376
10,94.45,82.15,0.8697723663313923
8,48.7,41.35,0.8490759753593429
4,72.3,62.9,0.8699861687413555
4,56.9,51.6,0.9068541300527241
10,62.95,52.95,0.8411437648927721
10,42.95,35.45,0.8253783469150174
8,66.15,53.1,0.8027210884353742
20,63.7,44.3,0.695447409733124
2,46.6,45.0,0.9656652360515021
18,27.35,16.85,0.6160877513711152
2,74.75,70.3,0.9404682274247491
14,78.4,64.95,0.8284438775510204
12,95.05,77.45,0.8148342977380326
0,114.05,100.7,0.8829460762823323
2,103.35,93.8,0.9075955491049831
6,42.35,35.9,0.8476977567886659
4,52.8,46.45,0.8797348484848485
2,58.75,53.15,0.9046808510638298
6,65.0,55.15,0.8484615384615385
4,41.95,38.1,0.9082240762812872
12,60.05,53.2,0.8859283930058285
14,39.4,31.5,0.799492385786802
8,47.55,42.15,0.886435331230284
4,79.85,68.75,0.8609893550407013
0,76.6,67.9,0.8864229765013055
12,49.5,43.0,0.8686868686868687
12,31.55,29.25,0.9270998415213946
6,44.9,38.8,0.8641425389755011
8,41.8,38.2,0.9138755980861244
8,67.55,59.15,0.8756476683937824
12,129.3,108.35,0.8379737045630317
6,38.25,33.0,0.8627450980392157
10,55.75,45.45,0.8152466367713005
12,59.65,49.2,0.8248113998323554
12,60.1,50.35,0.8377703826955075
12,48.75,40.85,0.837948717948718
2,52.8,48.35,0.915719696969697
6,165.5,146.25,0.8836858006042296
12,50.5,45.5,0.900990099009901
4,39.9,36.0,0.9022556390977443
4,78.05,69.1,0.8853299167200512
12,63.55,48.45,0.7623918174665618
12,115.05,98.9,0.8596262494567579
10,69.45,64.65,0.9308855291576674
4,74.3,64.2,0.8640646029609691
4,43.35,39.75,0.916955017301038
8,45.3,38.7,0.8543046357615894
0,104.65,92.65,0.8853320592451027
2,59.75,53.0,0.8870292887029289
8,29.55,26.15,0.8849407783417935
10,102.1,79.3,0.7766895200783546
12,39.6,34.2,0.8636363636363636
16,67.65,54.85,0.8107908351810791
8,62.2,53.75,0.8641479099678456
2,93.55,85.35,0.9123463388562266
6,54.7,49.95,0.9131627056672761
4,60.8,54.55,0.897203947368421
4,58.5,51.35,0.8777777777777778
10,94.9,76.55,0.8066385669125395
14,147.7,121.0,0.8192281651997292
4,48.85,40.7,0.8331627430910952
10,50.95,43.2,0.8478900883218842
2,49.1,42.4,0.8635437881873728
8,52.5,46.15,0.8790476190476191
8,36.25,30.05,0.8289655172413793
16,56.8,47.05,0.8283450704225352
0,136.0,123.05,0.9047794117647059
8,52.65,44.45,0.8442545109211775
14,32.75,25.4,0.7755725190839695
8,45.15,39.15,0.867109634551495
8,14.05,12.75,0.9074733096085409
8,67.05,57.9,0.8635346756152126
14,71.3,55.2,0.7741935483870968
18,32.1,24.15,0.7523364485981309
8,37.25,32.5,0.87248322147651
6,86.45,78.4,0.9068825910931174
4,67.15,63.35,0.9434102755026061
6,51.9,45.15,0.869942196531792
4,96.9,90.0,0.9287925696594427
4,74.45,66.7,0.8959032907991941
12,110.8,94.6,0.8537906137184116
6,76.95,66.25,0.8609486679662118
18,31.1,25.2,0.8102893890675241
14,91.8,79.75,0.8687363834422658
12,73.9,60.0,0.8119079837618404
10,62.7,52.85,0.8429027113237639
12,19.25,16.35,0.8493506493506493
10,82.95,68.95,0.8312236286919831
12,75.1,60.65,0.8075898801597869
20,76.8,60.35,0.7858072916666666
2,55.45,51.0,0.9197475202885482
6,45.35,39.15,0.8632855567805954
8,78.55,68.9,0.8771483131763208
10,87.1,73.1,0.8392652123995408
10,61.3,49.4,0.8058727569331158
12,47.5,38.1,0.8021052631578948
4,67.55,61.0,0.9030347890451518
12,32.1,27.95,0.8707165109034268
10,15.5,13.0,0.8387096774193549
14,55.3,48.35,0.8743218806509946
6,45.1,38.2,0.8470066518847007
12,45.3,38.4,0.847682119205298
10,40.9,34.55,0.8447432762836186
6,23.3,21.15,0.907725321888412
8,37.6,31.2,0.8297872340425532
12,64.35,57.95,0.9005439005439005
4,78.15,71.5,0.9149072296865003
4,87.1,73.95,0.8490241102181401
6,42.2,38.65,0.9158767772511849
10,42.45,35.8,0.8433451118963486
0,28.35,25.9,0.9135802469135802
4,112.55,99.75,0.8862727676588184
8,95.95,83.05,0.8655549765502866
6,83.85,72.4,0.8634466308884914
4,65.75,60.7,0.9231939163498099
2,92.6,86.1,0.9298056155507559
2,52.25,46.95,0.8985645933014355
8,55.95,50.9,0.9097408400357462
12,30.6,26.4,0.8627450980392157
6,71.4,61.05,0.8550420168067226
8,66.5,57.8,0.869172932330827
2,35.7,29.8,0.834733893557423
16,77.45,60.75,0.7843770174306004
8,79.9,62.65,0.7841051314142679
8,46.55,38.15,0.8195488721804511
4,19.5,17.7,0.9076923076923077
12,24.15,19.65,0.8136645962732919
18,66.0,56.2,0.8515151515151516
4,46.9,42.7,0.9104477611940298
6,87.95,77.45,0.8806139852188744
8,71.7,63.0,0.8786610878661087
8,43.8,36.65,0.83675799086758
8,37.85,33.05,0.8731836195508587
14,69.3,57.8,0.834054834054834
8,29.7,27.55,0.9276094276094277
14,81.45,65.1,0.7992633517495396
6,60.75,51.95,0.8551440329218107
10,112.0,101.7,0.9080357142857143
6,63.15,54.65,0.8653998416468726
6,64.9,59.4,0.9152542372881356
6,90.0,77.7,0.8633333333333333
2,111.35,96.4,0.8657386618769646
8,71.6,60.4,0.8435754189944135
4,59.65,51.6,0.865046102263202
6,45.6,39.7,0.8706140350877193
8,18.7,16.3,0.8716577540106952
16,41.3,31.65,0.7663438256658596
4,121.65,101.6,0.8351829017673654
6,28.7,25.35,0.8832752613240418
8,65.75,53.6,0.8152091254752851
6,60.35,54.45,0.9022369511184756
4,112.1,99.1,0.8840321141837645
12,73.25,63.05,0.8607508532423208
18,46.4,33.75,0.7273706896551724
10,61.95,52.4,0.8458434221146085
14,44.35,36.8,0.8297632468996617
6,62.85,56.55,0.8997613365155132
8,51.1,45.6,0.8923679060665362
8,36.6,32.65,0.8920765027322405
8,48.3,43.45,0.8995859213250518
8,22.65,19.35,0.8543046357615894
12,75.7,65.4,0.8639365918097754
6,85.55,77.5,0.9059029807130333
2,102.1,90.45,0.885896180215475
6,40.6,34.2,0.8423645320197044
14,41.15,35.05,0.8517618469015796
12,66.5,57.35,0.862406015037594
2,42.2,38.1,0.9028436018957346
4,62.9,54.55,0.8672496025437202
8,25.3,23.15,0.9150197628458498
8,27.75,24.4,0.8792792792792793
10,44.35,36.25,0.8173618940248027
6,27.6,24.75,0.8967391304347826
4,34.65,31.65,0.9134199134199135
0,42.55,38.95,0.9153936545240893
4,61.4,50.4,0.8208469055374593
4,66.6,61.3,0.9204204204204204
12,33.5,27.5,0.8208955223880597
8,92.2,81.35,0.8823210412147505
4,42.2,37.15,0.8803317535545023
10,67.35,57.75,0.8574610244988864
8,66.75,57.0,0.8539325842696629
12,108.45,94.5,0.8713692946058091
6,69.6,60.4,0.867816091954023
20,63.6,53.3,0.8380503144654088
10,75.3,66.95,0.8891102257636122
8,46.9,42.3,0.9019189765458422
6,54.1,47.7,0.8817005545286506
10,72.75,60.6,0.8329896907216495
6,37.4,35.2,0.9411764705882353
20,41.6,32.45,0.7800480769230769
4,70.3,64.55,0.9182076813655761
10,43.5,39.4,0.9057471264367816
16,118.35,85.4,0.721588508660752
4,29.9,26.0,0.8695652173913043
8,91.5,76.6,0.8371584699453551
10,28.6,26.25,0.9178321678321678
8,53.7,43.35,0.8072625698324022
8,54.95,48.15,0.8762511373976342
10,41.9,35.55,0.8484486873508353
4,55.4,49.6,0.8953068592057761
4,101.95,88.9,0.8719960765080922
14,60.1,51.65,0.8594009983361065
16,69.65,58.2,0.8356066044508256
10,44.45,38.0,0.8548931383577053
6,57.05,52.6,0.9219982471516214
8,135.0,111.9,0.8288888888888889
12,56.0,48.0,0.8571428571428571
16,40.65,35.45,0.8720787207872078
6,154.75,138.0,0.8917609046849758
4,70.2,61.65,0.8782051282051282
8,62.45,53.15,0.8510808646917534
4,72.6,64.45,0.8877410468319559
6,38.95,34.1,0.8754813863928113
4,93.55,84.7,0.9053981827899519
6,102.85,93.5,0.9090909090909091
12,25.4,20.15,0.7933070866141733
4,93.4,84.45,0.9041755888650964
10,70.9,63.35,0.8935119887165022
10,91.65,78.9,0.8608837970540099
6,97.7,85.6,0.8761514841351075
2,72.55,64.9,0.8945554789800138
10,30.05,24.4,0.8119800332778702
10,53.15,45.25,0.8513640639698965
10,65.4,56.6,0.8654434250764526
12,36.7,30.0,0.8174386920980926
8,39.75,36.5,0.9182389937106918
4,125.3,104.8,0.8363926576217079
12,35.55,29.2,0.8213783403656821
6,91.6,83.4,0.9104803493449781
12,70.9,60.3,0.8504936530324401
4,79.85,70.6,0.8841577958672511
2,87.95,76.7,0.8720864127345083
8,42.55,35.75,0.8401880141010576
10,58.9,47.6,0.8081494057724957
14,26.4,21.2,0.803030303030303
8,57.4,49.35,0.8597560975609756
0,154.25,136.85,0.8871961102106969
6,67.7,59.6,0.880354505169867
4,77.6,70.6,0.9097938144329897
10,45.65,38.7,0.8477546549835706
2,111.85,103.3,0.9235583370585606
6,51.45,43.4,0.8435374149659864
16,72.75,53.35,0.7333333333333333
8,44.1,36.65,0.8310657596371882
4,77.3,65.8,0.851228978007762
4,123.1,107.55,0.8736799350121852
4,46.2,41.95,0.908008658008658
8,119.55,105.45,0.8820577164366374
8,75.1,65.25,0.8688415446071904
8,60.7,49.7,0.8187808896210873
4,47.55,40.95,0.861198738170347
8,108.15,90.65,0.8381877022653722
14,90.0,73.85,0.8205555555555556
10,41.95,36.55,0.8712753277711561
0,59.85,55.6,0.9289891395154553
14,68.3,58.9,0.862371888726208
4,41.8,35.5,0.8492822966507177
8,48.0,39.75,0.828125
6,96.75,84.15,0.8697674418604651
8,89.95,79.8,0.8871595330739299
12,32.95,25.8,0.7830045523520486
10,51.1,44.4,0.8688845401174168
12,74.2,62.3,0.839622641509434
12,76.6,67.65,0.8831592689295039
16,42.45,37.55,0.8845700824499411
8,70.35,61.9,0.8798862828713575
6,92.6,82.55,0.8914686825053996
0,67.8,59.4,0.8761061946902655
4,118.4,105.05,0.8872466216216216
10,22.5,18.25,0.8111111111111111
12,24.5,20.0,0.8163265306122449
10,53.9,43.25,0.8024118738404453
12,40.6,34.2,0.8423645320197044
8,86.35,78.6,0.9102489866821077
6,81.4,70.25,0.8630221130221131
8,18.85,15.6,0.8275862068965517
8,47.55,41.2,0.8664563617245006
8,78.75,67.2,0.8533333333333334
4,34.1,32.25,0.9457478005865103
6,57.1,48.95,0.8572679509632224
6,62.2,47.85,0.7692926045016077
2,32.95,29.5,0.8952959028831563
10,37.6,32.5,0.8643617021276596
10,51.6,43.85,0.8498062015503876
10,70.5,61.1,0.8666666666666667
2,68.75,58.8,0.8552727272727273
8,79.3,66.5,0.8385876418663304
8,64.5,57.25,0.8875968992248062
6,64.6,59.65,0.923374613003096
10,47.8,37.85,0.7918410041841004
14,54.1,49.35,0.9121996303142329
4,66.15,59.2,0.8949357520786092
2,46.25,41.6,0.8994594594594595
4,72.7,65.6,0.9023383768913342
8,43.1,37.3,0.8654292343387471
6,50.7,44.6,0.8796844181459567
8,100.3,84.85,0.845962113659023
12,76.9,68.05,0.8849154746423927
8,70.6,59.6,0.8441926345609065
8,37.35,32.7,0.8755020080321285
4,93.25,84.5,0.9061662198391421
8,43.25,37.35,0.8635838150289017
8,143.95,125.0,0.868357068426537
10,103.95,82.1,0.7898027898027898
16,27.1,22.9,0.8450184501845018
10,45.6,37.3,0.8179824561403509
8,63.05,55.7,0.8834258524980174
8,26.85,23.0,0.8566108007448789
10,124.0,108.6,0.8758064516129033
6,49.6,43.5,0.8770161290322581
10,36.2,31.65,0.8743093922651933
6,62.5,53.1,0.8496
16,20.45,16.75,0.8190709046454768
8,61.9,55.4,0.8949919224555735
10,108.0,91.1,0.8435185185185186
14,93.05,75.1,0.8070929607737776
8,63.05,53.2,0.8437747819191118
6,76.45,65.6,0.8580771746239372
6,77.75,68.8,0.884887459807074
6,80.55,73.2,0.9087523277467412
6,31.8,28.85,0.9072327044025157
4,86.35,73.5,0.8511870295309786
10,62.25,55.55,0.8923694779116466
4,71.2,62.8,0.8820224719101124
4,96.65,83.35,0.8623900672529746
10,128.8,109.15,0.8474378881987578
2,37.5,32.75,0.8733333333333333
0,48.05,44.5,0.9261186264308012
8,40.15,34.45,0.8580323785803238
2,27.7,24.4,0.8808664259927798
8,97.75,82.35,0.8424552429667519
6,94.25,85.55,0.9076923076923077
4,31.75,28.7,0.9039370078740158
12,35.05,26.85,0.7660485021398002
4,87.35,75.55,0.8649112764739554
6,50.75,43.5,0.8571428571428571
8,30.6,25.55,0.8349673202614379
10,30.9,24.65,0.7977346278317152
12,45.6,38.15,0.8366228070175439
12,31.8,27.95,0.8789308176100629
12,68.65,57.75,0.84122359796067
6,60.75,49.8,0.8197530864197531
4,37.8,32.4,0.8571428571428571
6,188.2,171.15,0.9094048884165781
8,32.6,28.1,0.8619631901840491
2,115.9,102.95,0.8882657463330458
8,41.65,37.85,0.9087635054021609
10,71.85,62.85,0.8747390396659708
6,77.55,71.1,0.9168278529980658
10,69.5,56.85,0.8179856115107914
2,66.9,58.65,0.8766816143497758
2,71.95,67.4,0.936761640027797
18,29.2,24.0,0.821917808219178
6,67.15,56.35,0.8391660461653015
12,38.95,33.7,0.865211810012837
8,130.75,115.45,0.8829827915869981
6,55.35,51.85,0.9367660343270099
2,50.25,43.9,0.8736318407960199
12,66.1,54.5,0.8245083207261724
20,37.0,31.1,0.8405405405405405
18,65.75,55.7,0.847148288973384
10,102.4,87.4,0.853515625
8,73.55,64.15,0.8721957851801495
8,19.95,16.7,0.8370927318295739
8,73.7,60.75,0.8242876526458616
10,83.7,68.2,0.8148148148148148
10,123.05,98.85,0.8033319788703779
6,72.8,65.35,0.8976648351648352
12,157.6,129.05,0.8188451776649747
12,70.6,59.0,0.8356940509915014
10,41.3,35.05,0.8486682808716707
16,36.65,32.65,0.8908594815825375
14,78.75,62.75,0.7968253968253968
4,80.5,74.9,0.9304347826086956
8,70.6,61.1,0.8654390934844193
2,126.2,113.8,0.901743264659271
2,118.8,102.75,0.86489898989899
10,82.25,63.7,0.774468085106383
6,42.25,38.05,0.9005917159763314
12,32.5,25.9,0.796923076923077
14,62.85,51.5,0.8194112967382657
12,97.9,86.45,0.883043922369765
6,94.5,82.15,0.8693121693121693
2,142.65,125.45,0.8794251664914126
6,108.8,98.25,0.9030330882352942
2,106.8,95.25,0.8918539325842697
14,48.45,40.7,0.8400412796697626
16,62.95,48.8,0.7752184273232724
8,59.25,52.5,0.8860759493670886
10,47.0,38.35,0.8159574468085107
12,50.15,42.65,0.8504486540378864
12,98.65,84.25,0.8540293968575773
8,51.15,43.9,0.8582600195503421
4,46.3,40.5,0.8747300215982722
6,25.4,23.45,0.9232283464566929
6,43.5,39.65,0.9114942528735632
8,116.0,105.7,0.9112068965517242
6,76.95,70.35,0.9142300194931774
14,60.35,54.4,0.9014084507042254
2,44.45,39.65,0.8920134983127109
4,86.1,80.25,0.9320557491289199
0,127.95,119.8,0.9363032434544744
12,39.15,34.15,0.8722860791826309
2,135.0,124.5,0.9222222222222223
8,55.4,47.95,0.8655234657039711
10,61.75,54.7,0.8858299595141701
10,65.7,57.0,0.867579908675799
10,88.35,67.65,0.765704584040747
4,69.55,60.7,0.8727534148094895
14,29.2,22.8,0.7808219178082192
6,58.35,52.5,0.8997429305912596
10,56.7,48.05,0.8474426807760141
8,73.35,59.2,0.8070892978868439
10,42.05,37.1,0.882282996432818
4,92.0,85.4,0.9282608695652174
4,91.2,84.55,0.9270833333333334
4,104.2,97.65,0.9371401151631478
6,64.2,55.95,0.8714953271028038
8,46.9,40.5,0.8635394456289979
16,74.8,58.85,0.7867647058823529
16,46.65,41.3,0.8853161843515541
10,73.05,58.65,0.8028747433264887
10,16.4,12.95,0.7896341463414634
16,27.7,21.75,0.7851985559566786
14,51.35,42.35,0.824732229795521
6,56.5,49.15,0.8699115044247787
8,51.75,42.75,0.8260869565217391
8,51.0,39.55,0.7754901960784314
10,62.1,54.35,0.8752012882447665
2,49.85,46.5,0.9327983951855566
8,67.1,61.45,0.9157973174366617
14,66.0,55.65,0.8431818181818181
6,33.8,28.3,0.8372781065088757
4,91.1,82.7,0.9077936333699231
4,108.1,92.4,0.8547641073080481
14,70.95,54.05,0.7618040873854828
18,131.45,109.9,0.8360593381513883
10,85.15,72.7,0.8537874339401057
8,29.95,24.75,0.8263772954924875
2,58.75,50.4,0.857872340425532
2,79.5,68.1,0.8566037735849057
6,60.55,52.5,0.8670520231213873
12,44.0,34.2,0.7772727272727272
8,49.05,42.6,0.8685015290519877
8,47.25,38.4,0.8126984126984127
8,30.55,22.85,0.7479541734860884
4,145.85,128.25,0.8793280767912238
8,44.95,38.2,0.8498331479421579
6,89.4,79.4,0.8881431767337807
6,59.2,53.0,0.8952702702702703
4,95.0,83.45,0.878421052631579
14,36.05,28.95,0.8030513176144244
8,33.75,28.85,0.8548148148148148
2,82.7,75.0,0.9068923821039904
14,57.3,48.35,0.8438045375218151
8,107.0,89.55,0.8369158878504673
14,53.7,44.95,0.8370577281191807
8,71.95,59.55,0.8276580958999306
14,44.45,35.45,0.7975253093363329
4,119.25,108.7,0.9115303983228511
6,37.55,30.55,0.8135818908122503
10,132.3,115.7,0.8745275888133031
2,57.75,52.65,0.9116883116883117
6,105.1,86.5,0.8230256898192198
10,65.9,56.2,0.8528072837632777
14,47.2,38.65,0.8188559322033898
6,44.05,35.0,0.7945516458569807
10,75.7,65.5,0.8652575957727873
10,74.85,61.4,0.8203072812291249
6,119.1,109.7,0.9210747271200672
6,54.35,46.15,0.8491260349586016
4,90.35,80.4,0.8898727172108467
10,48.65,38.05,0.7821171634121274
6,35.15,31.1,0.8847795163584637
8,98.25,84.6,0.8610687022900764
4,52.3,48.35,0.9244741873804971
8,88.95,77.75,0.8740865654862282
12,73.6,62.85,0.8539402173913043
10,29.15,25.8,0.8850771869639794
14,103.85,90.5,0.8714492055849783
8,49.25,42.7,0.867005076142132
10,53.25,45.55,0.8553990610328639
8,81.8,73.0,0.8924205378973105
8,96.3,78.55,0.8156801661474559
6,46.85,40.9,0.8729989327641409
12,58.95,48.55,0.823579304495335
4,90.45,84.0,0.9286898839137645
6,47.85,40.25,0.8411703239289446
8,128.55,107.5,0.8362504861921431
6,58.65,54.9,0.9360613810741688
6,64.3,57.9,0.9004665629860031
8,52.45,45.55,0.8684461391801716
10,38.9,34.2,0.8791773778920309
8,48.9,42.65,0.8721881390593047
8,58.9,53.4,0.9066213921901528
2,53.05,50.25,0.9472196041470311
6,74.7,65.15,0.8721552878179384
4,84.5,78.75,0.9319526627218935
8,70.8,64.4,0.9096045197740112
2,108.2,99.15,0.916358595194085
8,66.35,56.35,0.8492840994724944
6,75.35,67.2,0.8918380889183809
12,118.7,101.8,0.8576242628475147
10,48.9,39.15,0.8006134969325154
6,43.5,39.4,0.9057471264367816
10,82.8,71.3,0.8611111111111112
6,122.9,99.7,0.8112286411716843
14,32.3,23.8,0.7368421052631579
2,49.35,44.1,0.8936170212765957
8,78.15,70.25,0.8989123480486244
12,24.85,21.4,0.8611670020120724
10,27.05,22.55,0.833641404805915
4,124.7,110.45,0.8857257417802726
10,59.05,48.95,0.8289585097375106
6,80.0,71.6,0.895
8,107.45,91.55,0.8520241973010703
10,112.6,99.55,0.8841030195381883
8,73.85,62.1,0.8408937034529451
8,56.4,49.9,0.8847517730496454
6,105.6,91.3,0.8645833333333334
10,85.7,76.7,0.8949824970828472
2,77.35,65.1,0.8416289592760181
12,77.5,63.75,0.8225806451612904
6,139.3,119.85,0.8603732950466619
14,52.95,45.55,0.8602455146364495
8,100.65,84.9,0.8435171385991058
12,34.75,30.95,0.8906474820143885
4,46.5,44.35,0.953763440860215
12,17.55,14.25,0.811965811965812
18,49.4,38.85,0.7864372469635628
8,28.75,24.95,0.8678260869565217
16,23.8,19.5,0.819327731092437
6,31.3,28.1,0.8977635782747604
8,77.8,69.35,0.8913881748071979
6,39.1,34.25,0.8759590792838875
8,19.65,16.45,0.8371501272264631
12,25.9,20.4,0.7876447876447876
6,22.7,21.7,0.9559471365638766
14,109.7,95.5,0.8705560619872379
10,77.1,63.05,0.817769130998703
10,21.25,17.75,0.8352941176470589
10,63.95,56.9,0.8897576231430805
8,86.45,75.9,0.8779641411220359
6,40.55,35.9,0.8853267570900123
14,34.95,27.9,0.7982832618025751
8,74.4,67.05,0.9012096774193549
10,32.9,29.05,0.8829787234042553
12,113.0,90.75,0.8030973451327433
6,71.3,64.7,0.9074333800841514
12,106.05,89.4,0.842998585572843
12,57.25,48.5,0.8471615720524017
12,46.75,38.6,0.825668449197861
10,36.7,32.0,0.8719346049046321
6,94.55,82.25,0.8699101004759386
12,34.45,29.85,0.8664731494920174
2,101.1,96.5,0.9545004945598418
4,71.25,62.95,0.8835087719298246
8,52.2,45.6,0.8735632183908046
2,79.75,75.2,0.9429467084639498
10,67.05,50.9,0.7591349739000746
14,69.65,56.8,0.8155061019382628
4,83.75,73.55,0.8782089552238806
6,88.95,76.25,0.8572231590781337
12,55.65,49.65,0.8921832884097035
10,85.4,68.8,0.8056206088992974
8,55.25,44.65,0.8081447963800905
4,123.5,110.8,0.897165991902834
2,80.95,73.55,0.9085855466337245
8,72.35,64.65,0.8935729094678645
16,58.4,48.95,0.8381849315068494
18,80.95,72.2,0.8919085855466338
8,64.5,55.35,0.858139534883721
6,67.55,59.35,0.8786084381939304
10,77.6,61.7,0.7951030927835051
8,72.85,69.5,0.9540150995195608
8,67.85,55.8,0.8224023581429624
10,66.9,56.0,0.8370702541106129
2,84.3,79.35,0.9412811387900356
8,55.05,50.75,0.92188919164396
6,95.0,79.85,0.8405263157894737
10,68.4,57.6,0.8421052631578947
8,82.35,70.85,0.8603521554341227
8,82.6,70.3,0.851089588377724
12,103.35,87.7,0.8485728108369618
10,39.15,32.1,0.8199233716475096
12,32.55,28.25,0.8678955453149002
12,91.7,74.75,0.8151581243184297
8,42.05,33.3,0.7919143876337693
16,138.9,113.55,0.8174946004319654
4,33.6,29.25,0.8705357142857143
2,74.45,65.2,0.8757555406312961
8,118.25,102.55,0.86723044397463
10,77.1,62.05,0.804798962386511
12,43.35,37.9,0.8742791234140715
4,42.85,37.3,0.8704784130688448
10,22.0,18.75,0.8522727272727273
16,29.25,24.6,0.841025641025641
10,114.25,98.55,0.862582056892779
8,50.8,43.8,0.8622047244094488
6,85.45,72.05,0.8431831480397893
6,85.8,80.95,0.9434731934731935
6,35.2,29.9,0.8494318181818182
14,52.2,44.45,0.8515325670498084
0,38.1,34.85,0.9146981627296588
6,136.8,115.9,0.8472222222222222
6,53.8,44.5,0.8271375464684015
4,76.95,67.2,0.8732943469785575
14,88.1,73.7,0.8365493757094211
8,24.1,19.15,0.7946058091286307
8,18.2,15.6,0.8571428571428571
6,28.8,25.45,0.8836805555555556
4,97.8,91.2,0.9325153374233128
4,73.95,68.5,0.9263015551048005
4,89.3,80.55,0.9020156774916014
6,63.15,57.8,0.9152810768012668
12,114.95,99.95,0.8695084819486734
12,67.2,57.05,0.8489583333333334
4,32.55,28.15,0.8648233486943164
8,78.8,67.45,0.8559644670050761
8,62.6,52.6,0.8402555910543131
10,65.7,54.55,0.830289193302892
14,77.55,62.6,0.8072211476466795
4,60.5,55.35,0.9148760330578513
8,67.55,54.05,0.8001480384900074
4,31.35,26.2,0.835725677830941
8,62.25,55.3,0.8883534136546185
12,38.25,35.25,0.9215686274509803
10,60.95,48.55,0.7965545529122231
12,26.3,21.85,0.8307984790874525
8,88.0,79.3,0.9011363636363636
10,33.3,27.8,0.8348348348348348
6,51.15,43.65,0.8533724340175953
12,91.95,79.5,0.8646003262642741
6,112.45,101.35,0.9012894619831036
12,42.7,33.9,0.7939110070257611
14,54.8,45.2,0.8248175182481752
10,36.75,32.2,0.8761904761904762
10,37.2,33.3,0.8951612903225806
10,70.2,61.5,0.8760683760683761
6,69.55,57.55,0.8274622573687994
12,63.25,49.4,0.7810276679841898
8,58.8,50.85,0.8647959183673469
16,79.85,62.6,0.7839699436443331
10,62.85,55.8,0.8878281622911695
4,54.3,45.05,0.8296500920810314
8,69.9,56.2,0.804005722460658
0,94.55,85.55,0.9048122686409307
12,16.3,14.5,0.8895705521472392
10,36.6,31.2,0.8524590163934426
12,40.15,36.2,0.9016189290161893
12,76.6,60.75,0.7930809399477807
4,133.7,115.15,0.8612565445026178
8,64.25,56.45,0.8785992217898833
10,63.1,55.3,0.8763866877971473
8,105.1,90.35,0.8596574690770694
6,59.0,52.1,0.8830508474576271
18,32.7,27.45,0.8394495412844036
2,70.3,61.45,0.8741109530583214
2,49.15,43.9,0.8931841302136317
2,61.7,53.55,0.8679092382495948
4,41.7,35.75,0.8573141486810552
12,44.85,36.7,0.8182831661092531
10,86.95,68.85,0.7918343875790684
14,25.5,20.7,0.8117647058823529
4,163.55,151.45,0.9260165087129318
14,38.05,34.1,0.8961892247043364
4,108.8,98.6,0.90625
4,77.0,70.6,0.9168831168831169
8,49.7,44.4,0.8933601609657947
6,90.05,81.45,0.9044975013881177
14,48.25,41.45,0.8590673575129534
12,70.4,56.9,0.8082386363636364
6,45.95,43.0,0.9357997823721437
8,93.0,79.9,0.8591397849462366
14,95.65,79.85,0.8348144276006273
8,40.1,34.1,0.8503740648379052
10,54.3,45.35,0.8351749539594844
6,72.65,66.0,0.9084652443220922
4,62.0,55.85,0.9008064516129032
6,69.6,59.8,0.8591954022988506
10,71.6,59.9,0.8365921787709497
14,30.1,23.3,0.7740863787375415
10,98.25,87.05,0.8860050890585242
2,36.9,32.05,0.8685636856368564
6,76.0,66.05,0.8690789473684211
10,44.05,36.9,0.8376844494892168
8,50.8,44.35,0.8730314960629921
12,49.5,44.45,0.897979797979798
12,29.85,23.75,0.7956448911222781
10,140.25,119.3,0.8506238859180035
2,62.9,55.5,0.8823529411764706
14,75.75,59.05,0.7795379537953795
6,48.85,41.75,0.8546571136131014
4,41.2,34.45,0.8361650485436893
14,90.95,79.25,0.8713578889499725
2,79.6,71.95,0.9038944723618091
10,84.6,69.75,0.824468085106383
16,29.3,23.3,0.7952218430034129
8,65.55,59.35,0.9054157131960335
8,18.3,15.1,0.825136612021858
14,123.4,108.8,0.8816855753646677
14,34.95,27.05,0.7739628040057225
12,31.5,25.6,0.8126984126984127
10,57.25,49.65,0.8672489082969432
8,52.55,46.9,0.8924833491912464
12,34.3,28.1,0.8192419825072886
14,59.9,52.05,0.8689482470784641
8,128.15,115.1,0.8981662114709325
8,31.45,26.75,0.8505564387917329
10,49.8,43.5,0.8734939759036144
12,37.4,30.05,0.803475935828877
4,48.35,42.85,0.8862461220268872
8,55.85,49.55,0.8871978513876455
12,51.2,45.9,0.896484375
6,221.35,175.4,0.7924102100745426
18,29.7,26.35,0.8872053872053872
12,20.0,18.1,0.905
12,50.55,40.1,0.7932739861523245
4,79.95,74.55,0.9324577861163227
8,89.95,77.6,0.8627015008337966
10,67.6,55.3,0.8180473372781065
8,39.75,34.5,0.8679245283018868
8,43.8,37.75,0.8618721461187214
10,50.55,42.9,0.8486646884272997
8,76.55,68.65,0.8967994774657086
2,33.8,31.45,0.9304733727810651
10,82.85,71.45,0.8624019312009656
12,42.7,34.25,0.8021077283372365
2,98.2,91.9,0.9358452138492872
6,38.9,35.1,0.9023136246786633
4,93.5,86.45,0.9245989304812834
4,109.95,93.75,0.8526603001364257
12,81.5,71.3,0.8748466257668711
10,91.75,78.05,0.8506811989100818
8,76.9,68.2,0.8868660598179454
6,73.2,64.3,0.8784153005464481
10,79.3,68.8,0.8675914249684742
8,85.8,75.0,0.8741258741258742
6,76.25,63.85,0.8373770491803278
4,110.55,100.4,0.9081863410221619
10,86.3,73.55,0.8522595596755504
6,142.1,122.75,0.8638282899366643
16,72.65,58.4,0.8038540949759119
6,42.85,34.6,0.8074679113185531
6,31.7,26.05,0.8217665615141956
8,42.0,35.4,0.8428571428571429
10,94.55,80.65,0.8529878371232152
4,240.25,215.05,0.8951092611862643
10,85.3,72.05,0.8446658851113716
8,78.75,66.7,0.846984126984127
10,52.25,42.9,0.8210526315789474
6,77.4,64.55,0.8339793281653747
6,70.75,64.6,0.9130742049469964
6,56.0,48.1,0.8589285714285714
12,72.5,61.65,0.8503448275862069
4,71.05,64.8,0.912033779028853
6,42.65,37.6,0.8815943728018757
6,87.2,79.85,0.9157110091743119
6,123.2,111.1,0.9017857142857143
14,39.5,32.4,0.8202531645569621
10,48.3,40.85,0.8457556935817805
20,50.1,31.6,0.6307385229540918
8,35.8,31.8,0.888268156424581
6,48.9,42.5,0.869120654396728
18,35.45,28.6,0.8067700987306065
8,70.25,59.45,0.8462633451957295
8,37.45,34.15,0.9118825100133512
10,17.0,14.5,0.8529411764705882
6,108.7,92.75,0.8532658693652254
14,68.7,59.05,0.8595342066957787
4,14.45,13.1,0.9065743944636678
16,49.1,39.7,0.8085539714867617
4,26.8,22.4,0.835820895522388
12,78.65,67.3,0.8556897647806738
6,64.25,53.65,0.8350194552529183
8,113.6,100.05,0.8807218309859155
18,43.1,33.05,0.7668213457076566
8,52.1,43.35,0.8320537428023033
8,46.5,42.2,0.9075268817204301
8,70.05,59.3,0.8465381870092791
6,121.95,109.6,0.8987289872898729
6,77.95,67.8,0.8697883258499037
6,34.3,30.35,0.8848396501457726
2,78.2,66.25,0.8471867007672634
14,45.05,36.3,0.8057713651498335
4,38.5,33.1,0.8597402597402597
6,76.15,67.65,0.8883782009192384
16,51.6,44.85,0.8691860465116279
4,44.65,39.4,0.8824188129899216
16,91.35,74.6,0.8166392993979201
8,82.65,73.0,0.8832425892317
8,64.05,55.2,0.8618266978922716
4,33.1,29.3,0.8851963746223565
8,36.0,30.2,0.8388888888888889
14,85.8,73.8,0.8601398601398601
6,28.25,23.6,0.8353982300884956
20,20.45,15.85,0.7750611246943765
12,34.7,28.6,0.8242074927953891
2,131.75,118.5,0.8994307400379506
10,46.0,38.45,0.8358695652173913
12,81.85,60.65,0.740989615149664
2,78.95,67.6,0.8562381253958201
14,36.15,29.55,0.8174273858921162
6,24.35,22.15,0.9096509240246407
6,66.15,56.7,0.8571428571428571
16,23.25,20.0,0.8602150537634409
6,28.5,24.9,0.8736842105263158
20,54.35,43.9,0.8077276908923643
4,42.65,33.5,0.7854630715123095
6,61.75,53.95,0.8736842105263158
8,46.85,42.95,0.9167556029882604
14,26.25,21.65,0.8247619047619048
4,44.0,39.05,0.8875
8,105.2,88.65,0.842680608365019
6,55.85,50.9,0.9113697403760072
4,78.3,70.95,0.9061302681992337
8,54.05,45.5,0.8418131359851989
4,102.1,87.35,0.8555337904015671
4,82.8,76.65,0.9257246376811594
8,71.8,64.75,0.9018105849582173
12,30.25,26.7,0.8826446280991735
6,86.85,75.65,0.871042026482441
12,39.55,32.15,0.8128950695322377
2,72.2,63.35,0.8774238227146814
10,63.7,53.35,0.8375196232339089
6,40.0,36.05,0.90125
10,66.55,54.15,0.8136739293764087
8,68.7,58.5,0.851528384279476
10,96.35,75.5,0.783601453035807
6,42.75,36.7,0.8584795321637427
4,59.9,55.2,0.9215358931552587
16,30.7,25.15,0.8192182410423453
4,103.5,93.25,0.9009661835748792
20,46.7,39.3,0.841541755888651
10,137.7,113.85,0.826797385620915
8,62.85,51.6,0.8210023866348448
6,54.95,48.5,0.8826205641492265
4,57.75,52.2,0.9038961038961039
10,121.75,109.6,0.9002053388090349
6,71.7,64.05,0.893305439330544
4,102.95,94.55,0.9184069936862554
8,136.25,114.0,0.8366972477064221
6,55.6,50.9,0.9154676258992805
0,105.35,96.55,0.916468913146654
10,165.85,139.85,0.8432318359963823
4,42.3,38.45,0.9089834515366431
12,39.5,33.5,0.8481012658227848
14,44.15,34.1,0.7723669309173273
6,90.55,79.35,0.8763114301490889
14,68.75,61.8,0.8989090909090909
4,64.15,59.0,0.9197194076383476
6,37.05,31.45,0.8488529014844804
8,37.75,31.35,0.8304635761589404
6,88.95,77.85,0.8752107925801011
14,41.3,36.05,0.8728813559322034
10,130.4,108.25,0.8301380368098159
6,90.6,79.0,0.8719646799116998
12,53.85,47.5,0.8820798514391829
8,50.85,44.25,0.8702064896755162
14,70.8,63.15,0.8919491525423728
4,73.5,66.5,0.9047619047619048
8,42.7,37.05,0.8676814988290398
12,86.95,72.45,0.8332374928119609
18,10.9,8.15,0.7477064220183486
8,123.05,105.25,0.8553433563592036
12,132.3,112.7,0.8518518518518519
2,78.6,68.0,0.8651399491094147
4,61.75,52.7,0.8534412955465587
8,34.5,29.85,0.8652173913043478
10,23.0,18.25,0.7934782608695652
6,96.35,77.95,0.8090295796574987
6,114.45,103.0,0.8999563128003495
8,90.4,74.3,0.8219026548672567
4,129.95,122.35,0.9415159676798769
2,130.1,114.15,0.8774019984627209
4,78.8,72.0,0.9137055837563451
2,43.75,37.6,0.8594285714285714
12,50.75,41.75,0.8226600985221675
14,59.6,50.4,0.8456375838926175
8,68.65,61.1,0.8900218499635834
6,78.1,72.15,0.9238156209987196
4,138.05,124.45,0.9014849692140529
4,59.4,55.4,0.9326599326599326
6,133.9,117.05,0.8741598207617625
12,48.45,41.35,0.8534571723426213
4,33.0,27.55,0.8348484848484848
6,34.7,29.5,0.8501440922190202
4,52.5,44.35,0.8447619047619047
4,64.8,56.4,0.8703703703703703
12,32.2,25.35,0.7872670807453416
8,30.8,28.05,0.9107142857142857
10,60.3,50.95,0.8449419568822554
10,65.3,54.75,0.8384379785604901
8,72.3,61.05,0.8443983402489627
2,30.3,27.05,0.8927392739273927
8,50.7,44.15,0.8708086785009862
8,63.15,51.0,0.8076009501187649
8,71.8,63.4,0.883008356545961
10,61.35,51.65,0.8418907905460473
10,107.95,95.25,0.8823529411764706
6,40.85,35.75,0.8751529987760098
4,51.05,46.45,0.9098922624877571
12,21.65,18.85,0.8706697459584296
6,44.35,37.25,0.8399098083427283
18,79.2,62.2,0.7853535353535354
10,130.45,111.0,0.850900728248371
6,75.55,65.45,0.8663136995367307
8,57.4,47.15,0.8214285714285714
12,45.1,40.25,0.8924611973392461
8,79.45,70.35,0.8854625550660793
8,58.25,53.8,0.9236051502145923
8,54.65,46.05,0.8426349496797805
6,94.6,87.6,0.9260042283298098
6,76.45,65.4,0.855461085676913
14,82.5,69.95,0.8478787878787879
8,45.9,40.8,0.8888888888888888
8,58.1,49.05,0.8442340791738382
8,54.6,46.05,0.8434065934065934
10,73.95,60.55,0.8187964841108857
8,33.05,24.95,0.7549167927382754
8,38.35,31.1,0.8109517601043025
12,69.75,60.55,0.8681003584229391
6,136.8,121.85,0.8907163742690059
10,28.75,23.55,0.8191304347826087
8,124.85,109.65,0.8782539046856227
6,50.15,44.7,0.8913260219341974
10,37.9,33.45,0.8825857519788918
2,121.4,108.45,0.89332784184514
4,71.35,61.0,0.8549404344779257
6,149.25,130.5,0.8743718592964824
12,100.65,82.85,0.8231495280675608
10,33.5,27.3,0.8149253731343283
14,89.4,76.2,0.8523489932885906
10,84.55,72.25,0.8545239503252513
4,88.15,79.15,0.8979013045944413
8,58.3,47.25,0.8104631217838765
4,65.65,57.9,0.8819497334348819
10,22.3,20.2,0.905829596412556
10,39.65,29.95,0.755359394703657
12,40.5,35.5,0.8765432098765432
14,40.5,34.75,0.8580246913580247
12,51.25,46.15,0.9004878048780488
6,56.35,48.05,0.8527062999112689
8,35.1,29.1,0.8290598290598291
2,46.7,40.75,0.8725910064239829
8,88.3,76.7,0.8686296715741789
10,64.25,57.0,0.8871595330739299
4,105.4,96.35,0.9141366223908919
10,36.65,30.8,0.8403819918144612
4,36.45,31.65,0.8683127572016461
8,123.6,103.2,0.8349514563106796
10,74.15,62.9,0.8482805124747134
10,35.65,30.6,0.8583450210378681
14,33.85,26.25,0.7754800590841949
0,36.9,33.5,0.907859078590786
8,90.2,79.65,0.8830376940133038
10,51.45,46.2,0.8979591836734694
4,31.0,27.55,0.8887096774193548
2,103.95,93.25,0.897065897065897
6,42.0,38.1,0.9071428571428571
12,94.35,78.65,0.8335983041865395
8,84.05,72.8,0.8661511005353956
10,104.8,84.95,0.8105916030534351
6,122.65,109.65,0.8940073379535263
10,43.35,35.7,0.8235294117647058
2,134.7,120.6,0.8953229398663697
4,35.05,30.05,0.8573466476462197
6,72.7,64.6,0.8885832187070152
8,74.1,61.55,0.8306342780026991
10,33.85,29.4,0.8685376661742984
2,66.45,59.4,0.8939051918735892
14,127.05,101.8,0.8012593467138922
2,84.55,74.2,0.8775872264931993
14,29.65,23.35,0.7875210792580101
6,103.1,91.7,0.8894277400581959
6,32.6,27.45,0.8420245398773006
10,50.05,44.15,0.8821178821178821
6,56.75,50.7,0.8933920704845815
10,73.9,65.1,0.8809201623815968
8,57.8,50.35,0.8711072664359861
10,47.7,43.05,0.9025157232704403
16,27.1,23.55,0.8690036900369004
6,59.5,51.8,0.8705882352941177
12,81.6,67.25,0.8241421568627451
10,63.0,52.75,0.8373015873015873
10,29.35,24.2,0.8245315161839863
10,39.6,32.55,0.821969696969697
6,135.5,113.1,0.8346863468634687
14,60.8,47.6,0.7828947368421053
6,98.45,87.25,0.8862366683595734
8,66.0,58.05,0.8795454545454545
0,86.1,78.3,0.9094076655052264
12,61.35,47.85,0.7799511002444988
8,138.3,122.6,0.8864786695589298
8,38.4,34.2,0.890625
12,47.05,42.2,0.8969181721572795
4,46.45,40.95,0.8815931108719053
4,33.6,30.45,0.90625
10,53.4,41.5,0.7771535580524345
8,49.95,44.55,0.8918918918918919
12,31.65,26.6,0.8404423380726699
4,86.3,79.05,0.9159907300115875
16,34.5,29.35,0.8507246376811595
10,54.0,46.6,0.8629629629629629
8,95.2,86.7,0.9107142857142857
8,43.7,38.7,0.88558352402746
16,114.15,94.05,0.823915900131406
6,77.8,65.9,0.8470437017994858
12,34.35,30.65,0.8922852983988355
8,85.9,72.0,0.8381839348079162
10,54.5,45.35,0.8321100917431192
10,58.5,53.6,0.9162393162393162
16,58.3,46.9,0.8044596912521441
16,42.8,36.15,0.844626168224299
8,110.9,93.85,0.8462578899909828
12,86.45,70.6,0.816657027183343
2,101.6,89.2,0.8779527559055118
18,23.85,16.65,0.6981132075471698
6,99.95,88.65,0.886943471735868
8,100.2,88.15,0.8797405189620758
12,27.85,22.45,0.8061041292639138
8,72.15,62.5,0.8662508662508662
4,66.7,61.9,0.9280359820089955
10,117.7,100.0,0.8496176720475785
2,178.8,159.45,0.8917785234899329
8,20.45,14.85,0.726161369193154
2,21.35,19.0,0.8899297423887588
12,40.75,35.05,0.8601226993865031
6,103.2,92.6,0.8972868217054264
10,40.05,34.7,0.8664169787765293
14,45.65,32.4,0.7097480832420592
8,60.65,51.1,0.8425391591096455
8,26.6,20.9,0.7857142857142857
10,140.2,119.2,0.8502139800285307
14,29.6,25.0,0.8445945945945946
8,170.7,145.7,0.8535442296426479
8,61.05,49.65,0.8132678132678133
8,38.35,32.65,0.8513689700130378
12,42.3,37.9,0.8959810874704491
6,69.1,58.65,0.8487698986975398
6,67.1,54.0,0.8047690014903129
8,83.45,75.7,0.9071300179748353
6,98.95,88.25,0.8918645780697322
14,42.65,35.95,0.8429073856975381
10,60.25,50.6,0.8398340248962656
4,58.65,54.25,0.9249786871270247
0,42.2,36.3,0.8601895734597157
6,131.0,119.35,0.9110687022900763
8,58.5,50.6,0.864957264957265
12,106.65,92.6,0.8682606657290202
4,69.75,61.1,0.8759856630824373
6,69.7,60.65,0.870157819225251
12,125.95,109.4,0.868598650258039
4,80.5,69.7,0.8658385093167702
14,33.9,27.9,0.8230088495575221
12,30.55,23.95,0.7839607201309329
6,67.45,60.1,0.8910303928836175
10,45.7,38.85,0.850109409190372
6,68.85,62.85,0.9128540305010894
12,99.25,84.0,0.8463476070528967
8,33.1,27.35,0.8262839879154078
14,45.95,39.5,0.8596300326441785
4,121.1,110.85,0.9153592072667217
6,62.05,53.15,0.8565672844480258
10,81.25,70.7,0.8701538461538462
6,34.65,28.95,0.8354978354978355
10,22.4,19.55,0.8727678571428571
6,31.7,25.95,0.8186119873817035
2,45.2,40.6,0.8982300884955752
10,101.3,83.45,0.8237907206317868
8,85.9,73.9,0.860302677532014
12,19.45,17.2,0.884318766066838
12,48.2,40.4,0.8381742738589212
4,70.45,62.75,0.8907026259758695
10,100.95,86.2,0.8538880633977216
8,80.9,74.4,0.9196538936959209
8,85.2,67.7,0.7946009389671361
6,68.85,63.35,0.9201161946259986
8,45.55,41.0,0.9001097694840834
8,48.1,42.4,0.8814968814968815
10,23.75,19.8,0.8336842105263158
6,149.1,130.4,0.8745808182427901
12,54.4,45.65,0.8391544117647058
8,35.45,32.5,0.9167842031029619
8,73.25,65.75,0.8976109215017065
14,18.05,13.45,0.7451523545706371
10,82.7,67.6,0.8174123337363967
12,39.9,33.5,0.8395989974937343
6,55.35,48.15,0.8699186991869918
6,55.45,48.0,0.8656447249774571
2,58.4,52.4,0.8972602739726028
8,42.55,35.5,0.8343125734430082
4,40.85,35.25,0.8629130966952264
10,64.9,54.95,0.8466872110939908
14,65.8,54.5,0.8282674772036475
10,104.7,91.55,0.8744030563514804
10,43.25,38.85,0.8982658959537573
6,56.45,50.3,0.8910540301151462
6,55.8,51.1,0.9157706093189965
12,59.8,51.45,0.8603678929765887
10,120.45,104.7,0.8692403486924035
6,101.25,88.3,0.8720987654320987
4,32.3,27.2,0.8421052631578947
4,90.15,81.1,0.8996117581808097
8,114.6,91.9,0.8019197207678883
6,63.5,55.35,0.8716535433070867
8,54.9,49.5,0.9016393442622951
8,72.45,59.7,0.8240165631469979
4,42.55,35.9,0.8437132784958872
16,47.05,38.95,0.8278427205100957
6,104.2,91.35,0.8766794625719769
4,70.3,63.1,0.8975817923186344
4,63.85,59.55,0.93265465935787
8,38.35,31.5,0.8213820078226858
12,34.4,29.45,0.8561046511627907
8,29.0,25.65,0.8844827586206897
10,46.8,37.65,0.8044871794871795
4,69.0,64.6,0.936231884057971
6,45.4,37.35,0.8226872246696035
4,67.45,58.25,0.8636026686434396
6,70.9,59.05,0.8328631875881524
6,40.05,35.0,0.8739076154806492
8,99.95,85.0,0.8504252126063031
4,111.5,96.8,0.8681614349775785
10,105.95,91.55,0.8640868334119868
16,55.35,43.4,0.7841011743450768
2,65.05,56.1,0.862413528055342
12,91.5,75.45,0.8245901639344262
14,61.05,51.25,0.8394758394758395
10,21.5,17.75,0.8255813953488372
6,96.55,84.95,0.8798549974106681
12,81.4,66.15,0.8126535626535627
14,27.95,23.2,0.8300536672629696
8,60.8,55.2,0.9078947368421053
2,83.05,73.9,0.8898254063816978
6,98.85,88.55,0.8958017197774406
0,78.8,68.5,0.8692893401015228
10,61.3,53.5,0.8727569331158238
6,49.85,44.8,0.8986960882647944
10,82.9,65.1,0.7852834740651388
2,103.5,87.75,0.8478260869565217
8,97.25,80.5,0.8277634961439588
8,29.6,24.85,0.839527027027027
6,55.35,45.4,0.8202348690153568
6,58.95,51.45,0.8727735368956743
12,51.3,43.2,0.8421052631578947
12,75.45,63.75,0.8449304174950298
10,66.2,60.15,0.9086102719033232
6,147.05,127.45,0.8667120027201632
8,124.6,111.15,0.8920545746388443
14,68.5,55.6,0.8116788321167884
6,54.85,47.9,0.8732907930720146
10,65.9,58.55,0.8884673748103187
4,105.65,90.8,0.8594415522953147
4,74.8,63.35,0.8469251336898396
8,93.7,84.3,0.8996798292422625
8,34.25,29.0,0.8467153284671532
12,29.9,26.1,0.8729096989966555
10,45.1,36.85,0.8170731707317073
8,38.7,33.9,0.875968992248062
10,91.65,75.45,0.823240589198036
6,35.15,31.45,0.8947368421052632
2,96.6,92.4,0.9565217391304348
10,61.6,55.45,0.9001623376623377
6,137.65,115.65,0.8401743552488194
4,30.5,26.05,0.8540983606557377
6,73.05,63.65,0.8713210130047913
6,81.4,68.9,0.8464373464373465
10,89.0,73.95,0.8308988764044943
4,35.8,32.0,0.8938547486033519
8,75.1,62.85,0.8368841544607191
16,64.1,51.95,0.8104524180967239
6,23.65,21.55,0.9112050739957717
12,74.15,65.65,0.8853674983142279
10,42.7,38.4,0.8992974238875878
6,96.95,84.1,0.8674574522949974
8,25.45,22.1,0.8683693516699411
0,62.55,58.8,0.9400479616306955
10,86.9,73.25,0.8429228998849252
8,76.7,68.4,0.8917861799217731
14,45.2,35.55,0.786504424778761
6,43.55,38.15,0.8760045924225028
4,35.25,32.45,0.9205673758865248
16,91.65,81.5,0.8892525913802509
2,37.55,32.65,0.8695073235685752
4,115.85,100.7,0.8692274492878722
6,36.6,30.25,0.8265027322404371
8,35.5,29.0,0.8169014084507042
14,42.95,35.9,0.8358556461001164
6,33.05,29.0,0.8774583963691377
10,79.15,70.45,0.8900821225521163
8,52.2,46.2,0.8850574712643678
4,42.25,36.85,0.8721893491124261
12,45.9,39.7,0.8649237472766884
12,41.15,34.15,0.8298906439854192
4,63.2,57.95,0.9169303797468354
14,56.4,42.9,0.7606382978723404
4,99.0,84.5,0.8535353535353535
4,58.7,53.2,0.9063032367972743
6,64.5,60.45,0.9372093023255814
4,45.45,42.55,0.9361936193619362
6,59.8,51.3,0.8578595317725752
14,84.55,68.2,0.8066232998225902
8,43.95,38.3,0.8714448236632537
10,74.2,60.9,0.8207547169811321
8,86.1,72.5,0.8420441347270615
10,49.75,42.45,0.8532663316582915
6,33.2,27.95,0.8418674698795181
2,89.05,79.45,0.8921953958450309
12,124.7,109.9,0.8813151563753007
6,97.95,86.75,0.8856559469116896
12,64.55,54.9,0.8505034856700232
20,58.5,52.0,0.8888888888888888
0,77.75,73.75,0.9485530546623794
10,112.9,97.5,0.8635961027457927
6,68.95,58.95,0.854967367657723
16,54.4,44.2,0.8125
6,50.65,42.9,0.8469891411648569
20,66.3,51.05,0.7699849170437406
10,56.75,48.2,0.8493392070484581
8,186.6,164.8,0.8831725616291533
2,69.2,61.55,0.8894508670520231
8,147.5,128.9,0.8738983050847458
8,62.05,51.6,0.8315874294923449
8,59.2,53.75,0.9079391891891891
14,22.7,19.85,0.8744493392070485
8,71.35,60.55,0.8486334968465312
6,100.7,89.45,0.8882820258192652
4,127.2,115.5,0.9080188679245284
6,45.15,38.5,0.8527131782945736
8,22.55,18.55,0.8226164079822617
8,60.7,51.6,0.8500823723228995
4,79.35,75.35,0.9495904221802143
6,164.4,146.5,0.8911192214111923
10,36.1,27.85,0.7714681440443213
12,34.85,30.35,0.8708751793400287
6,30.85,25.95,0.8411669367909238
4,120.65,113.15,0.9378367177786987
8,89.5,76.3,0.852513966480447
8,88.75,80.3,0.9047887323943662
8,57.9,49.9,0.8618307426597582
10,57.95,48.5,0.8369283865401208
6,30.55,25.85,0.8461538461538461
6,62.15,49.45,0.7956556717618665
6,40.05,35.2,0.8789013732833958
8,76.35,64.8,0.8487229862475442
12,49.9,42.05,0.842685370741483
10,69.95,56.6,0.8091493924231594
4,87.45,79.6,0.9102344196683819
14,107.6,92.5,0.8596654275092936
8,71.3,60.4,0.847124824684432
10,101.1,90.15,0.8916913946587537
12,48.9,39.1,0.7995910020449898
14,20.95,17.75,0.847255369928401
10,92.05,75.0,0.8147745790331342
4,39.05,35.0,0.8962868117797695
6,72.75,66.55,0.9147766323024055
8,43.7,36.6,0.8375286041189931
12,36.5,29.55,0.8095890410958904
12,55.5,45.05,0.8117117117117117
8,26.5,23.65,0.8924528301886793
0,107.75,96.65,0.896983758700696
8,132.3,115.7,0.8745275888133031
6,101.8,90.55,0.8894891944990176
8,37.85,31.7,0.8375165125495376
4,107.65,95.85,0.8903855085926614
8,46.4,39.85,0.8588362068965517
8,70.4,62.0,0.8806818181818182
12,21.95,18.3,0.8337129840546698
22,34.9,26.45,0.7578796561604585
10,54.1,48.2,0.8909426987060998
14,26.35,21.95,0.8330170777988615
4,33.7,30.7,0.9109792284866469
8,23.65,18.3,0.773784355179704
14,35.45,27.6,0.7785613540197461
12,71.0,58.0,0.8169014084507042
12,40.05,32.45,0.8102372034956304
8,78.9,67.45,0.8548795944233206
4,168.2,155.1,0.9221165279429251
2,46.05,41.0,0.8903365906623235
18,33.8,28.05,0.8298816568047337
10,133.9,114.3,0.8536221060492906
8,55.95,51.1,0.9133154602323503
8,78.15,70.5,0.9021113243761996
4,41.45,33.75,0.8142340168878166
0,57.55,55.35,0.9617723718505647
10,50.95,42.15,0.8272816486751717
8,51.8,41.25,0.7963320463320464
6,53.15,47.25,0.8889934148635936
2,95.25,80.8,0.8482939632545932
8,54.65,48.5,0.8874656907593779
10,95.15,81.9,0.860746190225959
4,82.5,71.9,0.8715151515151515
8,37.2,31.0,0.8333333333333334
6,72.75,61.6,0.8467353951890034
10,94.5,81.95,0.8671957671957672
8,71.55,61.7,0.8623340321453529
10,113.65,95.3,0.838539375274967
8,82.05,70.15,0.8549664838513101
8,83.5,71.25,0.8532934131736527
6,85.7,77.25,0.9014002333722287
10,53.2,44.05,0.8280075187969925
10,58.55,50.3,0.8590947907771136
14,76.85,64.45,0.8386467143786597
4,70.25,62.5,0.8896797153024911
2,94.35,85.75,0.9088500264970854
8,48.0,39.8,0.8291666666666667
12,36.1,31.55,0.8739612188365651
10,51.65,39.85,0.771539206195547
8,104.4,90.45,0.8663793103448276
2,70.1,58.55,0.8352353780313837
8,45.5,40.4,0.8879120879120879
10,91.0,80.45,0.884065934065934
10,16.15,13.55,0.8390092879256966
2,78.3,70.0,0.8939974457215837
2,51.85,43.6,0.840887174541948
8,53.0,45.45,0.8575471698113207
12,81.9,69.15,0.8443223443223443
12,20.95,17.6,0.8400954653937948
4,35.95,33.05,0.9193324061196105
18,44.0,35.8,0.8136363636363636
12,44.9,39.5,0.8797327394209354
4,95.7,87.6,0.9153605015673981
2,134.4,128.55,0.9564732142857143
4,64.55,56.7,0.8783888458559257
16,40.9,29.75,0.7273838630806846
2,32.15,28.8,0.895800933125972
4,43.8,39.25,0.8961187214611872
16,28.9,22.35,0.773356401384083
4,55.85,49.2,0.8809310653536258
8,40.75,35.85,0.8797546012269939
2,72.4,65.4,0.9033149171270718
10,59.4,47.05,0.7920875420875421
4,47.55,41.4,0.8706624605678234
18,23.6,19.3,0.8177966101694916
8,98.5,84.2,0.8548223350253807
16,70.25,55.45,0.7893238434163701
8,31.25,26.45,0.8464
4,63.95,56.75,0.887412040656763
4,43.85,40.55,0.9247434435575826
14,43.6,34.2,0.7844036697247706
4,67.85,60.3,0.8887251289609432
4,65.6,57.5,0.8765243902439024
12,94.8,80.85,0.8528481012658228
10,100.4,86.05,0.8570717131474104
12,19.5,15.4,0.7897435897435897
14,86.5,72.7,0.8404624277456647
8,115.05,97.75,0.8496305953933072
6,59.95,55.1,0.9190992493744787
6,29.1,22.1,0.7594501718213058
14,96.85,77.25,0.7976251935983479
4,74.3,68.85,0.9266487213997309
12,62.15,50.8,0.8173773129525342
6,28.5,25.65,0.9
4,58.9,51.75,0.8786078098471987
2,160.25,146.2,0.9123244929797192
6,76.15,64.9,0.8522652659225214
12,67.95,56.4,0.8300220750551877
8,88.9,74.35,0.8363329583802025
10,70.0,52.85,0.755
10,56.05,49.6,0.8849241748438894
14,67.15,55.15,0.8212956068503351
6,76.15,65.1,0.8548916611950098
6,76.25,68.45,0.8977049180327868
10,110.45,89.45,0.80986871887732
4,46.75,42.75,0.9144385026737968
12,120.75,97.9,0.8107660455486543
12,91.8,76.0,0.8278867102396514
8,79.3,65.95,0.8316519546027743
6,97.45,85.55,0.8778860954335557
12,52.1,42.0,0.8061420345489443
0,42.1,37.15,0.8824228028503563
4,138.35,123.05,0.889410914347669
2,34.35,31.4,0.9141193595342066
14,90.9,69.75,0.7673267326732673
6,61.65,53.25,0.8637469586374696
12,44.7,38.15,0.8534675615212528
10,110.9,96.2,0.8674481514878268
10,88.95,80.1,0.9005059021922428
6,92.9,84.95,0.9144241119483315
6,23.65,20.65,0.8731501057082452
4,39.15,33.3,0.8505747126436781
6,35.0,29.95,0.8557142857142858
14,41.15,36.8,0.8942891859052248
14,68.25,58.1,0.8512820512820513
12,39.8,34.35,0.8630653266331658
16,104.8,81.3,0.7757633587786259
14,52.3,43.2,0.8260038240917782
10,102.55,87.1,0.8493417844953681
8,111.0,98.05,0.8833333333333333
6,73.0,59.3,0.8123287671232877
8,78.45,68.4,0.8718929254302104
8,36.2,27.4,0.7569060773480663
6,54.15,45.45,0.8393351800554016
10,63.4,57.05,0.8998422712933754
14,25.25,19.55,0.7742574257425743
2,90.5,83.7,0.9248618784530387
2,104.85,91.85,0.8760133524082022
10,71.45,57.95,0.8110566829951015
8,96.35,86.2,0.8946549039958485
12,66.45,54.4,0.8186606471030851
2,151.7,132.75,0.8750823994726433
6,42.35,35.45,0.8370720188902007
8,136.35,118.4,0.8683535020168683
6,60.0,50.7,0.845
10,61.9,51.8,0.8368336025848142
10,59.05,51.2,0.8670618120237087
8,58.05,52.05,0.896640826873385
8,126.15,103.6,0.8212445501387238
12,52.5,46.05,0.8771428571428571
0,194.1,174.7,0.9000515198351365
16,54.85,42.75,0.7793983591613491
10,79.0,69.0,0.8734177215189873
8,76.5,64.65,0.8450980392156863
8,42.7,34.35,0.8044496487119438
8,21.6,18.55,0.8587962962962963
6,89.7,75.7,0.8439241917502787
10,47.3,39.95,0.8446088794926004
12,85.55,67.9,0.7936879018118059
8,49.85,44.3,0.8886659979939819
6,75.4,65.85,0.873342175066313
4,39.45,34.4,0.8719898605830165
6,40.65,35.9,0.8831488314883149
18,82.05,70.45,0.858622790981109
8,50.4,42.45,0.8422619047619048
8,86.7,69.3,0.7993079584775087
6,47.65,39.3,0.8247639034627492
12,79.0,64.75,0.819620253164557
6,96.8,83.05,0.8579545454545454
10,56.05,48.8,0.8706512042818911
2,70.95,66.25,0.9337561663143058
12,44.65,38.75,0.8678611422172452
2,43.3,40.8,0.9422632794457275
16,44.75,37.05,0.8279329608938547
14,35.05,28.3,0.8074179743223966
4,64.0,55.45,0.86640625
10,114.35,98.25,0.8592041976388282
6,87.65,78.65,0.8973188819167142
10,59.1,50.2,0.8494077834179357
4,59.5,51.75,0.8697478991596639
14,64.9,50.55,0.7788906009244992
12,46.0,40.55,0.8815217391304347
4,58.75,53.0,0.902127659574468
8,54.35,47.35,0.8712051517939282
10,79.55,64.0,0.8045254556882464
8,50.7,43.0,0.8481262327416174
6,59.85,51.35,0.8579782790309106
6,103.5,92.55,0.8942028985507247
6,94.3,83.7,0.887592788971368
10,59.65,46.15,0.7736797988264879
6,46.15,41.1,0.8905742145178764
12,40.2,34.8,0.8656716417910447
4,50.6,46.65,0.9219367588932806
6,80.55,70.45,0.8746120422098076
10,25.5,21.6,0.8470588235294118
4,61.0,56.3,0.9229508196721311
6,37.85,32.85,0.8678996036988111
8,32.35,28.05,0.8670788253477589
8,137.25,120.0,0.8743169398907104
2,57.25,50.5,0.8820960698689956
14,56.2,47.05,0.8371886120996441
16,45.7,40.15,0.8785557986870897
4,111.05,98.05,0.8829356145880234
18,27.45,19.2,0.6994535519125683
8,102.35,87.8,0.8578407425500733
12,36.3,29.25,0.8057851239669421
2,55.3,48.35,0.8743218806509946
8,89.25,75.15,0.8420168067226891
12,53.35,45.3,0.8491096532333646
4,60.1,49.1,0.8169717138103162
8,104.9,87.35,0.832697807435653
6,133.5,112.2,0.8404494382022472
8,92.25,76.35,0.8276422764227642
10,79.2,67.25,0.8491161616161617
4,62.2,52.15,0.8384244372990354
4,66.45,59.7,0.8984198645598194
8,74.05,62.0,0.837272113436867
8,33.45,29.3,0.8759342301943199
14,45.0,41.2,0.9155555555555556
6,38.15,32.0,0.8387942332896461
8,68.35,57.1,0.8354059985369422
8,76.75,67.55,0.8801302931596091
4,64.65,61.9,0.9574632637277649
8,33.8,29.95,0.886094674556213
4,96.25,83.55,0.8680519480519481
6,122.5,103.2,0.8424489795918367
14,50.1,40.0,0.7984031936127745
8,72.75,66.0,0.9072164948453608
6,51.4,44.65,0.8686770428015564
16,19.75,15.45,0.7822784810126582
2,32.35,27.25,0.8423493044822257
10,89.55,68.0,0.7593523171412618
6,55.9,51.65,0.9239713774597496
22,38.15,24.65,0.6461336828309305
8,29.75,26.8,0.9008403361344538
6,87.55,76.85,0.8777841233580811
2,93.75,86.8,0.9258666666666666
6,90.7,80.45,0.8869900771775082
12,46.5,34.4,0.7397849462365591
8,76.25,63.1,0.8275409836065574
4,41.25,38.3,0.9284848484848485
6,45.2,38.4,0.8495575221238938
6,63.2,56.7,0.8971518987341772
6,70.8,62.1,0.8771186440677966
14,107.3,90.8,0.8462255358807083
6,61.0,51.7,0.8475409836065574
14,58.55,48.25,0.8240819812126388
8,50.05,43.65,0.8721278721278721
6,36.25,30.35,0.8372413793103448
4,32.75,28.6,0.8732824427480916
8,41.05,36.5,0.8891595615103532
10,112.25,103.8,0.9247216035634744
8,52.3,47.45,0.9072657743785851
10,99.45,82.4,0.8285570638511816
6,75.3,68.15,0.9050464807436919
2,95.3,80.8,0.8478488982161595
12,36.8,33.1,0.8994565217391305
10,58.7,51.85,0.883304940374787
10,67.0,59.45,0.8873134328358209
6,73.75,58.05,0.7871186440677966
4,71.5,61.0,0.8531468531468531
8,82.3,72.55,0.8815309842041312
14,112.05,91.3,0.8148148148148148
8,91.05,77.4,0.8500823723228995
6,32.95,27.25,0.8270106221547799
6,89.25,76.6,0.8582633053221288
12,31.2,26.95,0.8637820512820513
4,61.35,55.35,0.902200488997555
14,30.7,27.35,0.8908794788273615
6,123.25,108.95,0.883975659229209
10,113.85,97.5,0.8563899868247694
2,40.7,35.95,0.8832923832923832
14,42.9,34.2,0.7972027972027972
10,57.65,50.3,0.8725065047701648
4,94.35,83.5,0.885002649708532
16,73.8,62.6,0.8482384823848238
4,88.3,78.5,0.8890147225368064
10,50.95,41.85,0.8213935230618253
6,29.65,25.05,0.8448566610455311
12,57.8,50.45,0.8728373702422145
6,33.6,30.05,0.8943452380952381
8,45.05,36.8,0.8168701442841287
4,57.45,52.6,0.9155787641427328
6,113.3,104.65,0.9236540158870256
2,41.15,36.7,0.8918590522478737
10,69.65,63.25,0.9081119885139985
8,65.1,55.5,0.8525345622119815
0,82.75,70.75,0.8549848942598187
12,119.2,101.85,0.8544463087248322
12,20.65,17.85,0.864406779661017
0,23.7,21.0,0.8860759493670886
4,46.9,42.2,0.8997867803837953
12,123.6,103.7,0.8389967637540453
8,107.8,93.95,0.87152133580705
8,32.25,27.05,0.8387596899224806
10,48.85,39.2,0.8024564994882293
8,61.55,55.6,0.9033306255077173
2,37.25,31.95,0.8577181208053691
10,18.75,15.85,0.8453333333333334
12,36.0,27.55,0.7652777777777777
2,128.55,111.9,0.8704784130688448
6,66.2,61.15,0.9237160120845922
6,150.9,136.2,0.9025844930417495
6,58.15,51.8,0.8907996560619088
14,42.75,39.65,0.927485380116959
4,31.3,27.9,0.8913738019169329
8,73.6,62.1,0.84375
10,47.25,40.8,0.8634920634920635
8,54.35,47.85,0.8804047838086476
12,50.3,45.5,0.904572564612326
8,44.9,39.3,0.8752783964365256
14,98.5,85.5,0.868020304568528
4,148.55,135.75,0.9138337260181757
4,84.3,73.85,0.8760379596678529
12,66.35,54.2,0.8168801808590807
8,66.65,58.05,0.8709677419354839
2,114.05,98.25,0.8614642700569926
12,91.3,80.7,0.8838992332968236
8,36.35,31.9,0.8775790921595599
12,34.3,28.25,0.8236151603498543
2,45.65,39.95,0.8751369112814896
18,28.25,23.25,0.8230088495575221
0,79.45,75.7,0.9528005034612964
12,34.6,27.55,0.796242774566474
4,24.6,22.25,0.9044715447154471
4,221.2,188.7,0.8530741410488246
4,49.6,45.6,0.9193548387096774
8,177.65,154.3,0.868561778778497
10,66.55,55.75,0.8377160030052592
14,58.65,52.45,0.8942881500426257
2,145.75,130.8,0.8974271012006861
14,50.4,39.75,0.7886904761904762
8,67.2,58.1,0.8645833333333334
8,45.4,39.9,0.8788546255506607
16,70.5,53.6,0.7602836879432624
8,35.1,28.7,0.8176638176638177
12,117.6,98.9,0.8409863945578231
10,70.65,56.1,0.7940552016985138
14,27.35,22.25,0.8135283363802559
10,73.0,61.8,0.8465753424657534
14,73.95,63.0,0.8519269776876268
2,36.45,33.2,0.9108367626886146
8,60.45,50.1,0.8287841191066998
16,46.8,41.15,0.8792735042735043
14,88.7,75.3,0.8489289740698985
10,47.95,43.6,0.9092805005213764
6,50.95,46.4,0.9106967615309126
12,27.65,22.4,0.810126582278481
6,70.25,61.1,0.8697508896797153
0,54.45,49.4,0.9072543617998163
6,72.95,64.1,0.8786840301576422
6,41.7,36.5,0.8752997601918465
14,24.5,18.8,0.7673469387755102
6,55.85,48.8,0.873769024171889
8,26.9,23.5,0.8736059479553904
8,73.25,60.5,0.825938566552901
8,31.5,28.1,0.8920634920634921
8,50.6,42.55,0.8409090909090909
10,62.8,54.2,0.8630573248407644
14,59.8,49.35,0.8252508361204013
16,67.85,54.05,0.7966101694915254
12,25.15,22.65,0.9005964214711729
6,78.9,67.4,0.8542458808618505
8,58.7,51.2,0.8722316865417377
14,107.25,90.2,0.841025641025641
6,126.0,112.2,0.8904761904761904
10,91.0,75.85,0.8335164835164836
8,103.8,93.3,0.8988439306358381
4,43.05,36.75,0.8536585365853658
10,75.4,66.8,0.8859416445623343
8,31.1,25.55,0.8215434083601286
12,64.2,57.45,0.8948598130841121
10,47.5,39.7,0.8357894736842105
10,36.7,30.8,0.8392370572207084
10,33.65,30.1,0.8945022288261516
6,48.55,42.35,0.8722966014418125
6,60.7,50.5,0.8319604612850082
14,37.35,30.95,0.8286479250334672
10,76.05,66.7,0.8770545693622617
6,89.25,71.3,0.7988795518207283
4,70.2,56.3,0.801994301994302
0,125.45,115.2,0.9182941410920685
4,60.85,53.5,0.8792111750205424
8,25.35,21.35,0.8422090729783037
10,82.1,65.3,0.7953714981729598
16,80.6,70.3,0.8722084367245657
10,48.95,42.2,0.8621041879468846
10,56.85,48.2,0.8478452066842568
10,47.45,39.45,0.8314014752370916
4,109.15,96.7,0.885936784241869
4,101.15,87.55,0.865546218487395
8,25.15,21.0,0.8349900596421471
8,101.75,88.75,0.8722358722358723
8,65.55,58.35,0.8901601830663616
2,86.65,76.7,0.8851702250432776
10,118.0,104.15,0.8826271186440678
14,50.15,43.8,0.8733798604187437
6,43.55,39.3,0.9024110218140069
8,100.5,85.25,0.8482587064676617
16,38.15,31.2,0.817824377457405
10,54.6,48.85,0.8946886446886447
10,63.75,53.6,0.8407843137254902
6,81.15,68.6,0.8453481207640172
10,53.9,45.55,0.8450834879406308
8,115.0,103.6,0.9008695652173913
10,126.9,103.1,0.8124507486209613
6,38.3,33.15,0.8655352480417755
10,51.9,44.4,0.8554913294797688
12,63.75,55.9,0.8768627450980392
16,65.15,50.15,0.7697620874904068
10,94.7,81.65,0.8621964097148891
14,87.25,72.7,0.8332378223495702
10,39.35,32.85,0.8348157560355781
16,41.4,35.8,0.8647342995169082
4,124.0,106.4,0.8580645161290322
6,111.1,101.0,0.9090909090909091
6,132.75,117.1,0.8821092278719397
4,69.3,63.25,0.9126984126984127
10,36.9,30.2,0.8184281842818428
12,17.0,13.7,0.8058823529411765
4,86.9,71.6,0.8239355581127733
6,75.75,66.0,0.8712871287128713
6,75.85,67.7,0.8925510876730389
16,30.35,22.45,0.7397034596375618
16,44.05,31.45,0.713961407491487
2,24.9,23.15,0.929718875502008
8,80.65,59.7,0.7402355858648481
0,53.35,46.6,0.8734770384254921
6,66.15,56.55,0.854875283446712
10,31.15,26.55,0.8523274478330658
6,113.5,98.25,0.8656387665198237
10,49.5,42.9,0.8666666666666667
18,23.15,18.95,0.8185745140388769
12,34.5,28.55,0.827536231884058
8,90.4,80.8,0.8938053097345132
12,66.8,59.3,0.8877245508982036
8,97.9,84.95,0.8677221654749745
16,54.15,44.95,0.830101569713758
14,60.2,49.65,0.824750830564784
16,45.55,39.25,0.8616904500548848
8,21.15,16.4,0.7754137115839244
10,64.75,56.45,0.8718146718146718
6,36.75,33.2,0.9034013605442177
10,34.3,29.15,0.8498542274052479
4,84.55,77.45,0.9160260201064458
8,16.15,14.8,0.9164086687306502
6,96.05,80.0,0.8328995314940135
10,26.6,20.1,0.7556390977443609
10,52.7,47.1,0.8937381404174574
6,105.75,91.5,0.8652482269503546
12,20.05,17.15,0.8553615960099751
6,101.25,82.85,0.8182716049382716
6,76.85,70.25,0.9141184124918673
10,80.35,68.05,0.8469197261978842
10,102.55,82.25,0.8020477815699659
4,34.05,30.25,0.8883994126284875
6,64.9,56.25,0.8667180277349769
6,41.1,34.5,0.8394160583941606
2,92.95,82.3,0.8854222700376546
8,85.1,77.6,0.9118683901292597
8,80.15,70.2,0.875857766687461
8,86.05,76.0,0.8832074375363161
6,50.15,44.25,0.8823529411764706
8,56.15,50.7,0.9029385574354408
18,21.55,15.05,0.6983758700696056
6,54.35,46.15,0.8491260349586016
12,54.6,44.55,0.8159340659340659
8,110.1,96.15,0.8732970027247956
6,67.45,61.75,0.9154929577464789
8,68.6,55.05,0.8024781341107872
12,13.6,11.6,0.8529411764705882
2,73.05,65.8,0.9007529089664613
6,31.55,28.8,0.9128367670364501
6,13.85,11.95,0.8628158844765343
8,98.0,86.25,0.8801020408163265
12,53.8,43.65,0.8113382899628253
6,42.95,37.5,0.8731082654249127
6,131.6,111.35,0.8461246200607903
12,48.55,40.25,0.8290422245108136
6,56.6,49.2,0.8692579505300353
10,91.55,76.0,0.8301474604041508
12,67.3,59.0,0.8766716196136701
14,40.45,35.1,0.8677379480840544
8,85.3,77.3,0.9062133645955451
4,60.25,51.15,0.8489626556016597
14,61.95,48.1,0.7764326069410815
2,59.1,51.8,0.8764805414551607
6,53.8,45.1,0.8382899628252788
12,33.65,27.5,0.8172362555720654
4,75.85,67.95,0.8958470665787739
8,118.95,102.5,0.8617065994115174
8,64.2,56.3,0.8769470404984424
8,116.0,96.7,0.8336206896551724
4,76.9,72.1,0.9375812743823146
4,100.45,90.2,0.8979591836734694
18,38.95,31.45,0.8074454428754814
12,124.2,103.85,0.8361513687600645
10,52.15,45.3,0.8686481303930969
14,36.2,31.05,0.8577348066298343
6,81.4,68.4,0.8402948402948403
6,56.55,51.65,0.9133510167992926
4,98.6,87.95,0.8919878296146044
6,65.65,56.45,0.8598629093678599
10,40.75,35.85,0.8797546012269939
12,48.35,40.1,0.8293691830403309
2,144.1,129.0,0.8952116585704372
6,81.15,67.1,0.8268638324091189
6,52.6,46.95,0.8925855513307985
6,112.7,101.35,0.8992901508429458
14,57.65,48.15,0.8352124891587164
6,117.1,102.65,0.876601195559351
2,60.3,55.15,0.9145936981757877
8,95.2,81.8,0.8592436974789915
6,106.75,92.75,0.8688524590163934
10,85.75,79.35,0.9253644314868804
6,57.1,49.8,0.87215411558669
14,20.75,17.25,0.8313253012048193
10,54.45,46.75,0.8585858585858586
16,73.8,59.05,0.8001355013550135
12,26.65,21.7,0.8142589118198874
10,50.2,42.55,0.8476095617529881
14,30.95,26.4,0.8529886914378029
12,59.7,48.3,0.8090452261306532
10,59.65,50.5,0.8466051969823973
8,134.7,121.25,0.9001484780994803
2,115.3,99.9,0.8664353859496965
2,39.35,34.0,0.8640406607369758
10,61.25,53.05,0.8661224489795918
8,41.8,37.1,0.8875598086124402
8,57.65,50.1,0.8690372940156115
6,51.25,42.75,0.8341463414634146
8,76.1,69.1,0.9080157687253614
4,126.6,111.8,0.8830963665086888
14,23.85,20.0,0.8385744234800838
6,176.45,150.4,0.8523661093794276
10,45.35,35.45,0.7816979051819184
14,28.8,26.55,0.921875
4,88.3,81.75,0.9258210645526613
6,87.0,75.45,0.8672413793103448
16,50.8,43.35,0.8533464566929134
8,73.5,62.8,0.854421768707483
4,66.1,58.25,0.8812405446293494
8,53.2,50.8,0.9548872180451128
6,71.0,59.65,0.8401408450704225
6,61.75,52.75,0.854251012145749
4,59.05,52.8,0.8941574936494496
8,57.15,48.05,0.8407699037620298
4,80.85,72.6,0.8979591836734694
20,21.6,15.95,0.7384259259259259
16,63.25,48.5,0.766798418972332
12,105.7,84.3,0.7975402081362346
4,97.3,85.35,0.8771839671120246
6,92.65,82.85,0.8942255801403131
12,38.05,30.65,0.8055190538764783
6,57.8,48.2,0.8339100346020761
8,49.95,44.25,0.8858858858858859
8,20.35,18.2,0.8943488943488943
6,71.4,63.3,0.8865546218487395
10,58.65,49.25,0.8397271952259164
10,71.45,64.85,0.907627711686494
10,89.85,79.2,0.8814691151919867
14,35.5,29.1,0.819718309859155
4,47.65,43.7,0.9171038824763903
2,58.4,53.45,0.9152397260273972
4,49.65,41.8,0.8418932527693856
6,67.8,60.75,0.8960176991150443
4,136.6,116.95,0.8561493411420205
10,136.05,116.25,0.8544652701212789
2,133.95,121.0,0.9033221351250467
10,46.4,40.65,0.8760775862068966
4,56.0,48.6,0.8678571428571429
8,48.1,40.95,0.8513513513513513
18,55.65,43.15,0.7753818508535489
8,52.35,43.1,0.8233046800382043
4,56.45,50.7,0.8981399468556245
2,104.3,92.35,0.8854266538830298
10,109.2,93.45,0.8557692307692307
4,34.7,32.3,0.930835734870317
16,27.6,21.0,0.7608695652173914
8,64.7,57.4,0.8871715610510046
8,163.75,146.25,0.8931297709923665
8,36.3,30.55,0.8415977961432507
6,46.7,42.1,0.9014989293361885
6,39.75,33.55,0.8440251572327044
12,70.55,59.95,0.8497519489723601
8,45.4,38.8,0.8546255506607929
8,93.65,80.3,0.8574479444741057
16,74.65,58.8,0.7876758204956463
6,53.45,45.75,0.8559401309635173
10,95.8,82.8,0.8643006263048016
8,72.7,64.4,0.8858321870701513
6,75.2,61.65,0.819813829787234
0,115.5,104.7,0.9064935064935065
4,142.5,133.6,0.9375438596491228
10,137.85,120.45,0.8737758433079434
2,41.6,35.75,0.859375
6,80.95,76.45,0.9444101297096974
6,92.0,83.65,0.9092391304347827
12,66.35,51.05,0.7694046721929163
8,44.85,40.8,0.9096989966555183
4,87.1,78.5,0.9012629161882894
6,73.95,63.6,0.8600405679513184
10,49.15,43.05,0.8758901322482198
4,27.35,22.75,0.8318098720292505
6,60.3,49.6,0.8225538971807629
12,22.8,19.15,0.8399122807017544
18,74.8,64.6,0.8636363636363636
8,51.8,46.8,0.9034749034749034
10,74.2,64.4,0.8679245283018868
8,94.0,82.9,0.8819148936170212
12,120.45,98.9,0.8210875882108759
6,77.1,68.05,0.8826199740596627
10,60.8,52.4,0.8618421052631579
16,29.2,22.55,0.7722602739726028
16,35.5,28.45,0.8014084507042254
6,60.7,50.75,0.8360790774299836
12,52.6,42.45,0.8070342205323194
8,103.05,87.9,0.8529839883551674
6,53.85,44.65,0.8291550603528319
2,103.9,98.25,0.9456207892204043
10,95.25,79.1,0.8304461942257217
14,60.75,50.4,0.8296296296296296
6,65.05,57.5,0.883935434281322
6,52.35,39.5,0.7545367717287488
14,21.1,18.55,0.8791469194312796
4,46.8,41.15,0.8792735042735043
0,95.65,86.1,0.9001568217459488
8,34.6,28.15,0.8135838150289018
4,52.95,45.85,0.8659112370160529
12,48.85,43.85,0.8976458546571137
8,16.85,13.9,0.8249258160237388
10,48.4,38.95,0.8047520661157025
12,122.3,103.7,0.8479149632052331
8,94.25,82.8,0.8785145888594165
14,24.4,19.0,0.7786885245901639
10,64.6,53.2,0.8235294117647058
6,103.75,86.25,0.8313253012048193
6,19.8,16.1,0.8131313131313131
4,59.7,50.2,0.8408710217755444
10,51.85,45.5,0.8775313404050145
6,116.5,106.0,0.9098712446351931
8,94.85,80.65,0.8502899314707433
6,51.1,45.95,0.8992172211350293
14,140.3,117.2,0.8353528153955809
4,134.8,116.65,0.8653560830860534
4,54.4,49.0,0.9007352941176471
2,83.5,77.25,0.9251497005988024
8,54.1,45.4,0.8391866913123844
2,93.05,81.35,0.8742611499193982
10,49.15,43.65,0.8880976602238047
6,34.1,28.5,0.8357771260997068
8,49.5,42.3,0.8545454545454545
6,86.9,79.95,0.9200230149597238
6,60.75,50.85,0.837037037037037
4,99.0,90.2,0.9111111111111111
2,34.25,31.55,0.9211678832116789
12,86.7,77.55,0.8944636678200693
4,41.5,37.5,0.9036144578313253
6,44.95,39.1,0.8698553948832035
8,101.55,86.55,0.8522895125553914
12,68.3,56.65,0.8294289897510981
4,79.65,73.3,0.9202762084118016
8,84.8,71.15,0.8390330188679245
10,97.2,84.1,0.8652263374485597
6,49.65,42.2,0.8499496475327291
8,33.7,27.55,0.8175074183976261
8,115.8,98.9,0.8540587219343696
6,49.95,45.45,0.9099099099099099
8,159.95,144.15,0.9012191309784308
10,35.65,32.4,0.908835904628331
6,34.45,28.3,0.8214804063860668
8,41.5,37.75,0.9096385542168675
8,97.15,88.1,0.9068450849202264
14,80.7,66.2,0.8203221809169765
10,34.85,28.6,0.8206599713055954
4,65.15,59.0,0.9056024558710668
6,40.8,35.1,0.8602941176470589
12,54.45,43.8,0.8044077134986226
6,91.0,83.35,0.9159340659340659
6,50.55,44.8,0.8862512363996043
10,80.7,68.25,0.845724907063197
14,79.25,61.85,0.7804416403785489
8,53.15,44.5,0.8372530573847601
16,56.9,50.0,0.8787346221441125
6,48.45,42.0,0.8668730650154799
8,134.4,119.35,0.8880208333333334
2,73.1,67.75,0.926812585499316
4,56.6,48.0,0.8480565371024735
6,92.15,81.4,0.8833423765599566
8,18.5,15.3,0.827027027027027
10,47.5,38.5,0.8105263157894737
6,93.9,80.45,0.8567625133120341
6,101.95,87.65,0.8597351642962237
6,47.25,40.95,0.8666666666666667
8,54.2,44.65,0.8238007380073801
8,62.1,52.15,0.8397745571658615
10,53.2,44.85,0.8430451127819549
8,53.55,49.55,0.9253034547152195
14,79.8,63.8,0.7994987468671679
8,34.0,29.3,0.861764705882353
8,70.9,60.85,0.8582510578279267
8,68.25,57.75,0.8461538461538461
10,144.3,123.3,0.8544698544698545
12,33.6,28.2,0.8392857142857143
6,41.0,32.8,0.8
4,81.55,76.1,0.9331698344573881
8,55.1,47.15,0.8557168784029038
8,59.2,52.7,0.8902027027027027
18,66.3,50.0,0.7541478129713424
8,41.2,35.5,0.8616504854368932
16,23.65,19.05,0.8054968287526427
14,92.4,78.85,0.8533549783549783
4,120.05,110.95,0.924198250728863
16,105.5,91.45,0.866824644549763
18,20.3,16.65,0.8201970443349754
10,105.5,91.85,0.8706161137440759
4,74.75,68.9,0.9217391304347826
8,49.15,44.75,0.9104781281790437
8,65.75,59.9,0.9110266159695818
10,37.65,32.95,0.8751660026560425
8,137.25,120.0,0.8743169398907104
8,44.1,37.2,0.8435374149659864
4,44.0,39.9,0.9068181818181819
8,85.9,73.05,0.8504074505238649
10,67.8,57.1,0.8421828908554573
10,74.15,62.95,0.8489548213081591
16,34.15,29.35,0.8594436310395315
4,119.75,103.35,0.8630480167014614
14,31.2,26.3,0.842948717948718
6,60.7,52.8,0.8698517298187809
10,45.35,37.95,0.836824696802646
10,88.05,78.1,0.8869960249858035
8,52.1,46.05,0.8838771593090211
12,97.65,83.65,0.8566308243727598
10,89.35,83.6,0.9356463346390599
12,33.4,28.6,0.8562874251497006
14,58.85,50.95,0.8657604078164826
8,182.15,161.55,0.8869063958276147
14,65.75,55.85,0.8494296577946768
8,39.3,33.15,0.8435114503816794
6,72.5,64.4,0.8882758620689655
6,23.4,19.85,0.8482905982905983
14,38.75,31.1,0.8025806451612904
16,62.85,48.55,0.7724741447891806
16,26.15,19.1,0.7304015296367112
12,79.3,62.9,0.7931904161412359
4,66.5,56.25,0.8458646616541353
6,106.55,96.2,0.9028625058657908
6,48.2,42.45,0.8807053941908713
4,15.0,13.75,0.9166666666666666
10,73.7,62.6,0.8493894165535957
2,34.35,30.45,0.8864628820960698
4,75.65,62.4,0.8248512888301388
16,32.55,24.15,0.7419354838709677
18,48.05,36.2,0.7533818938605619
8,109.5,94.15,0.8598173515981735
8,40.6,36.5,0.8990147783251231
6,125.65,112.85,0.8981297254277756
6,92.0,81.85,0.8896739130434783
6,90.7,76.4,0.8423373759647188
8,25.15,22.15,0.8807157057654076
8,18.7,16.5,0.8823529411764706
6,23.05,20.55,0.8915401301518439
12,36.2,30.95,0.8549723756906077
16,80.35,61.8,0.7691350342252644
6,26.45,22.65,0.8563327032136105
4,116.9,105.85,0.9054747647562019
12,77.45,66.55,0.8592640413169786
6,49.55,43.5,0.8779011099899092
6,73.2,63.75,0.8709016393442623
18,28.85,23.35,0.8093587521663779
8,48.5,41.55,0.856701030927835
8,135.6,111.95,0.825589970501475
4,43.55,38.95,0.894374282433984
6,125.3,106.3,0.8483639265762171
8,88.15,79.05,0.8967668746454907
8,125.8,106.0,0.8426073131955485
4,106.2,95.95,0.9034839924670434
12,33.25,29.25,0.8796992481203008
10,51.05,41.9,0.8207639569049952
4,51.25,42.3,0.8253658536585365
12,85.7,65.95,0.7695449241540256
8,74.05,61.35,0.8284942606347063
2,49.0,42.25,0.8622448979591837
6,53.7,46.35,0.8631284916201117
14,118.55,99.5,0.8393083087304934
2,119.2,102.8,0.8624161073825504
4,74.9,66.85,0.8925233644859814
2,142.65,128.2,0.8987031195233088
10,56.5,46.9,0.8300884955752212
6,122.6,109.7,0.8947797716150081
4,45.6,35.9,0.7872807017543859
6,61.2,47.85,0.7818627450980392
8,36.65,31.55,0.8608458390177354
10,133.15,108.85,0.8174990612091626
6,90.05,79.1,0.8784008883953359
16,80.4,65.7,0.8171641791044776
0,77.6,68.75,0.8859536082474226
12,70.1,59.6,0.8502139800285307
6,39.05,32.8,0.8399487836107554
12,112.6,89.7,0.7966252220248667
10,69.4,60.8,0.8760806916426513
6,64.5,57.3,0.8883720930232558
4,137.05,116.8,0.8522437066763955
8,50.85,45.55,0.895771878072763
2,96.95,91.0,0.9386281588447654
8,79.05,70.8,0.8956356736242884
2,97.15,85.65,0.8816263510036026
4,67.3,60.55,0.899702823179792
4,44.45,38.2,0.859392575928009
14,39.0,29.9,0.7666666666666667
4,116.0,108.8,0.9379310344827586
6,43.35,38.9,0.8973471741637832
10,94.4,82.75,0.8765889830508474
8,86.35,66.65,0.7718587145338738
4,80.2,71.25,0.8884039900249376
8,73.4,59.65,0.8126702997275205
14,25.0,19.25,0.77
6,90.4,74.45,0.8235619469026548
8,69.55,63.05,0.9065420560747663
12,57.85,49.35,0.8530682800345721
12,53.45,48.15,0.9008419083255379
8,33.3,27.7,0.8318318318318318
4,57.75,48.5,0.8398268398268398
10,59.8,47.2,0.7892976588628763
6,46.8,40.0,0.8547008547008547
8,59.55,53.75,0.9026028547439127
10,89.2,73.4,0.8228699551569507
12,46.45,41.8,0.8998923573735199
6,28.65,25.15,0.8778359511343804
6,66.7,60.0,0.8995502248875562
4,91.2,81.0,0.8881578947368421
10,45.85,38.55,0.8407851690294439
14,82.1,67.3,0.8197320341047503
6,28.6,24.9,0.8706293706293706
10,31.35,24.6,0.784688995215311
10,71.7,59.45,0.8291492329149233
6,86.05,75.7,0.8797210923881464
16,29.7,24.85,0.8367003367003367
8,32.0,27.3,0.853125
8,49.65,44.35,0.8932527693856999
6,72.1,65.1,0.9029126213592233
10,78.9,69.1,0.8757921419518377
6,67.1,58.25,0.8681073025335321
10,51.65,44.45,0.8606001936108422
10,16.9,14.75,0.8727810650887574
6,76.05,66.75,0.8777120315581854
12,47.05,39.85,0.8469713071200851
10,58.3,49.45,0.8481989708404802
8,40.1,35.1,0.8753117206982544
6,27.3,24.15,0.8846153846153846
8,78.3,68.0,0.8684546615581098
6,71.1,63.6,0.8945147679324894
6,32.45,29.05,0.8952234206471494
16,44.4,34.5,0.777027027027027
10,63.4,54.7,0.862776025236593
14,61.05,52.25,0.8558558558558559
10,45.1,38.2,0.8470066518847007
12,39.25,34.0,0.8662420382165605
10,41.05,34.45,0.8392204628501827
10,22.65,19.25,0.8498896247240618
10,66.25,55.4,0.8362264150943396
10,43.05,34.35,0.7979094076655052
6,71.6,63.9,0.8924581005586593
8,94.95,80.85,0.8515007898894155
8,42.2,37.3,0.8838862559241706
4,73.75,67.2,0.9111864406779661
4,87.25,82.05,0.9404011461318051
12,46.95,36.75,0.7827476038338658
4,115.6,100.3,0.8676470588235294
6,54.3,44.0,0.8103130755064457
4,74.95,68.35,0.9119412941961308
6,49.0,42.7,0.8714285714285714
8,59.1,52.85,0.8942470389170897
10,71.05,59.45,0.8367346938775511
8,28.95,25.15,0.8687392055267703
4,53.2,46.1,0.8665413533834586
6,48.7,45.15,0.9271047227926078
6,27.05,24.4,0.9020332717190388
10,48.5,40.05,0.8257731958762886
8,23.85,20.65,0.8658280922431866
8,56.15,45.65,0.8130008904719501
10,15.75,12.85,0.8158730158730159
6,58.3,50.55,0.8670668953687821
10,75.95,61.25,0.8064516129032258
16,28.5,24.7,0.8666666666666667
8,85.9,77.2,0.8987194412107101
10,32.6,26.35,0.808282208588957
12,67.7,56.8,0.8389955686853766
12,92.1,77.0,0.8360477741585234
0,61.9,58.25,0.9410339256865913
8,121.85,108.8,0.8929011079195732
6,32.7,24.95,0.7629969418960245
8,22.0,18.05,0.8204545454545454
14,49.1,40.7,0.8289205702647657
6,74.85,67.1,0.8964595858383434
0,168.5,148.05,0.8786350148367953
6,36.5,30.2,0.8273972602739726
14,60.75,46.25,0.7613168724279835
10,53.7,49.4,0.9199255121042831
4,58.4,50.1,0.8578767123287672
8,76.35,65.7,0.8605108055009824
10,54.75,47.15,0.8611872146118722
10,147.6,123.5,0.8367208672086721
2,85.75,78.5,0.9154518950437318
10,52.75,45.1,0.8549763033175355
10,89.3,78.2,0.8756998880179171
6,72.75,61.5,0.845360824742268
8,122.15,106.95,0.8755628325828899
6,27.95,23.7,0.8479427549194991
8,216.8,189.95,0.8761531365313653
0,98.05,83.0,0.8465068842427333
2,96.45,86.8,0.8999481596682218
8,90.55,79.4,0.8768636112644947
8,19.3,14.25,0.7383419689119171
6,105.95,94.85,0.8952336007550732
12,27.05,23.7,0.8761552680221811
6,70.7,63.05,0.8917963224893918
6,66.6,54.2,0.8138138138138138
2,55.9,47.45,0.8488372093023255
14,95.95,80.8,0.8421052631578947
10,53.8,40.2,0.7472118959107806
16,34.2,29.6,0.8654970760233918
8,37.75,31.75,0.8410596026490066
12,100.35,82.2,0.8191330343796711
0,74.55,69.8,0.9362843729040912
4,53.0,47.15,0.8896226415094339
2,87.1,77.45,0.8892078071182549
4,72.6,62.85,0.8657024793388429
18,59.3,44.65,0.7529510961214165
8,31.65,28.15,0.8894154818325435
4,133.35,117.4,0.880389951256093
8,148.6,132.55,0.8919919246298789
4,36.8,34.2,0.9293478260869565
4,73.8,69.0,0.9349593495934959
8,58.95,50.55,0.8575063613231552
4,78.05,71.55,0.9167200512491992
4,71.25,67.25,0.9438596491228071
12,41.5,34.2,0.8240963855421687
8,64.55,53.25,0.8249419054996127
8,149.4,133.1,0.8908969210174029
2,89.15,81.2,0.9108244531688166
10,60.45,52.0,0.8602150537634409
2,28.3,24.95,0.8816254416961131
8,62.5,54.55,0.8728
6,126.7,114.2,0.9013417521704814
2,110.95,97.3,0.8769716088328076
16,28.35,20.75,0.7319223985890653
4,77.75,72.3,0.929903536977492
12,42.55,37.1,0.8719153936545241
16,24.9,19.1,0.7670682730923695
4,74.95,64.55,0.8612408272181454
6,106.35,82.4,0.7748001880582981
10,43.85,40.35,0.9201824401368301
4,129.8,116.1,0.8944530046224961
10,141.45,116.0,0.8200777659950512
10,113.75,96.7,0.8501098901098901
8,32.35,28.5,0.8809891808346213
12,44.75,37.8,0.8446927374301676
20,66.4,51.1,0.7695783132530121
8,40.0,35.05,0.87625
4,26.9,22.15,0.8234200743494424
6,42.65,37.4,0.876905041031653
4,19.25,17.45,0.9064935064935065
6,40.05,35.75,0.8926342072409488
10,86.5,80.25,0.9277456647398844
6,47.0,41.05,0.8734042553191489
16,31.2,24.4,0.782051282051282
10,32.75,25.85,0.7893129770992366
4,58.45,50.7,0.8674080410607357
4,18.8,16.55,0.8803191489361702
8,52.8,46.4,0.8787878787878788
4,50.95,44.35,0.8704612365063789
10,36.15,31.9,0.8824343015214384
6,66.55,61.2,0.9196093163035312
14,46.25,40.5,0.8756756756756757
4,106.4,91.0,0.8552631578947368
14,12.65,10.05,0.7944664031620553
10,23.95,19.5,0.81419624217119
2,94.7,79.1,0.8352692713833157
0,77.15,67.85,0.8794556059624109
12,113.4,90.55,0.7985008818342152
4,73.7,65.65,0.8907734056987788
6,81.95,68.05,0.8303843807199512
2,30.35,26.95,0.8879736408566722
6,76.35,69.9,0.9155206286836935
4,75.8,67.9,0.895778364116095
12,31.85,25.75,0.8084772370486656
8,59.3,53.1,0.8954468802698144
18,23.5,18.6,0.7914893617021277
10,68.2,59.65,0.874633431085044
10,88.0,79.2,0.9
10,57.9,47.8,0.8255613126079447
14,47.8,40.2,0.8410041841004184
4,108.15,99.75,0.9223300970873787
8,62.55,55.25,0.8832933653077538
20,32.15,28.6,0.8895800933125972
16,95.85,78.65,0.8205529473135107
6,59.4,51.55,0.8678451178451179
4,32.45,28.55,0.8798151001540832
2,104.75,92.95,0.8873508353221957
2,114.15,103.75,0.9088918090232151
14,68.15,54.85,0.8048422597212033
8,31.55,28.75,0.9112519809825673
6,62.55,55.55,0.8880895283772982
12,42.5,35.85,0.8435294117647059
6,126.3,110.2,0.8725257323832145
14,24.2,19.25,0.7954545454545454
2,64.75,59.15,0.9135135135135135
6,46.8,41.35,0.8835470085470085
12,38.15,32.05,0.8401048492791612
6,79.75,65.1,0.8163009404388715
16,38.95,33.55,0.8613607188703466
14,38.2,32.1,0.8403141361256544
4,51.35,43.1,0.8393378773125608
6,86.9,80.25,0.9234752589182968
4,83.5,73.6,0.881437125748503
8,95.6,78.95,0.825836820083682
12,57.45,48.1,0.8372497824194952
12,29.65,25.85,0.8718381112984823
8,50.55,46.65,0.9228486646884273
14,28.3,23.2,0.8197879858657244
6,139.2,126.4,0.9080459770114943
10,17.1,13.85,0.8099415204678363
10,56.85,45.2,0.7950747581354441
6,106.4,97.0,0.9116541353383458
8,49.15,45.7,0.9298067141403866
8,57.8,49.75,0.860726643598616
4,109.9,99.1,0.9017288444040037
8,50.45,43.85,0.869177403369673
6,113.5,98.2,0.8651982378854626
6,66.25,58.5,0.8830188679245283
4,66.4,59.45,0.8953313253012049
6,106.25,96.25,0.9058823529411765
4,35.9,31.45,0.8760445682451253
8,54.05,48.1,0.8899167437557817
8,41.6,36.1,0.8677884615384616
12,58.6,51.2,0.8737201365187713
18,23.05,18.0,0.7809110629067245
6,66.05,60.65,0.9182437547312642
8,128.2,114.0,0.8892355694227769
2,158.5,145.0,0.9148264984227129
4,126.45,115.6,0.9141953341241598
8,37.75,29.75,0.7880794701986755
4,112.5,98.7,0.8773333333333333
10,50.45,46.6,0.9236868186323092
12,37.55,32.15,0.8561917443408789
14,68.7,59.45,0.8653566229985444
8,117.65,102.05,0.8674033149171271
6,57.2,48.6,0.8496503496503497
12,30.0,28.0,0.9333333333333333
12,85.15,73.05,0.8578978273634762
6,69.85,58.5,0.8375089477451683
4,59.1,53.0,0.8967851099830795
4,98.75,87.45,0.8855696202531645
16,51.65,42.15,0.8160696999031946
4,50.4,46.4,0.9206349206349206
10,40.75,32.15,0.7889570552147239
6,107.5,91.45,0.8506976744186047
2,112.65,100.65,0.8934753661784287
12,138.5,124.65,0.9
4,101.45,91.25,0.8994578610152785
10,41.75,36.25,0.8682634730538922
6,45.85,40.4,0.88113413304253
6,92.25,74.3,0.805420054200542
8,60.1,56.35,0.937603993344426
10,47.1,38.15,0.8099787685774947
10,116.15,98.35,0.8467498923805424
16,74.65,59.9,0.8024112525117214
6,44.4,37.05,0.8344594594594594
14,56.3,48.1,0.8543516873889876
6,47.75,43.55,0.912041884816754
10,81.2,71.05,0.875
10,55.9,47.55,0.8506261180679785
10,45.75,42.4,0.926775956284153
8,37.2,32.25,0.8669354838709677
6,85.1,75.95,0.8924794359576969
16,55.55,42.5,0.7650765076507651
6,91.45,79.85,0.8731547293603061
6,40.65,37.55,0.923739237392374
4,71.55,54.0,0.7547169811320755
12,55.35,46.75,0.8446251129177959
10,50.7,44.25,0.8727810650887574
6,38.15,31.4,0.8230668414154653
12,87.85,74.7,0.8503130335799659
16,55.25,49.15,0.8895927601809954
6,25.3,21.65,0.8557312252964426
16,144.75,135.75,0.9378238341968912
0,66.3,59.2,0.8929110105580694
10,36.0,29.55,0.8208333333333333
14,61.5,48.35,0.7861788617886178
14,45.55,38.4,0.8430296377607025
4,68.1,59.35,0.8715124816446402
8,46.45,39.95,0.860064585575888
8,43.6,36.95,0.8474770642201835
6,66.85,58.3,0.8721017202692596
6,96.15,79.95,0.8315132605304212
8,88.65,62.85,0.7089678510998308
18,81.45,69.95,0.8588090853284224
10,81.45,74.05,0.90914671577655
4,36.75,33.4,0.908843537414966
6,121.05,104.65,0.8645187938868236
