rf,total_quartet,correct_quartet,correct_prop
6,95.7,85.1,0.8892371995820272
4,92.75,83.15,0.8964959568733154
4,160.8,141.65,0.880907960199005
2,95.85,86.2,0.8993218570683359
2,152.4,139.95,0.9183070866141733
4,107.75,99.3,0.9215777262180974
8,92.2,82.6,0.89587852494577
2,55.6,49.8,0.89568345323741
6,125.0,110.6,0.8848
4,172.3,151.7,0.8804410911201392
0,52.35,47.2,0.9016236867239733
8,88.45,74.45,0.8417184850197852
6,190.7,161.0,0.844257996853697
6,127.2,116.0,0.9119496855345912
4,110.6,99.8,0.9023508137432188
6,135.25,121.1,0.8953789279112754
2,243.1,217.5,0.8946935417523653
4,304.1,269.15,0.8850707004274909
2,212.85,191.9,0.9015738783180643
4,77.9,71.85,0.9223363286264442
4,57.2,51.55,0.9012237762237763
2,245.45,215.9,0.8796088816459564
8,86.05,72.9,0.8471818710052296
6,117.6,103.95,0.8839285714285714
10,36.2,31.2,0.861878453038674
2,169.8,152.2,0.8963486454652533
8,139.75,125.35,0.89695885509839
6,118.4,103.45,0.8737331081081081
10,192.3,167.0,0.8684347373894956
4,152.75,131.1,0.858265139116203
4,117.8,100.9,0.8565365025466893
6,245.6,213.8,0.8705211726384365
0,133.45,121.05,0.9070813038591232
12,89.6,72.0,0.8035714285714286
4,74.15,65.05,0.8772757923128793
6,182.0,158.8,0.8725274725274725
2,102.65,88.5,0.8621529469069654
8,268.15,240.85,0.8981913108334887
6,111.05,99.6,0.8968932913102207
10,150.1,126.2,0.8407728181212525
8,113.65,94.6,0.8323801143862737
4,105.65,94.45,0.893989588263133
6,138.05,120.95,0.8761318362911988
4,167.75,143.9,0.8578241430700447
4,133.25,119.9,0.899812382739212
6,113.55,104.15,0.9172170849845883
6,89.8,77.65,0.8646993318485523
8,172.8,158.3,0.9160879629629629
4,244.2,227.2,0.9303849303849304
2,246.95,216.1,0.8750759263008706
8,119.7,99.35,0.8299916457811195
2,89.3,84.75,0.9490481522956327
6,80.7,70.85,0.8779429987608426
4,106.35,94.0,0.8838740009402914
8,75.65,65.2,0.8618638466622605
4,155.05,135.0,0.8706868752015479
4,71.8,64.65,0.9004178272980501
4,108.45,94.0,0.8667588750576303
4,295.15,248.9,0.8433000169405387
6,211.8,183.55,0.8666194523135033
8,127.15,106.85,0.8403460479748329
8,40.4,36.25,0.8972772277227723
6,183.5,166.45,0.9070844686648502
2,222.05,189.6,0.8538617428507093
12,155.05,131.35,0.8471460819090616
4,91.65,81.55,0.889798145117294
2,160.0,146.15,0.9134375
6,100.2,84.4,0.8423153692614771
2,170.3,153.05,0.8987081620669407
6,134.3,120.5,0.8972449739389426
10,71.55,61.25,0.8560447239692522
2,143.9,129.1,0.8971507991660875
0,134.1,124.0,0.9246830723340791
4,83.75,76.65,0.9152238805970149
6,91.85,79.7,0.8677191072400653
4,127.65,117.15,0.917743830787309
4,116.05,98.0,0.8444635932787592
2,111.4,101.55,0.9115798922800719
8,79.75,69.45,0.870846394984326
4,98.65,82.35,0.8347693867207299
4,56.7,48.3,0.8518518518518519
2,211.65,193.3,0.9133002598629814
4,108.7,102.35,0.9415823367065317
12,183.4,155.5,0.8478735005452562
4,139.15,120.9,0.8688465684513116
10,63.8,51.05,0.8001567398119123
4,65.25,57.8,0.885823754789272
6,196.0,168.55,0.8599489795918367
2,180.65,163.05,0.9025740381954055
12,74.35,57.7,0.7760591795561533
4,141.3,123.85,0.8765038924274593
2,203.55,179.8,0.8833210513387374
10,50.25,40.05,0.7970149253731343
8,98.65,80.5,0.8160162189559047
8,108.55,95.05,0.8756333486872409
8,101.75,88.45,0.8692874692874692
16,71.1,52.3,0.7355836849507735
4,187.2,169.7,0.906517094017094
8,132.3,116.05,0.8771730914588057
8,157.15,134.65,0.8568246897868279
4,155.3,139.3,0.896973599484868
6,225.05,206.2,0.9162408353699178
6,87.05,71.7,0.8236645605973578
2,95.45,87.7,0.9188056574122577
8,120.2,105.8,0.8801996672212978
10,76.35,65.2,0.85396201702685
4,191.15,169.5,0.8867381637457494
2,87.45,77.6,0.8873642081189251
10,225.35,179.3,0.7956512092300866
6,71.4,59.85,0.8382352941176471
4,115.95,102.75,0.8861578266494179
8,62.2,49.85,0.8014469453376206
4,103.0,92.15,0.8946601941747573
2,84.3,74.35,0.8819691577698695
6,77.45,68.15,0.8799225306649451
0,60.05,52.6,0.8759367194004996
6,107.15,98.25,0.9169388707419506
2,240.15,217.95,0.9075577763897564
6,110.65,98.15,0.8870311793944872
10,126.95,111.05,0.8747538400945254
6,178.8,160.3,0.8965324384787472
12,120.95,96.55,0.7982637453493179
2,125.15,114.4,0.9141030763084299
2,215.8,189.75,0.879286376274328
6,202.65,171.3,0.845299777942265
4,224.45,203.2,0.9053241256404544
2,112.15,101.05,0.901025412394115
6,183.5,162.4,0.8850136239782016
2,186.3,168.55,0.904723564143854
8,37.1,31.45,0.8477088948787062
6,140.45,119.55,0.8511925952296191
0,88.6,82.25,0.9283295711060948
2,62.35,55.55,0.8909382518043304
6,126.25,108.55,0.8598019801980198
4,150.9,127.5,0.8449304174950298
2,168.05,154.65,0.9202618268372508
4,159.7,142.75,0.8938634940513462
2,134.55,117.4,0.8725380899293943
4,134.75,119.5,0.8868274582560297
6,88.35,76.65,0.8675721561969439
4,249.15,227.25,0.9121011438892234
2,145.8,136.25,0.9344993141289437
2,284.65,260.45,0.9149833128403302
4,59.0,51.3,0.8694915254237288
6,112.8,98.2,0.8705673758865248
8,99.1,85.45,0.8622603430877901
2,123.0,114.25,0.9288617886178862
8,220.4,199.0,0.9029038112522686
10,99.5,84.5,0.8492462311557789
12,66.6,51.35,0.771021021021021
2,173.7,154.9,0.8917674150834772
6,68.0,59.1,0.8691176470588236
4,299.05,264.4,0.8841330881123558
8,56.2,47.65,0.847864768683274
2,136.0,121.8,0.8955882352941177
4,79.45,63.6,0.8005034612964128
6,74.3,68.95,0.9279946164199192
4,201.7,183.3,0.9087754090233019
6,97.05,88.55,0.9124162802679031
12,178.95,137.6,0.7689298686784017
2,167.65,151.4,0.9030718759320012
12,111.45,97.65,0.8761776581426649
6,96.65,80.35,0.8313502327987584
4,145.05,123.55,0.8517752499138228
8,159.8,134.0,0.8385481852315394
4,252.75,221.05,0.8745796241345203
4,114.6,100.1,0.8734729493891797
4,115.9,105.7,0.911993097497843
10,138.4,115.15,0.8320086705202312
2,193.15,173.95,0.9005953921822418
0,82.0,73.4,0.8951219512195122
4,205.95,185.4,0.9002184996358339
6,74.3,67.85,0.9131897711978466
6,156.75,136.4,0.8701754385964913
2,188.95,157.75,0.8348769515744906
4,161.6,148.85,0.9211014851485149
2,138.55,126.55,0.9133886683507759
10,133.0,112.35,0.8447368421052631
10,113.7,94.15,0.828056288478452
6,107.25,92.1,0.8587412587412587
10,87.0,71.8,0.825287356321839
8,69.7,60.65,0.870157819225251
2,156.15,139.55,0.893691962856228
4,137.55,120.75,0.8778625954198473
10,169.0,150.4,0.8899408284023669
6,239.45,221.6,0.9254541657966172
8,64.8,55.85,0.8618827160493827
0,242.75,220.1,0.9066941297631308
6,188.65,162.05,0.8589981447124304
2,194.95,177.65,0.9112592972557066
8,36.6,29.65,0.8101092896174863
6,213.0,189.7,0.8906103286384977
4,228.65,211.4,0.9245571834681828
6,194.7,178.4,0.91628145865434
8,229.6,204.75,0.8917682926829268
2,152.7,136.9,0.8965291421087099
6,160.0,140.75,0.8796875
4,160.7,144.9,0.9016801493466086
8,137.3,116.6,0.8492352512745812
4,180.05,162.8,0.9041932796445432
0,113.95,101.3,0.888986397542782
4,124.45,115.2,0.9256729610285255
6,131.85,114.1,0.8653773227152066
4,231.35,198.95,0.8599524529933001
2,138.9,126.9,0.9136069114470843
4,140.2,122.15,0.8712553495007133
6,225.9,208.65,0.9236387782204515
0,155.2,132.55,0.8540592783505154
12,61.2,50.75,0.829248366013072
10,65.85,53.35,0.8101746393318148
6,114.85,101.45,0.8833260774923813
8,112.3,97.45,0.8677649154051648
8,65.5,56.5,0.8625954198473282
2,185.9,165.35,0.8894566971490049
4,127.35,111.55,0.8759324695720455
4,162.5,145.05,0.8926153846153846
4,135.65,122.45,0.9026907482491706
6,169.7,148.6,0.8756629345904537
4,206.95,183.5,0.8866876057018603
6,113.5,100.75,0.8876651982378855
4,87.1,78.35,0.899540757749713
10,105.2,89.1,0.846958174904943
4,177.85,154.35,0.8678661793646332
8,114.8,100.35,0.8741289198606271
4,212.5,186.3,0.8767058823529412
0,220.6,204.65,0.9276971894832275
6,115.4,102.85,0.8912478336221837
4,152.05,138.25,0.9092403814534693
8,98.2,85.35,0.8691446028513238
0,155.35,134.15,0.8635339555841648
4,418.05,369.75,0.8844635809113742
0,221.2,199.0,0.8996383363471971
12,37.45,32.8,0.8758344459279038
6,101.85,90.25,0.8861070201276386
0,77.9,69.9,0.8973042362002568
4,309.2,279.25,0.9031371280724451
10,165.05,144.2,0.8736746440472584
2,210.3,187.55,0.8918212077983833
4,152.5,134.75,0.8836065573770492
8,190.25,165.55,0.8701708278580814
4,175.6,156.95,0.8937927107061503
6,211.6,179.05,0.84617202268431
6,108.1,98.15,0.9079555966697502
8,155.9,126.6,0.8120590121872996
8,142.5,121.8,0.8547368421052631
2,312.65,272.6,0.8719014872861026
6,199.65,175.85,0.8807913849236163
2,155.5,133.5,0.8585209003215434
4,132.15,114.6,0.8671963677639046
6,101.45,90.65,0.893543617545589
4,220.65,198.95,0.9016542034896895
2,269.5,244.05,0.9055658627087199
8,124.0,105.3,0.8491935483870968
2,101.5,88.7,0.8738916256157635
6,201.8,177.55,0.8798315163528245
4,106.25,98.8,0.9298823529411765
2,106.75,92.2,0.8637002341920375
12,113.7,94.1,0.8276165347405453
2,121.35,110.75,0.9126493613514627
4,80.25,70.85,0.8828660436137071
10,44.8,38.4,0.8571428571428571
2,164.5,146.1,0.888145896656535
6,123.55,106.6,0.8628085795224606
4,130.25,115.55,0.8871401151631478
8,127.25,106.05,0.8333988212180746
12,195.6,161.5,0.8256646216768916
8,92.7,84.4,0.9104638619201726
4,268.65,252.1,0.938395682114275
12,199.05,169.5,0.8515448379804069
8,107.45,88.4,0.8227082363890181
8,140.9,121.65,0.8633782824698367
2,139.45,130.35,0.9347436357117246
4,137.7,123.6,0.8976034858387799
2,95.85,84.65,0.883150756390193
2,288.1,257.2,0.8927455744533148
4,92.3,77.55,0.8401950162513543
4,161.5,139.0,0.8606811145510835
4,97.8,89.65,0.9166666666666666
2,120.75,109.7,0.9084886128364389
6,218.05,189.65,0.8697546434304059
4,95.85,81.05,0.8455920709441836
0,219.25,192.5,0.8779931584948689
8,68.35,60.25,0.8814923189465984
6,111.0,95.35,0.859009009009009
0,109.1,100.25,0.9188817598533455
10,68.8,57.1,0.8299418604651163
4,151.3,133.3,0.8810310641110377
4,129.15,111.25,0.8614014711575687
6,140.9,118.75,0.8427963094393187
6,142.55,120.95,0.84847421957208
4,200.5,178.6,0.8907730673316708
6,82.6,70.5,0.8535108958837773
10,91.95,80.1,0.8711256117455138
4,141.55,128.3,0.9063935005298481
4,151.35,133.85,0.884373967624711
4,193.2,178.15,0.9221014492753623
12,91.35,77.9,0.8527640941434045
8,136.55,118.6,0.8685463200292933
2,155.85,141.45,0.9076034648700674
6,141.2,125.6,0.8895184135977338
10,125.7,104.95,0.8349244232299124
2,110.55,99.75,0.9023066485753053
4,122.5,108.65,0.8869387755102041
4,131.4,116.25,0.884703196347032
2,237.9,209.65,0.8812526271542664
6,210.1,177.15,0.8431699190861495
4,96.45,88.8,0.9206842923794712
0,193.8,171.5,0.8849329205366357
6,225.0,197.65,0.8784444444444445
2,200.65,179.0,0.8921006728133566
4,175.0,157.8,0.9017142857142857
0,154.65,140.1,0.9059165858389913
6,101.65,84.4,0.8303000491883915
10,138.85,125.5,0.9038530788620814
4,166.7,149.25,0.8953209358128374
6,300.45,269.25,0.8961557663504743
10,200.55,162.3,0.8092744951383695
4,142.35,129.45,0.9093782929399368
4,108.6,98.2,0.9042357274401474
2,221.45,192.5,0.8692707157371867
12,84.65,73.25,0.8653278204370939
6,112.0,96.7,0.8633928571428572
4,121.35,103.35,0.8516687268232386
4,106.25,95.8,0.9016470588235294
2,139.25,128.75,0.9245960502692998
2,154.8,139.15,0.8989018087855297
12,108.15,91.6,0.8469717984281091
10,216.6,189.7,0.8758079409048938
0,144.6,134.8,0.9322268326417704
10,170.95,146.35,0.8560982743492249
4,128.1,111.7,0.8719750195160031
6,111.7,95.35,0.8536257833482542
4,313.25,268.8,0.8581005586592179
8,144.8,131.25,0.9064226519337016
8,85.9,76.85,0.8946449359720605
8,209.7,182.8,0.87172150691464
10,96.6,83.15,0.8607660455486542
2,45.7,40.45,0.8851203501094091
8,117.7,101.75,0.8644859813084113
2,190.35,165.95,0.8718150774888364
4,95.95,85.55,0.8916102136529442
6,93.9,79.55,0.8471778487752929
8,139.6,117.35,0.8406160458452722
0,217.75,199.1,0.9143513203214696
2,118.6,106.7,0.8996627318718381
6,116.8,99.55,0.8523116438356164
10,172.2,145.1,0.8426248548199767
2,139.85,128.25,0.917053986414015
8,95.55,85.5,0.8948194662480377
6,157.8,140.2,0.8884664131812421
8,182.05,156.9,0.8618511397967591
10,126.65,110.5,0.87248322147651
0,173.2,155.5,0.8978060046189377
2,196.65,184.55,0.9384693618103229
8,221.3,193.4,0.8739267962042476
8,152.5,132.65,0.8698360655737705
10,221.25,185.15,0.8368361581920903
8,141.45,120.85,0.8543655001767408
8,75.5,62.55,0.828476821192053
4,165.6,140.65,0.8493357487922706
8,89.55,71.5,0.7984366275823562
6,87.9,75.8,0.8623435722411832
6,285.15,236.35,0.8288620024548483
8,170.3,149.3,0.8766881972988844
10,98.15,86.25,0.8787570045848192
6,178.2,161.65,0.9071268237934904
6,102.35,93.1,0.9096238397655105
4,147.6,129.95,0.880420054200542
6,159.95,146.45,0.9155986245701782
2,162.6,144.75,0.8902214022140221
2,99.5,91.3,0.9175879396984925
0,104.4,95.15,0.9113984674329502
6,143.7,132.55,0.9224077940153097
0,43.25,40.2,0.9294797687861271
4,154.3,138.55,0.8979261179520415
10,173.55,148.1,0.8533563814462691
6,101.75,91.4,0.8982800982800982
6,231.45,202.45,0.874702959602506
6,175.6,157.7,0.8980637813211845
2,187.55,167.6,0.8936283657691282
2,107.3,96.3,0.8974836905871388
2,70.35,64.0,0.9097370291400142
2,164.3,143.2,0.8715763846622033
10,208.55,175.4,0.8410453128746104
0,203.05,194.2,0.956414676188131
2,122.8,111.8,0.9104234527687296
10,121.45,107.0,0.8810209962947715
6,263.85,219.55,0.8321015728633694
2,143.55,134.1,0.9341692789968652
2,181.25,164.8,0.9092413793103449
6,120.0,101.4,0.845
4,95.65,84.35,0.8818609513852588
4,114.5,100.4,0.8768558951965065
2,120.5,107.55,0.8925311203319503
14,73.45,59.95,0.8162014976174268
2,94.5,84.3,0.8920634920634921
4,157.5,141.0,0.8952380952380953
6,73.6,60.55,0.8226902173913043
2,147.7,133.5,0.9038591740013541
4,122.05,109.8,0.899631298648095
4,148.4,131.0,0.8827493261455526
8,145.9,131.8,0.9033584647018505
4,193.85,172.8,0.8914108847046686
10,103.4,87.85,0.8496131528046421
12,139.3,116.1,0.8334529791816224
2,190.9,175.05,0.9169722367731796
6,166.5,144.05,0.8651651651651652
2,289.65,264.95,0.9147246677023995
0,163.75,147.75,0.9022900763358779
10,134.85,112.5,0.8342602892102335
6,152.45,135.7,0.8901279107904231
6,71.1,61.3,0.8621659634317862
4,113.2,101.0,0.892226148409894
6,226.1,191.95,0.8489606368863335
8,116.1,102.75,0.8850129198966409
6,87.65,76.2,0.8693667997718197
8,141.7,123.8,0.8736767819336627
6,170.1,152.65,0.8974132863021752
2,121.75,109.25,0.8973305954825462
4,93.2,84.95,0.9114806866952789
6,172.0,154.6,0.8988372093023256
2,168.6,156.9,0.9306049822064056
8,190.75,164.1,0.8602883355176933
12,208.4,175.5,0.8421305182341651
2,67.2,62.1,0.9241071428571429
6,181.2,157.1,0.8669977924944813
10,175.1,146.65,0.8375214163335237
6,97.45,88.85,0.9117496151872755
6,214.2,196.65,0.9180672268907563
6,189.8,167.2,0.880927291886196
4,153.95,140.25,0.9110100682039624
2,218.0,193.75,0.8887614678899083
8,169.7,148.85,0.8771361225692398
4,64.2,55.05,0.8574766355140186
2,106.7,99.25,0.930178069353327
4,104.45,93.95,0.8994734322642413
0,200.0,177.55,0.88775
4,192.4,169.55,0.8812370062370062
6,95.6,85.65,0.8959205020920502
4,139.9,121.25,0.8666904932094354
10,57.7,47.6,0.8249566724436742
4,232.05,206.3,0.8890325360913596
12,82.35,64.5,0.7832422586520947
2,99.6,86.5,0.8684738955823293
2,69.7,61.6,0.8837876614060258
4,69.45,61.05,0.8790496760259179
8,191.55,167.95,0.8767945706081963
10,95.0,84.75,0.8921052631578947
2,152.4,133.6,0.8766404199475065
6,72.9,60.55,0.8305898491083676
4,167.3,157.25,0.9399282725642558
4,129.1,114.0,0.8830364058869093
12,119.45,104.15,0.8719129342821265
2,149.85,132.85,0.8865532198865532
6,90.8,84.75,0.9333700440528634
2,101.15,88.55,0.8754325259515571
0,184.6,171.8,0.9306608884073673
4,117.8,104.85,0.8900679117147708
2,134.65,112.4,0.8347567768288154
2,146.95,132.15,0.899285471248724
4,163.3,148.7,0.9105939987752603
4,156.95,138.95,0.8853137942019752
8,98.15,83.85,0.8543046357615894
4,174.7,160.05,0.9161419576416714
4,61.6,56.7,0.9204545454545454
6,116.75,99.7,0.8539614561027837
4,254.05,224.15,0.8823066325526471
4,120.65,104.25,0.8640696228760879
6,148.85,137.6,0.9244205576083305
6,166.15,141.75,0.8531447487210352
4,106.85,95.05,0.8895648104819841
10,198.3,172.4,0.8693898134140191
4,298.9,274.8,0.9193710270993644
2,192.4,169.8,0.8825363825363826
4,86.45,74.75,0.8646616541353384
4,67.9,59.25,0.8726067746686303
4,198.95,165.2,0.8303593867805982
6,114.45,98.25,0.8584534731323722
4,72.5,59.95,0.8268965517241379
12,96.9,84.8,0.8751289989680082
8,204.95,180.35,0.8799707245669676
6,229.05,206.7,0.9024230517354289
16,102.75,88.1,0.8574209245742093
8,141.6,126.5,0.893361581920904
2,153.05,139.55,0.9117935315256452
12,131.3,115.35,0.8785224676313785
2,202.7,185.2,0.9136655155402073
2,214.8,199.25,0.9276070763500931
14,44.8,35.85,0.8002232142857143
6,142.95,130.2,0.9108079748163693
4,154.5,140.25,0.9077669902912622
6,159.3,133.65,0.8389830508474576
10,120.65,100.35,0.8317447161210112
6,101.0,90.6,0.897029702970297
2,104.45,91.45,0.8755385351842987
6,89.75,76.2,0.849025069637883
6,158.1,140.9,0.8912080961416825
2,201.25,185.4,0.9212422360248447
8,149.65,132.95,0.8884062813230872
6,171.95,145.6,0.8467577784239605
8,116.1,103.5,0.8914728682170543
8,123.05,108.75,0.8837870784234051
8,127.65,112.6,0.8820994907951429
10,86.9,72.45,0.833716915995397
8,141.1,120.15,0.8515237420269313
8,88.8,76.55,0.8620495495495496
4,87.25,75.3,0.8630372492836677
4,216.65,194.65,0.8984537272097853
4,165.95,145.25,0.8752636336245857
6,117.85,105.85,0.8981756470089096
0,173.65,159.05,0.9159228332853441
4,105.65,89.7,0.849029815428301
6,124.45,110.55,0.8883085576536762
8,41.95,37.8,0.901072705601907
6,107.65,95.05,0.882954017649791
4,69.65,59.95,0.8607322325915291
12,152.85,134.1,0.8773307163886163
2,159.2,138.7,0.8712311557788944
8,128.4,110.85,0.8633177570093458
4,126.7,111.5,0.8800315706393055
4,136.2,116.95,0.8586637298091042
4,128.5,110.6,0.8607003891050584
8,75.65,65.6,0.8671513549239921
4,131.45,118.7,0.9030049448459491
2,254.65,226.15,0.8880816807382682
6,91.75,75.2,0.8196185286103542
4,110.9,99.5,0.8972046889089269
8,227.1,198.25,0.87296345222369
8,46.1,41.0,0.8893709327548807
6,170.2,152.35,0.895123384253819
0,256.6,232.8,0.9072486360093531
4,113.9,103.5,0.9086918349429324
8,192.1,165.35,0.8607496095783446
8,201.85,181.3,0.8981917265296012
12,96.4,78.1,0.8101659751037344
6,227.15,203.6,0.8963240149680828
0,74.7,68.05,0.9109772423025435
4,250.55,216.5,0.864098982239074
4,185.3,165.4,0.8926065839179709
4,190.9,174.25,0.9127815610267156
2,157.85,141.15,0.8942033576179917
6,63.2,56.3,0.8908227848101266
8,151.2,135.75,0.8978174603174603
6,215.85,193.25,0.8952976604123234
0,223.25,201.35,0.9019036954087346
4,182.1,165.3,0.9077429983525536
4,146.95,132.1,0.8989452194624021
6,107.0,99.15,0.9266355140186916
8,90.2,77.6,0.8603104212860311
8,121.4,107.95,0.8892092257001647
8,174.6,152.4,0.872852233676976
2,85.1,75.75,0.8901292596944771
4,130.95,117.6,0.8980526918671249
2,214.5,192.8,0.8988344988344988
4,144.4,126.1,0.8732686980609419
6,134.7,120.2,0.8923533778767632
6,70.25,61.95,0.8818505338078292
0,173.7,154.4,0.8888888888888888
12,58.65,47.05,0.8022165387894288
2,102.55,97.0,0.9458800585080449
4,75.45,66.15,0.8767395626242545
4,123.5,107.85,0.8732793522267206
6,116.75,103.75,0.8886509635974305
8,126.4,109.05,0.8627373417721519
6,123.2,99.75,0.8096590909090909
6,146.2,131.85,0.9018467852257182
4,110.3,95.55,0.8662737987307344
0,105.1,92.75,0.8824928639391056
8,142.65,121.75,0.8534875569575885
2,207.5,184.0,0.8867469879518072
4,126.7,110.4,0.8713496448303079
8,78.45,64.85,0.8266411727214786
0,110.55,92.95,0.8407960199004975
6,59.9,52.75,0.8806343906510852
4,234.95,205.85,0.8761438603958289
2,181.05,164.55,0.9088649544324772
8,120.8,105.2,0.8708609271523179
2,63.3,55.75,0.8807266982622433
6,167.85,148.2,0.8829311885612153
6,147.15,129.2,0.8780156303092083
10,97.55,82.75,0.8482829318298308
6,84.05,73.1,0.8697204045211184
6,86.75,70.9,0.8172910662824208
6,88.65,79.0,0.8911449520586576
4,202.7,167.65,0.827084361124815
6,155.35,134.7,0.8670743482458964
8,282.8,248.1,0.8772984441301273
8,169.9,148.1,0.8716892289582107
6,59.3,50.65,0.8541315345699831
4,85.45,76.0,0.8894090111176126
8,105.3,89.55,0.8504273504273504
6,253.6,227.05,0.895307570977918
6,87.75,75.5,0.8603988603988604
2,72.35,61.3,0.8472702142363511
6,84.55,74.3,0.8787699586043761
4,164.1,143.8,0.8762949421084705
6,189.6,161.5,0.8517932489451476
8,124.25,101.4,0.8160965794768612
6,73.25,63.0,0.8600682593856656
4,164.75,152.65,0.9265553869499241
4,163.6,140.25,0.8572738386308069
4,139.7,123.55,0.8843951324266285
2,121.65,109.6,0.9009453349773942
0,249.15,232.3,0.9323700581978728
4,165.7,150.1,0.9058539529269765
12,200.05,163.0,0.8147963009247688
2,158.2,138.8,0.877370417193426
2,229.3,206.75,0.90165721761884
2,132.1,116.75,0.8838001514004542
4,65.1,56.1,0.8617511520737328
10,76.25,56.05,0.7350819672131148
6,157.1,134.85,0.8583704646721834
12,127.25,104.5,0.8212180746561886
2,285.15,252.35,0.8849728213221112
2,132.95,124.9,0.9394509213990222
8,201.95,173.15,0.8573904431790047
2,176.8,156.45,0.8848981900452488
4,277.3,250.8,0.9044356292823656
4,298.6,259.55,0.8692230408573343
6,104.75,93.9,0.8964200477326969
4,109.7,97.55,0.8892433910665452
4,299.3,257.15,0.8591713999331774
12,139.3,118.4,0.8499641062455133
2,127.55,116.8,0.915719325754606
2,196.45,179.7,0.9147365741919063
0,156.3,142.15,0.9094689699296226
8,266.15,236.3,0.8878452000751456
8,141.35,123.7,0.8751326494517156
2,101.65,96.05,0.9449090014756517
6,32.95,28.95,0.8786039453717754
6,169.6,148.35,0.8747051886792453
8,130.4,119.0,0.9125766871165644
4,138.85,122.95,0.8854879366222542
8,132.3,117.4,0.8873771730914588
4,40.65,35.5,0.8733087330873309
4,171.0,155.55,0.9096491228070176
4,140.1,123.25,0.8797287651677373
8,117.75,105.25,0.8938428874734607
4,157.1,134.35,0.8551877784850413
6,99.6,87.45,0.8780120481927711
6,126.5,109.95,0.8691699604743083
2,211.0,184.95,0.8765402843601896
8,92.95,78.35,0.842926304464766
2,107.4,93.1,0.866852886405959
4,63.45,53.75,0.847123719464145
10,115.8,97.9,0.8454231433506045
12,128.85,101.65,0.7889018238261545
6,91.0,78.55,0.8631868131868132
8,161.75,133.8,0.8272024729520866
6,184.9,165.45,0.8948080043266631
4,225.5,196.7,0.8722838137472284
8,195.65,178.0,0.9097878865320725
4,159.5,143.0,0.896551724137931
6,104.2,98.5,0.9452975047984645
2,253.45,221.6,0.8743341882028013
12,78.15,65.1,0.8330134357005758
4,238.15,202.85,0.8517740919588495
4,234.05,211.1,0.901944029053621
6,150.4,135.2,0.898936170212766
14,20.5,16.05,0.7829268292682927
6,69.9,59.8,0.8555078683834049
6,165.45,147.55,0.8918102145663342
4,117.45,103.2,0.8786717752234994
10,95.75,77.35,0.8078328981723237
8,139.3,119.6,0.8585786073223259
4,144.95,132.2,0.9120386340117281
6,173.55,159.65,0.919907807548257
6,248.15,221.55,0.8928067700987306
2,222.05,198.3,0.8930421076334158
6,107.55,95.95,0.8921431892143189
2,200.6,176.1,0.8778664007976071
12,188.45,157.7,0.8368267444945608
6,144.25,125.35,0.8689774696707105
6,106.65,89.95,0.843413033286451
0,152.85,137.55,0.8999018645731109
6,122.3,107.25,0.8769419460343418
8,214.95,195.95,0.9116073505466388
6,218.45,181.0,0.8285648889906158
0,122.05,114.2,0.9356820975010242
8,102.6,87.9,0.8567251461988304
2,119.95,102.5,0.854522717799083
4,93.5,85.2,0.9112299465240642
4,158.6,140.35,0.8849306431273645
10,70.1,64.65,0.9222539229671898
4,281.05,238.3,0.847891834193204
4,144.65,128.95,0.8914621500172831
10,144.5,124.2,0.859515570934256
4,124.3,116.65,0.9384553499597748
14,132.05,116.95,0.8856493752366528
12,178.85,146.75,0.8205199888174448
8,112.15,97.0,0.8649130628622381
10,229.95,196.4,0.8540987171124157
6,96.0,82.9,0.8635416666666667
4,275.35,233.3,0.8472852732885419
2,125.85,114.8,0.912197059992054
0,215.5,199.7,0.9266821345707656
0,296.7,263.0,0.886417256488035
2,240.85,207.95,0.8634004567157982
6,53.9,46.85,0.8692022263450835
2,75.8,65.55,0.8647757255936676
2,231.35,202.05,0.8733520639723363
10,164.45,140.45,0.854058984493767
4,307.95,266.55,0.8655625913297613
6,355.1,309.45,0.8714446634750774
6,179.35,151.95,0.8472260942291608
6,178.45,160.05,0.8968898851218828
4,105.6,92.15,0.8726325757575758
4,202.35,180.85,0.8937484556461577
2,236.05,211.05,0.894090235119678
10,93.3,83.45,0.8944265809217578
2,179.75,156.1,0.8684283727399166
12,96.85,81.8,0.8446050593701601
6,147.3,125.35,0.8509843856076035
14,87.9,75.0,0.8532423208191127
2,141.0,130.1,0.922695035460993
0,110.75,100.8,0.910158013544018
6,147.05,130.4,0.8867732063923836
8,44.8,37.1,0.828125
8,122.75,112.4,0.9156822810590631
8,125.3,109.95,0.8774940143655228
4,150.4,134.85,0.8966090425531915
0,71.1,61.05,0.8586497890295358
8,202.1,179.6,0.8886689757545769
6,151.3,136.75,0.9038334434897555
4,194.0,179.75,0.9265463917525774
4,104.6,92.5,0.884321223709369
4,171.45,152.25,0.8880139982502188
2,170.9,156.5,0.9157401989467525
4,167.8,151.35,0.9019666269368296
6,144.95,129.95,0.8965160400137978
6,124.8,108.2,0.8669871794871795
6,144.15,126.6,0.8782518210197711
6,128.75,113.0,0.8776699029126214
4,109.65,94.9,0.8654810761513908
4,202.7,185.55,0.915392205229403
4,224.7,188.65,0.839563862928349
6,89.1,71.95,0.8075196408529742
8,81.1,73.0,0.9001233045622689
2,168.05,152.15,0.9053853019934544
4,67.5,58.55,0.8674074074074074
0,138.2,128.95,0.933068017366136
12,151.6,128.2,0.8456464379947229
4,170.4,152.2,0.8931924882629108
2,128.75,115.5,0.8970873786407767
6,353.15,317.15,0.8980603143140309
4,103.15,90.55,0.8778477944740669
8,108.2,95.6,0.8835489833641405
6,119.3,103.7,0.8692372170997485
12,122.95,103.35,0.840585603904026
8,95.1,84.1,0.8843322818086226
8,128.75,112.95,0.8772815533980582
6,137.9,120.4,0.8730964467005076
10,241.95,203.8,0.8423227939656954
6,111.1,97.25,0.8753375337533753
6,172.0,149.2,0.8674418604651163
8,143.35,124.45,0.8681548657132891
6,60.15,51.5,0.8561928512053201
4,180.2,157.4,0.8734739178690344
6,109.6,97.4,0.8886861313868614
4,72.7,61.35,0.843878954607978
0,187.0,158.45,0.8473262032085561
4,31.85,27.1,0.8508634222919937
8,143.7,123.25,0.8576896311760612
4,121.75,109.35,0.8981519507186858
12,155.85,129.7,0.8322104587744626
4,48.6,46.1,0.948559670781893
6,143.6,126.05,0.8777855153203342
10,98.5,87.2,0.8852791878172589
6,274.55,246.25,0.8969222363868148
2,170.75,157.6,0.92298682284041
4,97.15,88.2,0.9078744209984559
10,123.3,99.55,0.8073803730738037
4,80.4,68.0,0.845771144278607
2,66.6,56.9,0.8543543543543544
10,48.6,40.85,0.8405349794238683
2,173.8,162.7,0.9361334867663982
16,97.5,81.3,0.8338461538461538
2,162.15,142.5,0.8788159111933395
2,329.8,292.2,0.8859915100060642
6,108.5,97.05,0.8944700460829493
2,99.55,86.55,0.8694123556002009
6,136.3,122.35,0.8976522377109317
6,66.45,55.7,0.8382242287434161
6,221.3,193.5,0.8743786714866697
10,114.6,98.55,0.8599476439790575
8,78.65,68.3,0.8684043229497775
12,146.05,122.95,0.8418349880178021
0,120.15,104.9,0.8730753225135247
16,155.45,133.2,0.8568671598584754
4,242.8,211.75,0.8721169686985173
8,60.1,51.35,0.8544093178036606
4,155.45,134.55,0.8655516243165005
6,168.95,151.5,0.8967150044391832
2,98.7,94.7,0.9594731509625126
4,152.75,135.8,0.8890343698854337
12,67.65,56.55,0.835920177383592
10,135.35,119.5,0.8828961950498707
6,183.4,163.65,0.8923118865866958
0,144.9,133.35,0.9202898550724637
12,157.1,133.65,0.8507320178230426
6,176.5,158.55,0.898300283286119
4,97.75,87.7,0.8971867007672635
4,230.0,204.55,0.8893478260869565
4,110.85,101.65,0.9170049616599008
10,224.3,196.15,0.8744984395898351
2,111.8,96.1,0.8595706618962433
6,219.8,186.45,0.8482711555959963
2,175.2,156.3,0.8921232876712328
8,114.7,99.3,0.8657367044463818
6,168.65,150.35,0.8914912540764898
6,88.2,79.2,0.8979591836734694
8,154.55,130.8,0.8463280491750242
4,89.35,76.85,0.8601007274762171
6,128.9,121.4,0.9418153607447634
2,191.45,168.8,0.881692347871507
4,194.9,169.05,0.8673678809645973
10,67.25,57.95,0.8617100371747212
8,186.6,158.1,0.8472668810289389
2,257.8,238.3,0.9243599689681924
6,124.15,106.35,0.8566250503423278
4,179.1,157.15,0.8774427694025684
0,110.9,100.5,0.9062218214607755
2,191.55,172.85,0.9023753589141217
4,109.8,98.65,0.8984517304189436
0,327.45,290.85,0.8882272102611085
6,83.65,73.45,0.8780633592349073
4,183.7,160.4,0.8731627653783343
6,164.25,146.25,0.8904109589041096
10,142.4,126.9,0.8911516853932584
2,139.1,123.3,0.8864126527677929
4,99.6,89.4,0.8975903614457831
4,124.3,113.85,0.915929203539823
2,256.55,234.45,0.9138569479633599
6,187.55,161.6,0.8616368968275127
8,234.45,205.4,0.8760929835785882
8,168.6,142.55,0.8454922894424673
10,167.85,140.95,0.8397378611855824
8,110.25,91.25,0.8276643990929705
6,247.3,220.7,0.8924383340072786
4,159.85,146.05,0.9136690647482014
4,122.85,107.1,0.8717948717948718
2,165.45,147.65,0.8924146267754609
4,179.95,162.15,0.901083634342873
6,108.6,94.95,0.8743093922651933
8,262.8,226.05,0.8601598173515982
4,232.65,206.15,0.8860949924779712
4,165.2,143.3,0.8674334140435835
4,75.25,60.55,0.8046511627906977
10,187.95,154.2,0.8204309656823623
2,182.85,160.6,0.8783155592015313
4,134.0,115.05,0.8585820895522388
8,64.55,58.3,0.9031758326878389
6,198.05,172.05,0.86872002019692
10,235.3,196.8,0.836379090522737
8,111.45,92.35,0.8286227007626739
6,131.15,113.8,0.8677087304613038
0,155.6,143.5,0.9222365038560412
0,167.75,151.05,0.9004470938897169
2,199.05,183.55,0.9221301180607887
2,163.95,151.15,0.9219274168953949
0,223.1,205.45,0.9208874943971314
6,59.8,53.25,0.8904682274247492
4,247.75,213.35,0.8611503531786074
4,68.45,60.4,0.8823959094229364
4,116.85,103.5,0.8857509627727856
6,230.15,201.75,0.8766022159461221
6,39.05,34.35,0.8796414852752881
10,150.55,133.3,0.885420126203919
2,150.8,133.7,0.886604774535809
2,129.35,119.65,0.9250096637031311
14,46.8,42.15,0.9006410256410257
6,94.55,79.15,0.837123215230037
4,149.5,131.5,0.8795986622073578
6,148.4,136.2,0.9177897574123989
2,94.95,89.0,0.9373354397051079
2,75.35,63.2,0.8387524883875249
10,215.1,190.05,0.8835425383542538
6,44.9,38.95,0.8674832962138085
6,97.55,83.7,0.8580215274218349
14,92.8,80.25,0.8647629310344828
2,180.5,162.2,0.8986149584487535
2,156.95,139.1,0.8862695125836254
2,225.7,203.65,0.9023039432875498
4,94.9,84.2,0.8872497365648051
2,155.55,139.75,0.898424943747991
4,185.7,169.9,0.9149165320409263
8,88.8,73.8,0.831081081081081
4,219.15,193.95,0.8850102669404517
6,216.65,192.2,0.8871451650126932
6,65.2,57.3,0.8788343558282209
6,152.8,131.95,0.8635471204188482
8,101.3,84.9,0.8381046396841066
8,64.6,56.8,0.8792569659442725
8,90.4,79.55,0.8799778761061947
2,367.1,319.35,0.869926450558431
2,106.5,92.15,0.8652582159624413
4,233.0,201.75,0.8658798283261803
2,170.0,155.45,0.9144117647058824
4,72.25,62.35,0.8629757785467128
4,111.4,98.85,0.8873429084380611
6,287.0,261.3,0.9104529616724739
8,62.8,52.6,0.8375796178343949
4,185.55,170.9,0.9210455402856373
6,114.95,100.6,0.8751631143975641
4,192.7,169.35,0.8788271925272444
4,171.95,147.65,0.8586798487932539
4,126.6,113.95,0.9000789889415481
4,106.75,98.05,0.9185011709601874
6,80.4,65.2,0.8109452736318408
6,59.15,52.3,0.8841927303465765
12,109.1,94.15,0.8629697525206232
2,104.85,95.95,0.9151168335717692
8,247.7,206.25,0.832660476382721
4,170.75,151.15,0.885212298682284
14,75.7,59.0,0.7793923381770145
4,203.85,178.85,0.8773608045131224
4,126.7,113.1,0.8926598263614838
6,152.3,136.65,0.897242284963887
6,113.25,102.2,0.9024282560706401
2,193.0,166.3,0.8616580310880829
12,142.1,115.65,0.8138634764250527
4,164.0,144.15,0.8789634146341463
8,61.5,54.8,0.8910569105691057
6,140.4,122.35,0.8714387464387464
8,56.6,46.2,0.8162544169611308
8,102.35,93.4,0.9125549584758182
10,134.7,115.5,0.8574610244988864
6,144.7,123.55,0.8538355217691777
6,164.35,143.75,0.8746577426224521
8,84.2,72.6,0.8622327790973872
6,143.7,124.8,0.8684759916492694
8,208.75,177.45,0.850059880239521
6,49.05,42.1,0.8583078491335372
6,258.0,226.35,0.8773255813953489
4,227.65,191.7,0.842082143641555
10,125.75,109.95,0.8743538767395627
0,101.3,94.9,0.9368213228035538
2,95.7,80.4,0.8401253918495298
6,108.9,95.5,0.8769513314967861
12,107.25,90.05,0.8396270396270397
6,76.05,66.9,0.8796844181459567
2,218.2,189.75,0.8696150320806599
6,121.5,101.35,0.834156378600823
4,176.65,160.65,0.9094254174922163
2,347.5,315.05,0.9066187050359712
6,167.2,154.85,0.9261363636363636
12,106.55,87.75,0.8235570154856875
6,150.9,129.45,0.8578528827037774
4,216.5,191.1,0.8826789838337182
2,172.1,150.85,0.8765252760023242
4,214.7,187.05,0.8712156497438286
8,121.55,100.2,0.8243521184697655
2,423.6,375.65,0.8868035882908404
2,261.75,235.95,0.901432664756447
4,94.0,81.55,0.8675531914893617
6,144.85,128.2,0.885053503624439
14,75.55,64.45,0.8530774321641297
2,105.45,95.15,0.9023233760075865
4,241.1,213.05,0.8836582330982995
10,39.75,34.5,0.8679245283018868
4,101.0,86.25,0.8539603960396039
6,241.2,210.65,0.8733416252072969
4,136.35,121.65,0.8921892189218922
4,125.35,114.8,0.9158356601515756
6,121.0,107.15,0.8855371900826446
6,193.05,171.3,0.8873348873348873
4,238.65,211.35,0.8856065367693274
4,175.05,160.3,0.9157383604684376
6,161.05,142.1,0.8823346786712201
4,152.65,135.95,0.8905994104159842
8,74.1,62.0,0.8367071524966262
4,82.0,75.2,0.9170731707317074
4,106.1,92.85,0.8751178133836004
14,114.9,95.95,0.8350739773716275
2,120.35,106.85,0.8878271707519734
4,228.35,190.6,0.8346835997372455
6,185.15,162.7,0.8787469619227654
14,48.45,38.75,0.7997936016511867
2,200.25,178.45,0.8911360799001249
8,111.45,97.75,0.8770749214894572
8,93.3,80.25,0.860128617363344
6,116.55,98.3,0.8434148434148434
2,132.75,120.8,0.9099811676082863
2,173.7,151.5,0.8721934369602763
6,131.1,116.2,0.8863463005339436
6,156.1,130.95,0.83888532991672
10,194.2,167.55,0.8627703398558187
6,68.05,60.0,0.881704628949302
10,201.75,175.75,0.8711276332094176
6,129.3,116.2,0.8986852281515855
6,136.7,123.8,0.9056327724945136
8,221.8,199.5,0.8994589720468891
8,135.25,125.5,0.9279112754158965
6,96.45,82.6,0.8564022809745983
4,102.95,90.95,0.8834385624089364
2,144.7,127.8,0.8832066344160332
6,212.75,193.25,0.9083431257344301
2,220.15,194.5,0.8834885305473541
4,88.65,74.75,0.8432036097010717
10,71.3,61.6,0.8639551192145862
2,153.85,135.55,0.8810529736756582
4,141.4,133.1,0.9413012729844413
6,108.7,97.15,0.8937442502299908
6,90.05,80.15,0.8900610771793448
4,137.35,120.75,0.8791408809610484
2,138.65,125.45,0.9047962495492247
0,197.45,176.7,0.8949101038237528
6,116.7,106.0,0.908311910882605
2,177.2,156.6,0.8837471783295711
4,131.75,118.5,0.8994307400379506
4,164.35,155.7,0.9473684210526315
6,122.85,106.35,0.8656898656898657
4,62.65,54.2,0.86512370311253
8,133.05,115.05,0.8647125140924464
2,142.2,125.65,0.8836146272855133
8,118.8,107.4,0.9040404040404041
2,62.55,54.35,0.8689048760991207
8,98.05,85.45,0.871494135645079
8,53.7,45.85,0.8538175046554934
6,149.3,128.15,0.8583389149363697
4,157.6,142.75,0.9057741116751269
0,116.3,111.3,0.9570077386070507
6,147.8,124.5,0.8423545331529093
4,174.45,158.8,0.9102894812267125
6,164.35,148.3,0.902342561606328
4,184.25,166.45,0.9033921302578019
6,229.45,189.3,0.8250163434299411
2,152.1,140.85,0.9260355029585798
4,190.7,172.5,0.9045621394861039
0,164.8,150.2,0.9114077669902912
4,123.85,109.7,0.8857488897860315
2,226.25,203.05,0.8974585635359116
8,105.95,90.8,0.8570080226521944
16,75.0,64.9,0.8653333333333333
4,54.55,48.7,0.8927589367552704
10,94.9,83.55,0.8804004214963119
8,144.5,125.55,0.8688581314878893
10,209.7,171.05,0.8156890796375775
2,120.25,111.95,0.930977130977131
2,190.75,179.05,0.9386631716906946
14,66.65,53.25,0.7989497374343586
0,186.25,166.05,0.8915436241610738
10,35.5,27.15,0.7647887323943662
6,136.0,117.8,0.8661764705882353
2,119.4,107.8,0.9028475711892797
4,157.65,128.65,0.8160482080558199
8,120.0,99.15,0.82625
12,56.6,47.85,0.8454063604240283
4,151.45,135.9,0.8973258501155497
10,75.85,66.95,0.8826631509558339
2,179.55,162.6,0.9055973266499582
4,200.15,174.55,0.8720959280539595
8,205.7,174.65,0.8490520175012154
2,39.3,35.55,0.9045801526717557
6,84.55,75.05,0.8876404494382022
2,88.15,81.15,0.9205899035734544
2,127.95,114.4,0.8940992575224697
2,95.2,84.1,0.8834033613445378
4,129.65,111.95,0.8634785962205939
6,67.7,58.4,0.8626292466765141
4,93.5,79.7,0.8524064171122995
4,75.75,70.0,0.9240924092409241
6,101.8,86.65,0.8511787819253438
8,203.25,177.85,0.8750307503075031
10,108.8,89.55,0.8230698529411765
8,149.1,132.15,0.886317907444668
6,164.25,148.35,0.9031963470319635
8,168.1,149.0,0.8863771564544913
8,134.5,118.7,0.8825278810408922
4,177.2,158.7,0.8955981941309256
6,116.9,107.15,0.916595380667237
6,245.8,214.8,0.8738812042310822
2,148.0,135.65,0.9165540540540541
0,264.6,247.2,0.9342403628117913
0,159.9,150.6,0.9418386491557224
2,220.05,200.85,0.912747102931152
4,131.3,113.6,0.8651942117288652
4,187.3,163.0,0.8702616123865456
4,91.05,78.35,0.8605161998901703
4,235.65,217.15,0.9214937407171653
8,164.55,145.7,0.8854451534487997
6,257.65,228.45,0.8866679604114108
8,129.8,113.1,0.8713405238828967
8,166.75,148.85,0.8926536731634183
4,99.25,83.6,0.8423173803526448
10,48.8,42.75,0.8760245901639344
10,50.85,45.55,0.895771878072763
2,137.3,115.45,0.8408594319009468
8,81.0,72.3,0.8925925925925926
2,102.15,93.55,0.9158100832109642
0,166.55,151.55,0.9099369558691084
4,172.3,150.95,0.8760882182240278
6,145.7,126.75,0.8699382292381606
2,137.45,125.65,0.9141506002182612
10,56.05,49.85,0.8893844781445138
4,84.1,75.55,0.8983353151010701
4,187.3,166.5,0.8889482114255206
4,81.8,71.75,0.8771393643031785
12,216.75,180.35,0.8320645905420992
6,90.7,78.25,0.8627342888643881
4,189.6,163.75,0.8636603375527426
2,181.2,164.15,0.9059050772626932
6,61.25,50.95,0.8318367346938775
6,131.7,112.6,0.8549734244495064
2,172.6,149.9,0.8684820393974507
8,90.8,76.25,0.8397577092511013
2,315.4,277.0,0.8782498414711477
14,133.3,113.9,0.854463615903976
6,181.25,159.9,0.8822068965517241
2,147.0,123.9,0.8428571428571429
10,113.55,96.05,0.8458828709819463
10,113.7,93.45,0.8218997361477572
8,130.0,111.2,0.8553846153846154
4,146.05,126.85,0.8685381718589524
10,196.5,165.2,0.8407124681933842
10,88.9,72.75,0.8183352080989876
0,80.3,74.95,0.9333748443337484
4,145.75,128.3,0.8802744425385934
10,103.9,86.15,0.829162656400385
8,178.5,160.9,0.9014005602240897
6,196.8,174.6,0.8871951219512195
6,146.0,126.2,0.8643835616438356
8,188.1,161.9,0.8607123870281765
4,171.45,156.2,0.9110527850685332
6,98.7,88.05,0.89209726443769
6,137.8,121.4,0.8809869375907112
4,161.8,145.95,0.9020395550061805
6,147.8,127.8,0.86468200270636
4,182.6,166.55,0.9121029572836802
8,195.05,165.8,0.8500384516790567
4,63.7,54.95,0.8626373626373627
6,163.45,145.7,0.8914040991128785
0,150.75,134.05,0.8892205638474295
8,59.9,50.85,0.8489148580968281
6,228.85,212.8,0.9298667249289928
4,157.7,132.0,0.8370323398858592
2,190.05,169.05,0.8895027624309392
0,113.7,98.05,0.8623570800351803
6,221.5,197.2,0.890293453724605
4,80.15,73.25,0.9139114160948222
6,254.6,229.75,0.9023959151610369
2,58.9,51.1,0.8675721561969439
2,181.9,150.75,0.8287520615722924
2,209.7,190.95,0.9105865522174535
4,166.75,150.65,0.903448275862069
8,82.35,69.8,0.8476017000607164
2,228.1,206.25,0.9042086804033319
4,234.55,205.05,0.8742272436580686
12,207.25,180.75,0.8721351025331725
0,45.95,41.7,0.9075081610446137
4,116.1,104.35,0.8987941429801894
4,191.8,164.95,0.8600104275286757
6,171.35,147.25,0.8593522030930844
6,114.55,104.45,0.9118288956787429
2,134.8,121.95,0.9046735905044511
0,182.4,163.55,0.8966557017543859
6,69.95,61.8,0.8834882058613295
4,243.45,216.85,0.8907373177243787
2,276.6,245.2,0.8864786695589298
8,109.15,95.25,0.8726523133302795
4,139.25,125.0,0.8976660682226212
4,51.4,44.6,0.867704280155642
6,98.45,84.95,0.8628745556119858
0,129.45,115.85,0.8949401313248359
8,125.2,109.1,0.8714057507987221
2,125.55,117.5,0.9358821186778176
4,85.55,73.9,0.863822326125073
2,73.9,63.95,0.8653585926928281
4,198.4,177.2,0.8931451612903226
2,137.85,124.3,0.9017047515415306
6,166.9,139.65,0.8367285799880168
4,115.6,103.8,0.8979238754325259
10,137.15,110.9,0.8086037185563252
8,129.6,113.55,0.8761574074074074
8,149.75,130.95,0.8744574290484141
4,193.8,169.55,0.8748710010319918
4,106.3,93.35,0.8781749764816557
10,70.35,59.7,0.8486140724946695
6,101.3,84.25,0.8316880552813426
2,239.25,207.8,0.8685475444096133
8,155.2,124.95,0.805090206185567
4,138.05,125.2,0.9069177834118073
4,174.0,154.25,0.8864942528735632
8,124.85,109.45,0.8766519823788547
6,79.75,69.15,0.8670846394984326
4,119.55,103.05,0.8619824341279799
4,146.6,132.5,0.9038199181446112
4,183.5,155.55,0.8476839237057221
0,76.45,66.55,0.8705035971223022
6,124.85,111.6,0.893872647176612
2,75.5,68.35,0.9052980132450331
8,95.8,86.05,0.8982254697286013
8,191.7,167.25,0.8724569640062598
2,257.25,230.2,0.894849368318756
2,284.1,252.35,0.8882435762055614
2,198.75,175.9,0.8850314465408805
8,156.35,137.8,0.8813559322033898
6,217.55,188.25,0.8653183176281315
10,121.3,106.55,0.8784006595218466
12,136.2,113.7,0.8348017621145375
4,125.9,110.0,0.8737092930897538
6,139.65,127.5,0.9129967776584318
10,72.15,62.25,0.8627858627858628
6,55.0,49.25,0.8954545454545455
10,169.9,146.8,0.8640376692171866
4,121.2,104.95,0.865924092409241
2,173.0,147.15,0.8505780346820809
6,80.65,70.75,0.8772473651580905
4,129.75,110.9,0.8547206165703276
6,181.65,159.95,0.8805394990366089
16,152.15,132.6,0.8715083798882681
2,157.95,140.2,0.8876226654004432
2,197.45,181.75,0.9204861990377311
4,210.3,192.5,0.915359010936757
4,224.7,201.9,0.8985313751668892
6,144.55,122.55,0.8478035281909374
4,89.85,74.95,0.8341680578742349
4,170.5,152.55,0.8947214076246335
6,274.3,243.3,0.8869850528618302
8,108.0,94.35,0.8736111111111111
2,171.6,149.05,0.8685897435897436
4,202.75,182.6,0.900616522811344
4,134.6,119.9,0.8907875185735513
6,135.6,118.75,0.8757374631268436
4,217.25,189.15,0.8706559263521289
6,158.35,134.85,0.8515945689927376
6,178.4,156.3,0.8761210762331838
4,284.25,252.4,0.8879507475813544
6,74.5,63.6,0.8536912751677852
2,204.85,183.2,0.8943129118867464
6,199.1,173.85,0.8731793068809643
10,104.85,92.45,0.8817358130662851
6,80.1,72.65,0.9069912609238452
2,139.0,123.65,0.889568345323741
6,153.95,134.85,0.8759337447223124
8,89.3,75.5,0.845464725643897
4,306.0,269.95,0.8821895424836601
8,130.3,117.75,0.9036838066001535
4,138.9,123.25,0.8873290136789057
8,178.4,157.75,0.8842488789237668
2,163.25,148.9,0.9120980091883614
10,155.05,132.1,0.8519832312157368
8,129.3,117.1,0.905645784996133
10,73.8,60.6,0.8211382113821138
12,91.85,77.85,0.8475775721284703
6,168.9,152.25,0.9014209591474245
2,71.95,63.55,0.8832522585128562
8,72.85,61.65,0.8462594371997255
12,132.5,117.05,0.8833962264150943
8,222.05,185.25,0.834271560459356
10,142.75,118.55,0.8304728546409808
8,77.85,64.3,0.8259473346178549
10,92.05,79.0,0.8582292232482347
8,102.3,88.8,0.8680351906158358
2,115.95,111.2,0.9590340664079344
6,205.85,185.2,0.8996842360942434
4,114.7,100.15,0.8731473408892764
2,118.25,100.75,0.8520084566596194
2,188.4,164.3,0.8720806794055201
0,334.15,306.8,0.9181505311985635
12,96.85,84.65,0.8740320082601962
0,166.8,156.55,0.9385491606714629
2,170.6,151.2,0.8862837045720985
4,207.9,185.3,0.8912938912938912
8,121.1,100.95,0.8336085879438481
12,105.15,83.7,0.7960057061340942
2,81.8,71.05,0.8685819070904646
6,142.85,129.85,0.9089954497724886
6,230.9,192.8,0.8349935036812473
6,91.3,80.45,0.8811610076670318
6,74.75,67.8,0.9070234113712374
0,78.6,69.65,0.8861323155216285
4,223.7,200.85,0.8978542691104158
2,181.0,163.3,0.9022099447513812
8,140.55,124.35,0.8847385272145144
6,70.15,60.5,0.8624376336421953
0,277.15,244.85,0.8834566119429912
8,175.15,150.8,0.8609763060234085
0,100.75,91.1,0.9042183622828784
6,65.8,56.6,0.8601823708206687
10,90.1,74.4,0.8257491675915649
14,105.45,86.9,0.8240872451398767
4,210.05,186.0,0.8855034515591526
4,120.15,107.55,0.8951310861423221
6,171.65,156.85,0.9137780367025925
6,151.4,133.05,0.8787978863936592
6,143.3,122.95,0.8579902302861131
10,114.8,94.6,0.8240418118466899
8,124.0,113.25,0.9133064516129032
6,284.55,259.2,0.9109119662625198
8,154.65,139.85,0.9043000323310701
4,247.1,221.1,0.8947794415216511
8,151.35,132.9,0.8780971258671952
14,179.75,148.9,0.8283727399165508
8,40.65,34.15,0.8400984009840098
6,270.55,241.5,0.8926261319534282
4,212.25,186.0,0.8763250883392226
4,157.95,143.75,0.9100981323203545
8,95.85,80.4,0.838810641627543
4,109.5,95.5,0.8721461187214612
2,189.85,164.7,0.8675269949960495
6,151.3,129.3,0.8545935228023793
8,65.4,56.5,0.863914373088685
0,162.95,146.35,0.8981282602025161
2,67.45,60.15,0.8917716827279466
8,92.4,79.6,0.8614718614718615
4,79.8,69.8,0.87468671679198
10,123.75,101.3,0.8185858585858586
6,120.35,105.15,0.8737017033651848
2,198.25,183.75,0.926860025220681
0,185.8,168.65,0.9076964477933261
12,105.8,90.8,0.8582230623818525
4,133.0,122.7,0.9225563909774436
4,157.05,134.6,0.857051894301178
6,105.5,90.65,0.8592417061611375
6,153.4,132.4,0.863102998696219
8,164.8,136.75,0.8297936893203883
4,124.75,105.5,0.845691382765531
6,295.8,264.1,0.8928329952670724
6,172.45,153.0,0.8872136851261235
4,91.85,79.15,0.8617310832879695
6,164.75,138.0,0.8376327769347496
4,132.55,123.85,0.934364390795926
10,77.35,66.55,0.8603749191984487
4,153.9,138.95,0.9028589993502274
6,74.65,64.4,0.8626925653047556
6,170.15,152.35,0.8953864237437555
6,186.4,168.75,0.9053111587982833
4,253.35,215.9,0.8521807775804223
8,80.7,70.85,0.8779429987608426
4,197.3,171.8,0.8707551951343132
8,191.15,158.55,0.8294533089196966
8,137.15,116.45,0.8490703609187021
4,192.5,176.75,0.9181818181818182
2,126.8,117.95,0.930205047318612
6,147.65,135.1,0.9150016931933627
6,83.55,76.15,0.9114302812687014
12,121.65,102.15,0.8397040690505548
6,161.55,136.55,0.8452491488703188
10,140.9,116.15,0.8243435060326473
4,89.05,75.1,0.8433464345873105
4,205.7,186.8,0.9081186193485659
6,221.3,191.55,0.8655671034794397
14,194.15,159.0,0.8189544166881277
4,159.2,145.75,0.9155150753768844
6,125.85,109.45,0.8696861342868494
6,38.7,33.4,0.8630490956072352
2,179.25,164.1,0.9154811715481171
8,66.5,54.8,0.8240601503759398
0,179.5,166.3,0.9264623955431754
10,125.25,109.4,0.8734530938123752
4,134.55,121.45,0.9026384243775548
6,192.85,176.05,0.9128856624319419
2,149.15,137.15,0.9195440831377808
6,145.65,130.1,0.8932372124957089
6,102.65,89.65,0.873356064296152
4,168.85,153.9,0.9114598756292568
10,175.35,158.3,0.9027658967778728
6,78.1,67.35,0.8623559539052497
0,175.35,163.75,0.9338465925292273
12,176.75,154.85,0.8760961810466761
6,110.95,98.4,0.8868859846777828
8,135.5,118.4,0.8738007380073801
2,137.6,122.8,0.8924418604651163
8,78.4,70.45,0.8985969387755102
14,149.25,130.8,0.8763819095477386
8,53.3,48.15,0.9033771106941839
4,153.6,129.4,0.8424479166666666
2,137.9,117.5,0.8520667150108775
6,130.8,115.1,0.8799694189602446
4,158.6,135.05,0.8515132408575031
2,191.35,169.35,0.8850274366344395
6,203.6,180.1,0.8845776031434185
6,77.3,68.1,0.8809831824062095
6,102.85,94.45,0.9183276616431697
2,83.85,74.6,0.8896839594514013
0,187.35,167.4,0.8935148118494796
4,164.0,138.9,0.8469512195121951
8,158.0,134.3,0.85
8,122.6,108.4,0.8841761827079935
4,146.3,130.55,0.8923444976076556
6,247.6,224.2,0.9054927302100162
4,249.65,223.75,0.8962547566593231
10,73.2,64.75,0.8845628415300546
2,47.85,42.3,0.8840125391849529
6,53.3,42.9,0.8048780487804879
12,70.55,59.25,0.8398299078667611
6,103.5,91.3,0.8821256038647343
6,82.95,72.15,0.8698010849909584
6,176.1,155.15,0.8810335036910846
14,116.1,101.0,0.8699397071490095
2,244.05,211.35,0.8660110633066994
12,172.25,147.55,0.8566037735849057
2,203.65,180.7,0.8873066535723054
4,94.1,81.6,0.8671625929861849
6,58.6,52.95,0.9035836177474402
2,141.05,130.45,0.924849344204183
4,141.5,130.1,0.9194346289752651
2,81.55,72.8,0.8927038626609443
10,98.1,85.2,0.8685015290519877
10,123.7,106.8,0.8633791430881164
0,253.0,231.5,0.9150197628458498
4,175.5,160.7,0.9156695156695157
8,100.45,82.55,0.8218018914883026
2,152.85,134.0,0.8766764802093556
6,262.95,230.6,0.8769728085187298
2,148.3,137.8,0.9291975724881996
4,114.75,98.0,0.8540305010893247
2,157.0,141.45,0.9009554140127388
2,259.4,226.35,0.8725905936777179
4,215.0,195.05,0.9072093023255814
8,121.05,106.5,0.8798017348203222
4,95.9,81.9,0.8540145985401459
2,98.85,87.05,0.8806272129489124
10,130.85,112.9,0.8628200229270157
2,101.15,86.7,0.8571428571428571
8,83.7,74.4,0.8888888888888888
4,133.8,118.15,0.883034379671151
4,96.4,87.2,0.9045643153526971
2,155.55,133.05,0.8553519768563163
2,203.7,184.25,0.9045164457535592
0,121.6,108.35,0.8910361842105263
2,216.15,197.4,0.9132546842470507
2,139.6,125.5,0.8989971346704871
6,138.65,122.4,0.8827984132708259
6,162.05,145.55,0.8981795742054921
4,164.45,146.55,0.8911523259349347
4,122.2,111.5,0.9124386252045826
4,157.9,144.8,0.9170360987967068
4,118.05,98.6,0.8352393053790766
6,115.4,102.65,0.8895147313691508
2,113.15,102.05,0.9019001325673884
6,174.1,152.8,0.8776565192418151
6,190.9,163.2,0.85489785227868
4,128.6,113.45,0.8821928460342147
2,70.15,63.85,0.910192444761226
10,214.05,179.15,0.8369539827143191
10,43.8,35.45,0.8093607305936074
8,144.0,121.8,0.8458333333333333
6,119.6,107.55,0.899247491638796
10,132.1,106.35,0.8050719152157456
2,237.8,219.95,0.9249369217830109
6,244.3,211.6,0.8661481784690954
8,99.85,84.7,0.8482724086129194
6,85.55,72.65,0.8492109877264757
8,235.05,206.4,0.8781110402042118
10,114.15,96.75,0.8475689881734559
10,243.15,207.3,0.8525601480567551
6,154.35,136.15,0.8820861678004536
6,81.9,71.95,0.8785103785103785
10,32.05,28.0,0.8736349453978159
10,147.95,128.25,0.866846907739101
8,169.8,149.65,0.8813309776207303
4,86.9,79.05,0.9096662830840047
0,209.05,188.3,0.9007414494140158
2,81.4,74.85,0.9195331695331695
2,182.2,160.7,0.8819978046103183
8,132.5,110.95,0.8373584905660377
0,241.5,215.3,0.891511387163561
12,64.45,51.95,0.8060512024825446
4,111.95,100.7,0.8995087092451988
2,331.45,294.95,0.8898778096243777
4,147.65,131.0,0.8872333220453776
4,91.15,81.45,0.8935820076796489
6,181.7,152.55,0.8395707209686296
10,137.95,113.35,0.8216745197535339
6,206.1,176.55,0.8566229985443959
2,120.7,110.05,0.9117647058823529
12,83.9,71.6,0.8533969010727056
0,320.15,297.25,0.9284710292050601
4,106.05,95.05,0.8962753418198963
12,172.85,143.7,0.8313566676308939
6,191.7,165.35,0.8625456442357851
2,206.6,194.55,0.9416747337850919
6,113.35,98.05,0.8650198500220556
6,148.85,131.7,0.8847833389318105
4,155.95,142.05,0.9108688682269959
10,40.9,34.55,0.8447432762836186
2,99.3,90.45,0.9108761329305136
4,128.6,118.2,0.9191290824261276
4,184.0,161.15,0.8758152173913043
8,184.85,164.2,0.8882878009196646
2,128.65,115.0,0.8938981733385154
6,123.65,106.35,0.860088960776385
4,52.6,47.45,0.9020912547528517
4,204.85,177.55,0.866731754942641
2,119.45,106.05,0.8878191712013395
8,262.2,229.35,0.8747139588100686
2,149.35,134.9,0.9032474054235018
8,151.1,136.55,0.9037061548643283
8,147.7,126.75,0.8581584292484766
10,220.1,190.1,0.8636983189459336
6,277.2,234.8,0.847041847041847
4,113.95,99.55,0.8736287845546292
2,109.5,95.35,0.8707762557077625
8,146.15,124.75,0.8535750940814232
6,123.55,102.35,0.8284095507891542
2,94.1,85.1,0.9043570669500531
2,244.05,222.85,0.9131325548043434
4,153.0,140.0,0.9150326797385621
6,144.7,128.0,0.8845888044229441
6,142.45,125.15,0.8785538785538786
6,181.5,157.4,0.8672176308539945
8,76.1,65.85,0.8653088042049935
4,175.65,154.6,0.8801594079134643
2,168.0,153.05,0.9110119047619047
4,158.6,141.7,0.8934426229508197
0,141.75,134.25,0.9470899470899471
6,22.25,19.55,0.8786516853932584
12,89.8,77.8,0.8663697104677061
8,115.8,101.5,0.8765112262521589
4,89.1,82.5,0.9259259259259259
0,130.75,121.75,0.9311663479923518
10,125.7,102.4,0.8146380270485283
2,221.45,201.6,0.9103635132083991
6,75.75,67.6,0.8924092409240925
8,120.25,106.65,0.8869022869022869
6,177.75,161.4,0.9080168776371308
4,118.7,103.05,0.8681550126368998
6,113.2,98.45,0.8696996466431095
2,147.35,123.9,0.8408551068883611
4,105.7,96.25,0.9105960264900662
12,134.0,104.8,0.7820895522388059
8,68.8,60.8,0.8837209302325582
6,174.25,160.0,0.9182209469153515
6,134.15,122.25,0.9112933283637719
8,138.6,119.35,0.8611111111111112
6,168.95,151.8,0.8984906777153003
12,148.7,129.0,0.867518493611298
6,108.2,96.65,0.8932532347504621
4,107.2,95.65,0.8922574626865671
4,210.2,189.25,0.9003330161750713
6,140.4,125.15,0.8913817663817664
6,157.8,141.6,0.8973384030418251
2,144.45,123.55,0.855313257182416
4,134.45,120.45,0.8958720714020082
0,122.5,110.55,0.9024489795918368
10,141.7,117.5,0.8292166549047283
10,66.2,58.15,0.8783987915407855
2,188.55,172.5,0.9148766905330151
4,56.25,51.3,0.912
12,91.85,72.25,0.7866086009798585
6,159.4,143.0,0.8971141781681304
8,154.2,137.1,0.8891050583657587
2,66.5,57.0,0.8571428571428571
12,46.85,40.5,0.8644610458911419
10,67.55,56.9,0.8423390081421169
10,153.8,128.8,0.8374512353706112
6,130.4,113.75,0.8723159509202454
6,118.8,102.7,0.8644781144781145
2,207.5,186.1,0.896867469879518
4,43.4,37.8,0.8709677419354839
8,88.7,73.1,0.8241262683201804
6,170.7,148.85,0.8719976567076743
2,217.3,201.2,0.9259088817303267
4,121.6,107.1,0.8807565789473685
4,59.85,52.55,0.8780284043441938
4,153.35,140.75,0.9178350179328334
2,220.2,194.9,0.8851044504995459
0,197.75,176.0,0.8900126422250316
6,119.4,108.0,0.9045226130653267
4,55.4,49.75,0.898014440433213
4,202.15,185.8,0.91911946574326
10,242.75,197.35,0.8129763130792997
4,101.75,92.45,0.9085995085995086
0,127.5,119.65,0.9384313725490196
6,234.95,200.0,0.8512449457331347
6,138.75,118.8,0.8562162162162162
2,103.75,91.75,0.8843373493975903
4,193.5,174.65,0.9025839793281654
12,52.0,45.95,0.8836538461538461
4,141.35,121.1,0.8567385921471524
6,115.6,98.1,0.8486159169550173
4,90.35,79.65,0.8815716657443277
4,131.0,116.75,0.8912213740458015
4,120.1,111.2,0.925895087427144
2,253.1,226.4,0.8945080995653891
6,129.85,114.25,0.8798613785136696
10,90.65,76.7,0.846111417539989
4,68.0,59.5,0.875
16,56.25,46.7,0.8302222222222222
6,119.55,104.6,0.8749477206189878
10,201.9,179.35,0.8883110450718177
10,89.05,70.9,0.7961819202695115
8,135.0,123.2,0.9125925925925926
10,108.3,85.75,0.7917820867959372
6,216.15,186.8,0.8642146657413833
2,241.55,213.75,0.884909956530739
2,72.0,65.75,0.9131944444444444
8,146.0,125.85,0.861986301369863
6,62.05,54.7,0.8815471394037067
2,185.6,171.15,0.9221443965517241
6,80.8,68.55,0.8483910891089109
4,178.15,157.8,0.8857704181869211
6,158.85,139.05,0.8753541076487252
14,96.4,78.2,0.8112033195020747
6,104.4,93.05,0.8912835249042146
12,52.45,45.75,0.8722592945662536
6,131.5,120.2,0.9140684410646388
2,178.0,162.65,0.9137640449438202
2,212.85,191.05,0.8975804557199906
4,97.4,89.85,0.9224845995893224
8,130.6,116.1,0.8889739663093414
2,144.9,129.9,0.8964803312629399
10,161.85,141.3,0.8730305838739574
8,70.55,60.55,0.8582565556343019
8,128.1,110.4,0.8618266978922716
2,165.8,147.55,0.8899276236429433
10,131.75,107.1,0.8129032258064516
4,50.4,42.8,0.8492063492063492
4,207.3,182.75,0.8815726000964785
6,176.45,159.6,0.9045055256446586
4,205.7,182.4,0.8867282450170151
6,125.0,109.6,0.8768
4,291.15,258.8,0.8888888888888888
8,124.95,105.15,0.8415366146458584
2,123.65,108.35,0.8762636473918318
10,228.7,198.45,0.8677306515085265
8,59.2,53.35,0.9011824324324325
10,98.8,85.4,0.8643724696356275
6,108.75,102.4,0.9416091954022988
6,212.7,185.55,0.8723554301833568
6,211.15,189.15,0.8958086668245323
6,262.6,236.05,0.8988956587966489
10,172.45,147.7,0.8564801391707741
8,125.85,107.75,0.8561779896702424
12,164.3,134.35,0.817711503347535
2,178.1,165.7,0.9303761931499158
2,160.8,150.2,0.9340796019900498
10,70.9,59.05,0.8328631875881524
6,274.4,244.1,0.8895772594752187
0,122.5,109.2,0.8914285714285715
8,106.65,90.65,0.8499765588373184
4,157.6,143.65,0.9114847715736041
0,163.75,142.6,0.8708396946564886
10,122.6,95.05,0.7752854812398042
0,301.4,257.15,0.8531851360318513
2,81.4,72.3,0.8882063882063882
4,127.45,112.85,0.8854452726559435
6,57.45,47.35,0.824194952132289
0,76.4,69.25,0.9064136125654451
6,137.9,127.45,0.9242204496011602
10,113.25,90.85,0.8022075055187637
2,61.65,55.6,0.9018653690186537
2,131.25,119.1,0.9074285714285715
8,209.95,178.85,0.8518694927363658
2,176.25,152.35,0.8643971631205674
2,202.95,178.2,0.8780487804878049
6,87.0,73.7,0.8471264367816091
6,140.1,124.5,0.8886509635974305
6,123.45,109.8,0.8894289185905225
2,179.05,167.0,0.9327003630270874
4,138.2,121.65,0.880246020260492
8,217.05,186.1,0.857406127620364
6,109.75,89.95,0.8195899772209567
4,179.45,158.4,0.8826971301198105
4,172.5,152.15,0.8820289855072464
8,98.05,84.4,0.8607853136155023
6,137.85,121.1,0.8784911135291984
0,191.3,170.55,0.8915316257187663
10,175.05,147.65,0.8434732933447586
10,47.3,40.45,0.8551797040169133
6,46.35,40.7,0.8781014023732471
4,155.7,139.95,0.8988439306358381
2,164.65,150.2,0.9122380807774066
6,93.6,82.55,0.8819444444444444
0,106.2,97.5,0.9180790960451978
6,78.0,68.25,0.875
20,95.7,73.3,0.7659352142110762
8,105.4,86.3,0.818785578747628
2,270.35,245.25,0.9071573885703718
6,120.35,109.15,0.906938097216452
6,146.55,129.15,0.8812691914022518
4,173.0,158.55,0.9164739884393064
4,160.05,144.85,0.9050296782255545
2,122.0,110.15,0.9028688524590164
10,169.5,144.4,0.8519174041297936
2,116.65,100.65,0.8628375482211744
4,177.9,152.55,0.857504215851602
10,44.35,37.05,0.8354002254791432
4,154.3,137.75,0.8927414128321451
2,263.1,245.9,0.9346256176358799
6,131.15,118.05,0.900114372855509
4,225.65,200.1,0.8867715488588522
10,128.3,108.6,0.8464536243180046
6,216.55,184.5,0.8519972292773031
6,226.45,190.65,0.8419077058953411
6,77.9,70.7,0.9075738125802311
8,137.65,123.3,0.8957500908100254
4,97.95,86.7,0.885145482388974
0,168.0,154.95,0.9223214285714286
6,57.95,50.95,0.8792062122519413
10,73.3,65.95,0.8997271487039563
0,101.05,90.5,0.8955962394854032
2,114.45,104.4,0.9121887287024901
4,173.8,154.9,0.8912543153049483
6,224.2,200.55,0.894513826940232
2,137.85,125.55,0.9107725788900979
4,185.7,158.7,0.8546042003231018
10,118.1,101.0,0.8552074513124471
2,96.3,87.05,0.9039460020768432
6,72.8,62.25,0.8550824175824175
6,82.05,72.45,0.8829981718464351
2,206.9,185.05,0.8943934267762204
6,99.75,84.05,0.8426065162907268
12,128.65,110.35,0.8577535950252624
0,99.25,92.8,0.9350125944584383
8,127.2,107.75,0.8470911949685535
2,75.95,69.7,0.9177090190915076
6,142.85,125.35,0.8774938746937346
6,169.15,149.4,0.8832397280520248
4,77.45,66.7,0.8612007746933505
6,119.4,100.7,0.8433835845896147
2,84.7,77.85,0.9191263282172373
6,250.7,210.2,0.8384523334662943
6,170.5,147.6,0.8656891495601173
2,117.55,106.45,0.9055720969800085
8,79.05,72.5,0.9171410499683744
10,112.3,93.4,0.8317008014247551
4,162.4,149.15,0.9184113300492611
10,207.7,174.3,0.8391911410688493
4,55.8,43.45,0.7786738351254481
10,131.8,113.5,0.8611532625189682
4,185.8,168.15,0.905005382131324
6,169.2,147.95,0.8744089834515366
12,195.55,166.1,0.8493991306571209
6,144.95,124.85,0.8613314936184892
2,203.0,174.75,0.8608374384236454
4,177.0,148.0,0.8361581920903954
4,189.75,168.85,0.8898550724637682
6,61.0,54.65,0.8959016393442623
0,218.3,201.05,0.9209803023362345
4,77.5,71.7,0.9251612903225807
4,162.95,144.35,0.8858545566124578
8,57.8,51.9,0.8979238754325259
4,116.7,102.8,0.8808911739502999
4,120.7,102.7,0.8508699254349628
12,194.85,171.3,0.8791377983063895
6,174.0,151.2,0.8689655172413793
8,103.55,90.7,0.8759053597295993
2,184.3,170.75,0.9264785675529029
8,128.9,111.0,0.861132660977502
8,108.95,92.1,0.8453418999541074
0,155.15,140.6,0.9062197873026103
6,125.1,111.3,0.8896882494004796
6,41.4,35.6,0.8599033816425121
6,180.85,165.75,0.9165053912081835
4,202.35,183.9,0.9088213491475167
4,135.45,120.35,0.8885197489848653
0,102.3,90.15,0.8812316715542522
6,219.85,191.7,0.8719581532863316
0,142.6,131.95,0.9253155680224404
6,125.2,114.7,0.9161341853035144
12,81.75,71.15,0.8703363914373089
10,76.8,69.8,0.9088541666666666
8,109.2,98.2,0.8992673992673993
6,166.65,149.1,0.8946894689468947
10,89.05,78.55,0.8820887142055025
4,157.8,137.45,0.8710392902408112
2,150.25,139.25,0.9267886855241264
2,203.35,172.95,0.8505040570445046
10,118.7,103.35,0.8706823925863522
6,112.55,96.6,0.8582852065748556
12,99.05,82.2,0.8298838970217062
6,216.5,199.2,0.9200923787528869
12,152.9,130.4,0.8528449967298888
4,86.3,74.0,0.8574739281575898
2,162.65,149.35,0.9182293267752843
4,239.9,216.25,0.901417257190496
8,180.15,161.9,0.8986955315015265
8,43.35,34.1,0.7866205305651672
4,71.95,65.45,0.9096594857539958
6,131.05,118.4,0.9034719572682183
4,76.15,65.65,0.8621142481943532
8,141.8,121.75,0.8586036671368125
8,91.3,79.75,0.8734939759036144
6,147.95,131.0,0.8854342683338966
2,214.9,186.05,0.8657515123313169
6,182.9,160.85,0.8794423182066703
6,109.75,94.9,0.8646924829157175
2,201.25,184.95,0.9190062111801243
6,141.05,124.2,0.880538816022687
2,158.4,143.25,0.9043560606060606
6,232.95,198.3,0.8512556342562781
8,102.45,88.0,0.8589555880917521
0,264.65,233.7,0.8830530889854525
10,166.75,140.3,0.8413793103448276
4,142.0,123.8,0.8718309859154929
4,161.55,144.45,0.8941504178272981
6,62.25,51.3,0.8240963855421687
6,161.5,143.05,0.8857585139318885
2,231.9,211.45,0.9118154376886589
6,131.5,115.95,0.8817490494296578
4,101.05,90.7,0.8975754576942108
8,128.0,111.5,0.87109375
6,122.9,105.7,0.8600488201790073
4,128.0,112.4,0.878125
8,92.65,79.0,0.8526713437668646
6,106.9,92.1,0.8615528531337698
6,92.1,79.95,0.8680781758957655
6,142.55,123.55,0.8667134338828482
6,110.3,96.05,0.870806890299184
0,99.85,91.7,0.9183775663495243
6,201.45,181.9,0.9029535864978903
2,134.2,126.9,0.9456035767511177
2,137.65,125.3,0.9102796948783146
0,98.85,90.95,0.9200809307030855
10,170.4,150.4,0.8826291079812206
0,144.1,128.1,0.8889659958362248
12,52.45,44.65,0.8512869399428027
0,122.05,109.45,0.896763621466612
8,105.7,90.55,0.8566698202459792
6,124.8,109.45,0.8770032051282052
4,35.6,31.8,0.8932584269662921
8,134.8,113.3,0.8405044510385756
2,302.6,258.3,0.8536021150033047
6,240.8,208.75,0.8669019933554817
2,135.8,120.25,0.8854933726067746
6,238.85,209.6,0.8775382038936571
2,222.05,195.45,0.8802071605494258
4,137.65,121.05,0.8794042862332001
2,211.35,181.05,0.8566359119943222
6,141.3,123.2,0.8719037508846426
6,192.9,173.65,0.9002073613271125
10,52.55,44.45,0.845861084681256
8,180.8,162.0,0.8960176991150443
12,103.85,77.3,0.7443428021184401
2,173.15,156.95,0.9064395033208201
2,163.5,148.5,0.908256880733945
4,66.15,59.3,0.8964474678760394
2,97.7,86.6,0.8863868986693961
4,238.05,211.35,0.8878386893509767
8,93.0,82.2,0.8838709677419355
8,172.95,156.5,0.9048858051459959
6,89.75,77.9,0.8679665738161559
6,151.6,133.25,0.878957783641161
12,170.1,147.5,0.8671369782480893
4,140.6,116.45,0.8282361308677099
2,83.9,75.65,0.9016686531585221
6,108.75,95.25,0.8758620689655172
10,132.4,111.1,0.8391238670694864
6,85.35,74.3,0.8705330990041008
12,99.8,84.0,0.8416833667334669
0,91.85,85.6,0.9319542732716385
4,238.8,209.35,0.876675041876047
4,89.5,78.3,0.8748603351955307
6,129.45,115.55,0.8926226342217072
2,108.85,104.35,0.958658704639412
10,132.05,113.45,0.8591442635365392
4,92.3,83.5,0.90465872156013
12,86.45,74.85,0.8658183921341817
8,192.0,168.0,0.875
2,197.6,179.6,0.9089068825910931
8,145.55,130.35,0.8955685331501202
4,99.45,87.85,0.8833584715937657
0,171.3,153.0,0.8931698774080561
2,189.0,171.85,0.9092592592592592
4,200.9,180.35,0.8977103036336486
12,148.3,125.35,0.8452461227242077
4,229.95,206.35,0.8973689932594042
2,111.1,101.7,0.9153915391539154
0,193.0,176.6,0.9150259067357513
4,70.15,63.0,0.8980755523877405
4,189.75,161.55,0.8513833992094861
0,393.05,351.1,0.893270576262562
8,123.9,108.1,0.8724778046811945
8,134.3,113.9,0.8481012658227848
2,317.9,286.35,0.9007549543881724
12,107.8,88.5,0.8209647495361782
4,164.45,147.55,0.8972332015810277
0,66.1,61.35,0.9281391830559758
4,269.25,232.85,0.8648096564531105
6,154.1,134.8,0.8747566515249838
2,141.6,129.45,0.9141949152542372
6,189.9,163.65,0.8617693522906793
6,50.05,46.9,0.9370629370629371
8,68.7,59.35,0.863901018922853
6,133.75,119.75,0.8953271028037383
6,190.35,166.5,0.8747044917257684
8,69.3,60.05,0.8665223665223665
4,111.6,99.45,0.8911290322580645
10,72.0,64.95,0.9020833333333333
2,198.3,176.85,0.8918305597579426
6,85.35,75.7,0.8869361452841242
6,228.8,196.85,0.8603583916083916
4,261.15,226.35,0.8667432510051695
2,93.35,84.75,0.9078735940010713
0,211.15,187.15,0.8863367274449444
0,72.75,65.55,0.9010309278350516
8,128.7,111.9,0.8694638694638694
8,82.7,65.45,0.7914147521160823
2,101.35,85.25,0.8411445485939812
10,92.7,78.8,0.8500539374325782
10,98.25,80.5,0.8193384223918575
6,107.4,95.15,0.8859404096834265
2,122.3,111.15,0.9088307440719542
2,180.9,168.9,0.9336650082918739
6,212.8,171.9,0.8078007518796992
6,183.8,165.65,0.9012513601741022
4,89.7,80.2,0.8940914158305463
6,212.55,192.3,0.9047282992237121
4,104.85,91.55,0.8731521220791607
6,136.1,120.05,0.8820720058780308
8,123.2,102.65,0.833198051948052
12,173.25,146.1,0.8432900432900433
6,213.35,175.45,0.8223576283102882
8,148.3,130.8,0.8819959541469993
4,194.5,167.25,0.8598971722365039
6,83.15,76.5,0.9200240529164161
14,128.3,108.3,0.8441153546375681
8,109.8,96.2,0.8761384335154827
6,143.55,124.1,0.8645071403692093
4,83.75,76.05,0.9080597014925373
6,173.5,152.5,0.8789625360230547
2,160.95,142.65,0.8863000931966449
4,107.4,95.5,0.8891992551210428
4,148.6,125.9,0.8472409152086138
2,120.1,107.5,0.8950874271440467
4,117.7,108.05,0.9180118946474086
8,117.55,107.05,0.9106763079540621
8,187.65,164.7,0.8776978417266187
6,109.1,94.05,0.8620531622364803
4,126.45,112.75,0.8916567813364966
2,167.1,148.55,0.8889886295631358
4,138.85,121.45,0.8746849117752971
2,165.95,144.7,0.8719493823440796
2,162.15,143.7,0.8862164662349676
8,242.75,209.45,0.862821833161689
12,116.35,96.3,0.8276751181779115
8,115.25,105.65,0.9167028199566161
10,240.55,212.9,0.8850550821035128
4,275.75,258.75,0.9383499546690843
4,182.95,163.75,0.8950532932495218
2,97.55,88.3,0.9051768323936443
0,160.2,146.75,0.9160424469413233
8,129.9,114.2,0.8791377983063895
6,54.2,48.95,0.9031365313653137
8,219.55,184.8,0.8417217034843999
14,132.5,113.9,0.859622641509434
4,213.85,181.1,0.8468552723871873
2,98.45,90.5,0.9192483494159471
2,166.05,149.2,0.8985245408009636
6,64.5,57.4,0.889922480620155
6,120.6,101.8,0.8441127694859039
14,145.3,125.65,0.864762560220234
6,264.3,232.4,0.8793038214150587
2,98.25,85.7,0.872264631043257
2,269.1,241.7,0.89817911557042
4,116.8,105.75,0.9053938356164384
8,69.3,61.85,0.8924963924963925
4,177.65,156.05,0.8784126090627639
6,85.55,74.8,0.8743424897720631
0,160.75,150.45,0.9359253499222395
4,157.8,136.3,0.8637515842839036
2,223.55,195.35,0.8738537239991053
4,167.5,149.25,0.891044776119403
2,82.6,74.95,0.9073849878934624
4,164.1,148.9,0.9073735527117611
2,165.65,138.25,0.8345910051313009
4,144.5,130.95,0.9062283737024222
2,174.35,156.95,0.9002007456266131
4,262.25,231.7,0.8835081029551954
8,96.35,80.7,0.8375713544369486
8,157.1,132.7,0.8446849140674729
10,194.35,172.55,0.8878312323128377
4,99.9,87.35,0.8743743743743744
10,188.05,165.05,0.8776921031640521
4,225.45,195.25,0.8660456864049678
4,111.05,95.5,0.859972985141828
6,198.45,177.2,0.8929201310153692
0,129.8,115.05,0.8863636363636364
6,127.25,113.85,0.8946954813359529
8,231.25,202.0,0.8735135135135135
4,190.65,170.75,0.8956202465250459
6,116.4,103.8,0.8917525773195877
4,86.2,78.95,0.915893271461717
14,94.4,82.6,0.875
6,111.8,97.9,0.8756708407871199
8,198.35,166.05,0.8371565414671036
2,113.3,104.6,0.9232127096204766
12,112.1,96.2,0.8581623550401427
6,145.0,128.7,0.8875862068965518
6,134.4,118.0,0.8779761904761905
2,140.9,123.3,0.8750887154009936
4,113.4,101.0,0.890652557319224
4,58.5,52.0,0.8888888888888888
2,250.8,225.85,0.9005183413078149
6,61.0,52.4,0.8590163934426229
4,183.6,162.2,0.883442265795207
6,66.0,57.05,0.8643939393939394
6,131.2,119.4,0.9100609756097561
8,136.4,118.75,0.8706011730205279
10,76.85,65.95,0.8581652569941445
4,185.8,170.85,0.9195371367061357
2,142.9,129.35,0.9051784464660602
8,100.9,89.2,0.8840436075322101
2,132.35,113.05,0.854174537211938
2,108.4,97.25,0.897140221402214
6,106.95,94.9,0.887330528284245
8,201.6,171.2,0.8492063492063492
2,270.75,237.5,0.8771929824561403
4,140.6,122.6,0.871977240398293
8,88.85,70.25,0.7906584130557118
6,96.0,75.95,0.7911458333333333
2,169.4,148.05,0.8739669421487604
6,175.2,164.05,0.9363584474885844
6,193.1,178.0,0.92180217503884
2,128.25,115.25,0.898635477582846
6,331.6,296.5,0.8941495778045838
4,136.9,117.0,0.8546384222059897
4,246.1,217.1,0.8821617228768793
6,105.25,93.75,0.8907363420427553
10,50.75,42.75,0.8423645320197044
2,156.05,141.8,0.9086831143864146
4,236.55,213.3,0.901712111604312
8,185.1,161.5,0.8725013506212858
2,56.65,50.05,0.883495145631068
2,191.25,173.1,0.9050980392156863
6,113.7,98.45,0.8658751099384345
10,122.65,103.8,0.8463106400326131
0,182.75,162.65,0.8900136798905609
0,172.7,158.2,0.9160393746381007
4,152.95,138.05,0.9025825433148088
12,124.1,109.45,0.8819500402900886
4,268.9,238.8,0.8880624767571588
6,70.15,61.25,0.8731290092658589
6,168.8,146.0,0.8649289099526066
0,177.65,162.0,0.911905432029271
8,147.7,126.05,0.8534190927555857
0,89.65,81.2,0.90574456218628
4,166.85,150.75,0.9035061432424333
6,116.25,99.8,0.858494623655914
4,196.7,176.05,0.895017793594306
4,92.75,83.1,0.8959568733153639
2,145.65,133.85,0.9189838654308273
8,64.0,59.5,0.9296875
4,253.1,222.45,0.8789016199130778
6,255.35,223.85,0.876639906011357
4,149.0,128.75,0.8640939597315436
8,181.7,160.9,0.8855255916345625
4,239.4,221.35,0.9246031746031746
6,110.95,97.35,0.8774222622803064
8,194.7,168.5,0.8654340010272213
2,156.05,145.3,0.9311118231336111
6,187.65,169.8,0.9048760991207034
6,194.45,175.35,0.9017742350218565
2,235.3,209.9,0.8920526986825329
8,162.4,143.9,0.8860837438423645
0,146.75,134.2,0.914480408858603
6,125.55,110.25,0.8781362007168458
6,161.3,140.1,0.8685678859268444
4,116.25,101.05,0.869247311827957
8,166.5,144.7,0.8690690690690691
8,216.7,192.4,0.8878634056299031
6,79.2,72.15,0.9109848484848485
6,83.15,74.75,0.8989777510523151
8,89.95,75.3,0.8371317398554753
6,107.25,94.65,0.8825174825174825
8,99.25,83.15,0.8377833753148615
10,91.35,80.5,0.8812260536398467
2,48.05,40.7,0.8470343392299687
6,307.3,282.6,0.919622518711357
14,211.7,188.85,0.8920642418516769
8,95.1,86.3,0.907465825446898
10,81.25,67.25,0.8276923076923077
4,179.25,156.45,0.8728033472803347
14,107.75,91.65,0.8505800464037123
6,135.85,123.65,0.9101950680898049
2,86.7,80.8,0.9319492502883506
2,96.65,86.35,0.8934299017071909
6,99.0,85.45,0.8631313131313131
4,114.95,108.8,0.9464984775989561
4,236.5,218.5,0.9238900634249472
4,164.0,146.7,0.8945121951219512
4,74.25,63.15,0.8505050505050505
2,200.8,179.75,0.8951693227091634
10,100.7,84.1,0.8351539225422046
4,197.6,175.35,0.8873987854251012
2,161.0,146.05,0.9071428571428571
4,189.9,172.45,0.9081095313322801
8,96.35,81.8,0.8489880643487286
10,104.0,87.95,0.8456730769230769
8,98.45,83.1,0.8440832910106653
6,138.55,120.9,0.8726091663659329
10,62.8,53.6,0.8535031847133758
6,88.05,77.7,0.8824531516183987
6,104.5,94.25,0.9019138755980861
6,32.0,27.9,0.871875
6,234.5,209.95,0.8953091684434968
8,105.1,91.3,0.8686964795432921
4,244.75,216.45,0.8843718079673136
4,153.2,139.15,0.908289817232376
2,206.75,183.4,0.8870616686819831
6,69.05,62.75,0.9087617668356264
4,286.8,252.5,0.8804044630404463
6,189.2,167.85,0.8871564482029598
4,174.25,160.4,0.9205164992826399
2,182.15,167.9,0.9217677738127916
4,132.75,118.95,0.896045197740113
4,172.8,155.85,0.9019097222222222
0,122.25,112.2,0.9177914110429448
4,148.15,133.7,0.90246371920351
0,93.7,82.25,0.8778014941302028
8,115.7,96.7,0.8357821953327571
10,84.35,73.3,0.8689982216953172
2,237.0,217.0,0.9156118143459916
6,122.9,107.15,0.871847030105777
8,273.75,242.65,0.886392694063927
4,123.1,105.5,0.8570268074735987
4,123.05,112.15,0.9114181227143437
4,109.05,97.8,0.8968363136176066
8,128.3,113.1,0.8815276695245519
4,63.35,55.75,0.8800315706393055
8,155.35,139.4,0.8973286128097844
0,147.45,128.4,0.8708036622583927
6,132.6,108.65,0.8193815987933635
6,290.5,252.4,0.8688468158347676
6,198.5,180.6,0.909823677581864
6,67.45,59.15,0.876945885841364
4,155.75,135.05,0.8670947030497592
8,121.35,107.2,0.8833951380304903
4,189.8,172.6,0.9093782929399368
2,155.65,145.05,0.9318984902023771
8,156.15,131.05,0.8392571245597182
0,220.25,208.55,0.9468785471055619
6,68.3,56.65,0.8294289897510981
6,249.95,220.9,0.8837767553510703
2,299.7,255.1,0.8511845178511845
6,110.1,95.1,0.8637602179836512
10,75.45,62.35,0.8263750828363154
2,163.4,146.55,0.8968788249694002
6,59.95,52.45,0.8748957464553795
4,107.9,96.55,0.8948100092678406
2,214.1,199.25,0.9306398879028491
6,157.2,136.45,0.8680025445292621
0,174.4,161.75,0.9274655963302753
0,112.9,100.9,0.8937112488928255
20,167.2,130.25,0.7790071770334929
8,48.7,38.7,0.7946611909650924
2,99.3,85.75,0.8635448136958711
4,175.65,151.5,0.8625106746370623
6,114.7,103.3,0.9006102877070619
4,61.95,57.15,0.9225181598062954
4,77.0,68.75,0.8928571428571429
10,122.25,104.4,0.8539877300613496
10,89.9,80.75,0.8982202447163515
4,145.1,124.1,0.8552722260509993
10,227.7,198.85,0.873298199385156
10,167.15,139.45,0.8342805862997308
8,231.7,192.95,0.832757876564523
4,132.7,122.95,0.926525998492841
2,211.7,190.1,0.8979688238072745
8,69.85,63.65,0.9112383679312813
2,125.55,110.2,0.8777379530067703
4,238.9,218.1,0.9129342821264127
6,145.35,128.5,0.8840729274165807
6,289.8,259.7,0.8961352657004831
6,160.05,140.55,0.8781630740393627
4,100.4,89.8,0.8944223107569721
4,105.6,96.8,0.9166666666666666
4,61.5,54.6,0.8878048780487805
6,142.65,123.3,0.8643533123028391
6,197.85,175.45,0.8867829163507708
8,94.15,79.05,0.8396176314391928
4,212.5,186.4,0.8771764705882353
0,118.35,110.05,0.9298690325306295
2,82.1,73.75,0.8982947624847747
2,319.2,289.55,0.9071115288220551
4,162.35,143.7,0.8851247305204805
2,250.0,224.1,0.8964
0,111.55,104.25,0.9345584939489019
2,196.6,179.95,0.9153102746693794
4,123.8,102.5,0.8279483037156704
2,159.95,143.8,0.899030947170991
8,86.1,74.3,0.8629500580720093
14,141.4,119.45,0.8447666195190948
2,128.5,116.35,0.9054474708171206
2,191.7,171.2,0.8930620761606677
2,142.85,126.85,0.887994399719986
6,116.5,101.85,0.8742489270386266
8,163.5,134.2,0.8207951070336391
6,147.85,130.8,0.8846804193439297
6,81.85,73.85,0.9022602321319487
6,234.15,213.1,0.9101003630151612
2,202.9,186.2,0.917693445046821
2,197.45,177.85,0.9007343631299063
4,187.1,163.9,0.8760021378941742
2,168.05,153.65,0.9143112168997323
8,152.05,132.45,0.8710950345281158
2,149.8,134.2,0.8958611481975968
2,131.8,118.6,0.8998482549317147
4,167.65,150.25,0.8962123471518043
8,165.65,147.8,0.8922426803501359
4,153.55,133.2,0.8674698795180723
4,194.9,178.4,0.9153412006157003
6,96.15,84.8,0.8819552782111284
6,120.0,97.25,0.8104166666666667
8,153.9,127.4,0.8278102664067576
8,218.45,191.05,0.8745708400091554
2,90.55,83.65,0.9237990060739922
8,161.4,141.8,0.8785625774473358
4,240.3,209.5,0.8718268830628381
8,109.85,96.85,0.8816568047337278
4,228.2,203.85,0.8932953549517967
4,118.0,109.7,0.9296610169491526
6,104.9,90.75,0.8651096282173498
6,187.65,160.8,0.8569144684252598
6,149.6,132.7,0.8870320855614974
6,96.15,81.55,0.8481539261570463
4,133.45,123.55,0.9258149119520419
4,142.5,124.05,0.8705263157894737
4,123.55,115.2,0.9324160259004451
8,120.85,104.2,0.8622258998758792
0,83.05,76.45,0.9205298013245033
6,115.6,104.7,0.9057093425605537
0,208.55,191.95,0.9204027811076481
10,60.9,50.05,0.8218390804597702
4,100.8,88.2,0.875
6,95.65,84.15,0.8797699947726084
4,169.1,150.9,0.8923713778829095
4,225.35,194.1,0.8613268249389838
6,112.55,98.05,0.8711683696135051
6,131.35,115.95,0.8827559954320517
6,94.5,79.25,0.8386243386243386
12,67.55,56.2,0.8319763138415989
2,186.8,171.5,0.9180942184154176
8,209.9,185.85,0.8854216293473083
10,114.1,95.2,0.8343558282208589
4,161.1,145.45,0.9028553693358162
10,90.85,78.0,0.8585580627407815
4,232.4,204.25,0.8788726333907056
6,125.05,113.5,0.9076369452219112
8,126.95,106.9,0.842063804647499
8,178.85,156.55,0.87531450936539
6,184.55,163.3,0.884855052831211
4,155.2,142.8,0.9201030927835051
2,133.9,120.1,0.8969380134428678
2,138.75,124.15,0.8947747747747747
6,107.5,95.05,0.8841860465116279
6,265.95,223.25,0.8394435044181237
6,70.7,62.05,0.8776520509193777
8,158.6,143.05,0.9019546027742749
4,144.55,131.85,0.9121411276374957
8,171.35,151.45,0.8838634374088123
4,136.65,120.35,0.880717160629345
2,104.8,97.55,0.9308206106870229
4,145.7,133.0,0.91283459162663
6,68.65,61.3,0.8929351784413693
10,152.0,135.1,0.8888157894736842
8,176.75,156.4,0.8848656294200848
0,120.6,107.3,0.8897180762852405
8,154.55,135.35,0.8757683597541249
2,106.85,91.25,0.8540009358914366
6,148.7,130.45,0.8772696704774714
10,27.45,22.25,0.8105646630236795
6,167.7,153.8,0.91711389385808
6,229.25,200.05,0.8726281352235551
6,151.35,134.9,0.8913115295672283
6,100.6,87.8,0.8727634194831014
2,26.45,23.35,0.8827977315689981
12,70.3,55.1,0.7837837837837838
2,80.75,72.95,0.903405572755418
0,115.45,110.6,0.9579904720658293
12,104.95,86.65,0.8256312529776084
10,46.8,38.9,0.8311965811965812
6,141.2,123.25,0.8728753541076487
4,28.85,26.3,0.9116117850953206
4,173.8,150.2,0.8642117376294591
8,213.7,181.9,0.8511932615816565
6,107.3,94.4,0.8797763280521901
0,124.85,113.3,0.9074889867841409
10,137.3,117.85,0.8583394027676621
8,142.35,124.55,0.8749560941341763
4,119.1,106.65,0.8954659949622166
4,106.65,97.65,0.9156118143459916
4,122.85,111.2,0.9051689051689051
8,58.05,52.15,0.8983634797588286
6,109.6,97.5,0.8895985401459854
2,203.5,187.9,0.9233415233415233
6,137.95,122.55,0.8883653497644074
4,98.15,90.85,0.9256240448293428
6,55.3,48.05,0.8688969258589512
2,264.0,235.7,0.8928030303030303
2,127.5,114.15,0.8952941176470588
6,285.75,249.85,0.8743657042869641
0,122.35,111.45,0.9109113199836535
4,109.3,97.75,0.894327538883806
4,148.0,127.95,0.864527027027027
2,104.4,94.85,0.9085249042145593
8,89.6,74.9,0.8359375
6,227.35,203.35,0.8944358917967891
4,164.8,146.0,0.8859223300970874
4,100.1,91.9,0.9180819180819181
10,158.1,136.85,0.8655913978494624
8,141.6,121.7,0.8594632768361582
2,206.9,182.55,0.8823102948284195
6,164.65,145.15,0.8815669602186456
6,155.45,142.85,0.9189449983917658
4,186.45,170.5,0.9144542772861357
2,76.05,67.05,0.8816568047337278
2,83.1,74.95,0.9019253910950662
16,164.4,148.1,0.9008515815085159
8,98.6,88.65,0.8990872210953347
12,130.4,111.7,0.8565950920245399
4,74.45,63.45,0.8522498321020819
12,102.4,84.1,0.8212890625
4,170.45,146.6,0.8600762687004987
0,127.7,112.6,0.8817541111981206
8,164.5,141.45,0.8598784194528876
4,182.3,162.7,0.8924849149753155
2,120.0,112.55,0.9379166666666666
14,65.2,55.5,0.8512269938650306
8,111.95,94.35,0.8427869584635999
6,140.8,128.35,0.9115767045454546
2,134.4,123.9,0.921875
8,49.6,42.85,0.8639112903225806
10,102.4,89.1,0.8701171875
2,129.35,115.25,0.8909934286818709
6,127.2,107.7,0.8466981132075472
4,197.45,170.25,0.8622436059761965
8,109.1,101.25,0.9280476626947755
8,123.25,107.55,0.8726166328600405
12,88.6,73.6,0.8306997742663657
0,307.95,279.85,0.9087514206851761
10,80.2,70.35,0.8771820448877805
4,103.35,90.9,0.8795355587808418
4,144.85,126.4,0.8726268553676216
12,82.4,71.75,0.870752427184466
0,178.6,161.6,0.9048152295632699
8,156.75,141.8,0.9046251993620414
4,170.4,154.55,0.9069835680751174
8,102.35,87.05,0.8505129457743038
6,126.55,113.55,0.8972738048202291
8,139.45,122.75,0.8802438149874507
4,134.35,121.35,0.903237811685895
0,132.5,123.1,0.9290566037735849
0,97.05,88.9,0.9160226687274601
6,161.2,146.55,0.9091191066997518
4,179.6,151.4,0.8429844097995546
4,89.35,81.55,0.9127028539451595
4,90.05,81.4,0.9039422543031649
2,83.75,74.6,0.8907462686567165
4,141.15,126.45,0.895855472901169
6,342.95,307.5,0.8966321621227584
4,113.65,97.5,0.8578970523537176
4,118.8,105.75,0.8901515151515151
0,179.25,166.8,0.9305439330543933
4,227.1,205.4,0.9044473800088066
8,41.55,36.6,0.8808664259927798
8,76.7,66.95,0.8728813559322034
2,174.35,154.75,0.8875824490966446
4,72.85,64.95,0.8915579958819492
0,94.95,88.15,0.9283833596629805
0,132.25,119.6,0.9043478260869565
4,136.05,114.0,0.8379272326350606
0,350.65,313.7,0.8946242692143163
8,175.1,146.05,0.8340948029697316
6,183.3,160.45,0.8753409710856519
2,104.55,93.85,0.8976566236250598
8,150.65,126.4,0.8390308662462662
2,130.95,120.3,0.9186712485681557
8,131.5,118.25,0.8992395437262357
10,75.35,63.0,0.836098208360982
6,77.7,65.6,0.8442728442728443
2,120.9,106.85,0.8837882547559966
6,43.55,38.45,0.8828932261768083
4,47.15,39.9,0.8462354188759279
8,155.95,139.3,0.8932350112215454
4,97.4,84.1,0.8634496919917864
8,100.85,88.65,0.8790282597917699
8,105.35,89.15,0.8462268628381585
8,121.3,110.75,0.9130255564715581
10,154.8,136.35,0.8808139534883721
2,46.65,42.55,0.9121114683815649
10,165.55,136.25,0.8230141951072184
4,80.3,71.9,0.8953922789539228
8,144.3,117.7,0.8156618156618156
2,145.65,129.55,0.8894610367318915
6,99.85,85.25,0.8537806710065098
6,91.15,80.6,0.884256719692814
4,120.45,105.6,0.8767123287671232
6,137.5,115.1,0.8370909090909091
4,242.65,211.55,0.8718318565835566
10,189.4,160.95,0.8497888067581837
4,196.35,175.6,0.8943213649096002
4,209.8,192.9,0.9194470924690181
2,185.4,165.05,0.8902373247033442
4,81.3,73.3,0.9015990159901599
10,145.45,125.9,0.8655895496734273
6,92.75,80.25,0.8652291105121294
8,105.95,84.85,0.8008494572911751
10,69.35,60.2,0.8680605623648161
2,98.45,88.75,0.9014728288471305
4,195.05,179.0,0.9177134068187645
6,186.3,164.95,0.8853998926462695
2,164.7,153.65,0.9329083181542198
2,148.25,134.6,0.9079258010118044
8,185.15,159.45,0.86119362678909
8,263.25,221.45,0.8412155745489078
2,218.15,196.65,0.9014439605775842
4,221.35,198.55,0.8969957081545065
8,94.0,83.5,0.8882978723404256
4,125.65,110.45,0.8790290489454835
4,224.4,199.0,0.8868092691622104
6,110.55,99.35,0.8986883763003166
6,226.95,198.95,0.8766248072262612
4,111.9,98.7,0.8820375335120644
8,95.8,80.0,0.8350730688935282
2,266.15,243.45,0.914709750140898
2,132.45,114.6,0.8652321630804077
8,101.3,91.8,0.9062191510365252
0,138.6,130.25,0.9397546897546898
4,154.75,135.0,0.8723747980613893
8,130.8,118.85,0.9086391437308868
2,80.6,72.75,0.902605459057072
2,230.6,191.7,0.8313096270598439
8,265.1,231.8,0.8743870237646171
0,238.6,212.05,0.8887259010896899
8,154.1,131.7,0.854639844256976
2,110.6,92.9,0.8399638336347197
6,129.75,112.1,0.8639691714836224
8,145.25,126.2,0.8688468158347676
2,133.25,121.9,0.9148217636022514
4,121.6,108.35,0.8910361842105263
10,27.2,24.0,0.8823529411764706
4,262.25,227.65,0.8680648236415633
6,140.8,129.25,0.91796875
10,112.1,101.4,0.9045495093666369
4,129.2,114.95,0.8897058823529411
2,87.55,78.7,0.8989149057681325
4,151.3,140.2,0.9266358228684732
2,264.85,235.0,0.8872946951104399
4,148.1,130.0,0.8777852802160703
2,246.65,222.8,0.9033042773160349
6,186.4,165.4,0.8873390557939914
6,173.5,161.0,0.9279538904899135
8,56.65,48.75,0.8605472197705207
4,217.55,192.45,0.8846242243162491
10,192.8,165.85,0.8602178423236515
10,54.55,46.75,0.8570119156736938
2,128.65,117.4,0.9125534395647105
8,111.65,93.2,0.8347514554411106
4,131.8,119.5,0.9066767830045523
8,183.15,163.75,0.894075894075894
4,141.2,126.9,0.8987252124645893
10,81.7,69.8,0.8543451652386781
4,169.6,155.8,0.9186320754716981
6,147.4,131.7,0.8934871099050203
0,288.5,269.2,0.9331022530329289
8,117.45,97.25,0.8280119199659429
4,102.65,88.05,0.8577691183633707
4,143.95,133.8,0.9294894060437652
12,155.45,122.25,0.7864265036989385
14,68.6,57.55,0.8389212827988338
12,78.9,59.25,0.7509505703422054
6,232.15,202.3,0.8714193409433556
2,169.15,150.4,0.8891516405557198
6,213.1,182.5,0.8564054434537776
8,105.35,88.85,0.8433792121499762
6,240.6,219.7,0.9131338320864505
4,213.2,186.75,0.87593808630394
8,127.9,111.25,0.8698201720093823
2,100.15,88.3,0.8816774837743385
4,135.25,118.35,0.8750462107208873
8,88.65,75.0,0.8460236886632826
6,243.55,215.2,0.8835967973722029
12,128.35,105.15,0.819244253992988
0,198.35,174.65,0.8805142425006302
2,160.8,143.45,0.8921019900497512
4,149.15,129.15,0.8659068052296346
8,130.4,111.4,0.8542944785276073
4,164.2,146.1,0.889768574908648
2,92.35,80.0,0.8662696264212236
6,109.55,96.3,0.8790506617982656
6,175.2,152.15,0.8684360730593608
4,154.55,139.85,0.9048851504367519
10,63.2,53.55,0.8473101265822784
8,118.55,103.3,0.8713622943905525
6,55.9,49.3,0.8819320214669052
0,135.45,122.9,0.9073458840900701
6,120.7,110.2,0.9130074565037283
2,122.5,106.7,0.8710204081632653
4,183.45,157.15,0.8566366857454347
4,95.45,85.8,0.8988999476165531
6,47.0,39.1,0.8319148936170213
8,264.5,228.85,0.8652173913043478
2,104.2,95.6,0.9174664107485605
4,201.05,179.5,0.8928127331509574
2,213.0,195.4,0.9173708920187793
4,172.15,155.4,0.9027011327330816
10,146.35,133.7,0.9135633754697643
8,100.8,87.9,0.8720238095238095
6,138.65,117.3,0.8460151460512081
2,123.2,112.95,0.916801948051948
4,192.05,166.15,0.8651392866441031
8,67.35,54.95,0.8158871566443949
4,180.25,162.6,0.9020804438280167
2,247.35,234.15,0.9466343238326258
4,127.4,114.5,0.8987441130298273
4,168.75,151.5,0.8977777777777778
14,101.05,88.75,0.8782780801583374
4,233.5,211.0,0.9036402569593148
2,164.5,139.25,0.8465045592705167
6,155.15,137.65,0.8872059297454077
4,126.45,112.65,0.8908659549228944
0,114.3,104.25,0.9120734908136483
2,139.35,126.95,0.9110154287764621
4,237.05,207.5,0.8753427546931027
4,106.95,91.1,0.8517999064983637
12,157.55,128.9,0.8181529673119644
4,189.45,172.5,0.9105304829770388
4,116.6,109.25,0.9369639794168096
4,159.3,145.45,0.9130571249215317
12,155.35,137.6,0.885741873189572
2,182.75,166.45,0.9108071135430916
6,173.5,157.5,0.9077809798270894
8,228.0,191.5,0.8399122807017544
4,81.2,70.75,0.8713054187192119
8,246.9,221.0,0.8950992304576751
8,115.6,99.0,0.856401384083045
0,176.95,158.65,0.8965809550720543
6,183.25,163.45,0.8919508867667122
4,242.75,202.1,0.8325437693099897
6,54.7,49.5,0.9049360146252285
6,140.65,124.05,0.8819765375044436
6,177.2,158.2,0.8927765237020316
6,210.65,176.15,0.8362212200332305
10,50.55,44.3,0.8763600395647874
6,327.55,291.45,0.8897878186536406
0,118.7,104.45,0.879949452401011
8,81.25,69.95,0.8609230769230769
8,215.35,187.9,0.8725330856744834
4,114.75,104.15,0.9076252723311546
2,201.15,182.85,0.9090231170768084
6,228.9,208.0,0.9086937527304499
8,119.7,100.45,0.8391812865497076
6,61.2,54.35,0.8880718954248366
4,98.8,91.1,0.9220647773279352
10,194.35,158.1,0.8134808335477232
2,124.85,109.25,0.8750500600720865
0,199.25,178.9,0.8978670012547052
2,200.05,173.9,0.8692826793301675
10,141.5,118.6,0.8381625441696113
8,87.35,74.1,0.8483113909559244
6,92.2,77.55,0.8411062906724512
2,199.95,187.25,0.9364841210302576
0,218.7,201.25,0.9202103337905807
0,121.25,110.7,0.9129896907216495
8,54.05,49.0,0.906567992599445
4,138.8,121.9,0.8782420749279539
4,182.6,160.95,0.8814348302300109
4,215.35,198.1,0.9198978407244022
2,164.7,151.2,0.9180327868852459
6,140.1,124.05,0.8854389721627409
6,80.7,73.15,0.9064436183395291
4,109.4,93.8,0.8574040219378428
6,128.45,110.4,0.8594783962631374
2,102.1,90.0,0.881488736532811
4,65.0,61.1,0.94
10,89.3,75.45,0.8449048152295633
0,253.3,232.15,0.916502171338334
8,111.95,96.9,0.8655649843680214
2,157.75,135.05,0.8561014263074485
2,129.7,120.05,0.925597532767926
6,173.2,159.2,0.9191685912240185
2,138.1,116.5,0.8435916002896452
2,107.1,98.5,0.9197012138188608
6,106.1,92.2,0.8689915174363808
10,80.0,70.1,0.87625
2,179.2,155.0,0.8649553571428571
10,95.75,77.45,0.8088772845953003
8,223.1,198.7,0.8906320035858359
6,156.4,141.25,0.9031329923273658
8,150.1,132.1,0.8800799467021986
8,114.3,99.45,0.8700787401574803
6,92.55,80.75,0.8725013506212858
4,108.4,100.7,0.9289667896678967
6,195.2,168.6,0.8637295081967213
2,99.95,90.15,0.9019509754877438
6,107.15,91.8,0.8567428838077461
4,113.4,104.0,0.9171075837742504
4,156.35,141.8,0.9069395586824432
8,75.85,61.2,0.8068556361239289
10,133.4,111.75,0.8377061469265368
4,320.6,279.4,0.8714909544603868
4,176.1,159.35,0.9048835888699602
4,178.4,156.4,0.8766816143497758
4,92.6,83.1,0.8974082073434125
6,151.75,131.75,0.8682042833607908
6,132.5,116.35,0.8781132075471698
2,170.75,155.45,0.9103953147877013
2,207.05,179.6,0.8674233276986235
10,157.1,140.7,0.8956078930617442
10,74.45,66.8,0.8972464741437206
6,169.0,151.2,0.8946745562130177
8,131.65,119.5,0.9077098366881884
6,142.0,119.05,0.8383802816901409
6,167.3,146.25,0.874178123132098
8,195.7,178.25,0.9108329075114971
4,108.05,97.05,0.8981952799629801
4,147.1,133.1,0.9048266485384092
4,111.85,98.3,0.8788556101922217
4,156.8,147.3,0.9394132653061225
4,113.75,93.35,0.8206593406593407
2,78.35,73.2,0.9342693044033185
2,182.95,163.8,0.8953265919650177
2,176.35,155.75,0.8831868443436348
8,100.75,85.35,0.8471464019851117
4,88.3,76.6,0.8674971687429218
10,128.8,99.05,0.7690217391304348
8,128.85,114.95,0.8921226232052775
4,125.6,111.25,0.8857484076433121
12,148.05,126.9,0.8571428571428571
2,108.95,97.7,0.8967416245984396
8,57.75,50.45,0.8735930735930736
8,132.95,111.75,0.8405415569763068
2,78.15,68.6,0.8777991042866283
8,55.4,44.2,0.7978339350180506
4,173.95,152.3,0.8755389479735556
14,70.2,60.7,0.8646723646723646
8,82.1,67.5,0.8221680876979294
10,168.4,142.45,0.8459026128266033
2,119.25,100.95,0.8465408805031447
4,181.15,167.25,0.9232680099365167
6,100.3,84.1,0.8384845463609173
2,236.8,209.8,0.8859797297297297
8,168.5,151.4,0.8985163204747775
4,109.1,93.85,0.8602199816681944
8,69.7,59.95,0.8601147776183644
8,143.8,121.3,0.8435326842837274
6,66.45,59.25,0.891647855530474
4,171.5,159.4,0.9294460641399417
8,120.5,100.05,0.8302904564315353
4,98.35,89.4,0.9089984748347738
6,156.2,137.35,0.8793213828425096
6,124.35,113.1,0.9095295536791315
4,202.55,185.95,0.9180449271784744
0,152.3,140.45,0.9221930400525279
2,201.8,187.9,0.9311199207135779
2,141.1,127.65,0.904677533664068
4,89.7,74.95,0.8355629877369007
4,251.1,221.2,0.8809239346873755
0,234.2,213.8,0.9128949615713066
8,161.95,137.55,0.8493362148811362
2,198.2,179.1,0.9036326942482341
0,106.8,102.5,0.9597378277153558
4,228.75,194.5,0.8502732240437159
10,351.5,291.9,0.8304409672830726
2,234.75,207.1,0.8822151224707135
12,164.35,136.4,0.8299361119561911
6,159.7,141.55,0.8863494051346275
12,157.95,138.4,0.8762266540044318
8,256.65,219.8,0.8564192480031171
6,80.95,72.2,0.8919085855466338
2,201.5,184.0,0.913151364764268
0,364.9,320.5,0.8783228281721019
2,92.65,83.2,0.8980032379924446
10,42.4,35.6,0.839622641509434
4,204.6,190.0,0.9286412512218963
6,126.05,117.6,0.9329631098770329
4,54.5,46.3,0.8495412844036697
4,117.05,98.6,0.8423750533959846
8,160.6,143.15,0.8913449564134496
2,215.4,201.95,0.9375580315691736
2,191.9,174.25,0.9080250130276185
8,62.45,51.8,0.8294635708566853
2,120.65,109.95,0.9113137173642768
2,121.8,110.45,0.9068144499178982
8,179.35,152.8,0.8519654307220519
8,127.45,112.25,0.8807375441349549
4,123.35,110.85,0.8986623429266315
8,101.2,85.45,0.8443675889328063
14,85.55,71.15,0.831677381648159
6,56.3,48.1,0.8543516873889876
8,79.5,68.95,0.8672955974842768
12,78.85,63.0,0.7989854153455929
4,69.8,62.2,0.8911174785100286
6,96.4,82.35,0.854253112033195
2,126.75,117.3,0.9254437869822485
8,48.9,42.35,0.8660531697341514
4,104.7,94.95,0.9068767908309455
12,85.65,68.55,0.8003502626970228
8,145.75,125.4,0.8603773584905661
6,155.7,136.9,0.8792549775208734
12,156.25,129.7,0.83008
8,154.05,132.65,0.8610840636157092
6,219.1,198.85,0.9075764491099955
4,206.4,188.4,0.9127906976744186
8,97.25,87.2,0.8966580976863753
16,49.45,38.2,0.7724974721941354
