rf,total_quartet,correct_quartet,correct_prop
6,202.05,178.85,0.8851769364018808
8,146.3,125.8,0.859876965140123
2,104.4,98.7,0.9454022988505747
4,182.3,163.4,0.8963247394404827
10,115.75,97.15,0.8393088552915767
6,132.75,116.85,0.880225988700565
4,241.65,211.8,0.8764742396027312
2,72.4,64.6,0.8922651933701657
10,191.45,160.8,0.8399059806738052
4,117.4,98.85,0.8419931856899489
6,91.45,77.1,0.8430836522689995
6,217.25,192.9,0.8879171461449943
2,115.3,105.95,0.9189071986123157
2,90.35,75.1,0.8312119535141118
10,45.4,37.85,0.8337004405286343
12,106.5,93.85,0.8812206572769953
4,130.65,116.25,0.8897818599311137
10,210.65,182.4,0.8658912888677902
8,151.85,129.35,0.8518274613105038
6,220.2,196.35,0.8916893732970027
6,69.35,57.0,0.821917808219178
6,199.5,171.65,0.8604010025062656
6,176.6,158.2,0.8958097395243488
6,148.9,127.75,0.8579583613163196
12,166.65,136.75,0.8205820582058205
4,89.0,75.4,0.8471910112359551
2,149.4,128.2,0.85809906291834
2,274.3,241.35,0.8798760481224936
8,137.15,120.75,0.8804228946409042
4,121.6,107.3,0.8824013157894737
4,89.7,79.75,0.8890746934225195
4,162.6,140.5,0.8640836408364083
2,184.05,159.4,0.8660690029883183
10,189.0,160.55,0.8494708994708995
6,73.1,62.15,0.8502051983584131
2,215.3,184.2,0.8555503947979564
6,104.1,92.25,0.8861671469740634
8,222.15,188.7,0.849426063470628
10,127.95,110.35,0.8624462680734662
4,197.0,167.9,0.8522842639593908
2,120.65,113.2,0.938251139660174
0,115.9,107.45,0.9270923209663503
0,207.7,190.75,0.9183919114106885
8,224.8,193.7,0.8616548042704626
4,186.2,166.6,0.8947368421052632
6,105.8,95.85,0.9059546313799622
6,74.95,66.25,0.8839226150767178
8,111.25,95.45,0.8579775280898876
4,83.1,76.6,0.9217809867629362
0,369.95,327.15,0.8843086903635626
14,194.05,165.75,0.8541612986343726
0,124.2,115.9,0.9331723027375202
6,172.45,144.9,0.8402435488547405
4,188.05,170.5,0.9066737569795267
4,112.3,101.5,0.9038290293855743
2,90.6,79.55,0.8780353200883002
8,178.7,155.5,0.8701734750979295
10,98.25,78.5,0.7989821882951654
4,216.85,190.15,0.8768734148028591
8,58.3,49.85,0.8550600343053173
10,179.7,157.25,0.8750695603784084
2,172.1,155.6,0.9041255084253341
6,193.3,167.95,0.8688566994309364
6,120.2,104.8,0.8718801996672213
6,187.7,163.1,0.8689397975492807
6,147.85,127.5,0.8623605005072709
2,278.3,246.15,0.8844771828961552
8,127.05,109.65,0.8630460448642266
4,277.4,242.8,0.875270367700072
4,219.95,190.25,0.8649693112070925
6,94.65,82.2,0.8684627575277337
6,229.6,200.7,0.8741289198606271
2,178.4,159.15,0.8920964125560538
6,136.7,118.6,0.8675932699341624
16,194.1,163.3,0.8413189077794951
8,118.7,103.05,0.8681550126368998
8,82.25,71.95,0.8747720364741641
8,174.75,144.95,0.8294706723891273
4,222.65,196.1,0.8807545474960701
10,118.4,96.9,0.8184121621621622
8,316.55,283.05,0.8941715368820091
4,237.2,209.55,0.8834317032040472
2,165.6,144.05,0.8698671497584541
2,266.95,240.9,0.9024161828057689
8,191.8,170.65,0.8897288842544318
6,237.3,206.9,0.8718921196797303
10,114.4,98.15,0.8579545454545454
6,137.8,124.5,0.9034833091436865
2,252.75,218.85,0.8658753709198813
6,112.85,103.35,0.9158174568010634
4,105.85,98.1,0.9267831837505904
6,111.2,101.65,0.9141187050359713
12,136.5,116.75,0.8553113553113553
6,67.2,54.95,0.8177083333333334
10,124.75,104.2,0.8352705410821644
6,158.75,140.0,0.8818897637795275
4,104.85,92.55,0.882689556509299
0,192.3,172.75,0.8983359334373375
6,132.85,112.4,0.8460669928490779
2,206.65,183.2,0.8865231067021534
10,92.0,73.8,0.8021739130434783
2,319.75,278.35,0.8705238467552776
4,209.25,187.7,0.8970131421744325
10,117.75,103.4,0.8781316348195329
6,147.9,130.85,0.8847194050033806
2,93.4,87.9,0.9411134903640257
0,171.9,153.35,0.8920884235020361
4,189.45,169.8,0.8962787015043547
4,141.0,117.5,0.8333333333333334
2,130.9,121.0,0.9243697478991597
2,119.7,108.25,0.904344193817878
6,86.25,73.0,0.8463768115942029
10,92.15,75.6,0.8204015192620727
8,80.45,69.65,0.8657551274083282
6,208.5,180.45,0.8654676258992806
2,268.9,243.95,0.9072145779100037
4,144.3,128.55,0.8908523908523909
4,130.05,117.65,0.9046520569011919
8,70.7,63.4,0.8967468175388967
6,181.55,156.1,0.8598182318920408
6,129.0,109.0,0.8449612403100775
4,174.25,152.5,0.8751793400286944
8,236.45,204.85,0.8663565235779235
8,152.75,128.75,0.8428805237315876
6,75.0,63.45,0.846
4,132.8,121.35,0.9137801204819277
10,165.75,135.6,0.8180995475113122
6,129.5,111.45,0.8606177606177606
0,120.85,102.6,0.8489863467107985
2,225.6,203.35,0.9013741134751773
6,90.45,73.35,0.8109452736318408
4,176.4,155.7,0.8826530612244898
2,119.35,103.0,0.8630079597821533
4,144.35,124.4,0.861794250086595
2,146.45,126.9,0.8665073403892113
4,80.35,71.1,0.8848786558805227
6,140.0,120.7,0.8621428571428571
2,149.25,128.5,0.8609715242881072
4,97.65,88.15,0.9027137736815156
2,79.4,69.65,0.8772040302267002
10,73.9,61.95,0.8382949932341002
2,60.4,54.8,0.9072847682119205
0,205.55,192.85,0.9382145463390903
6,122.1,110.25,0.902948402948403
16,55.85,46.6,0.8343777976723367
4,274.15,238.35,0.8694145540762357
4,186.2,158.45,0.8509667024704619
10,65.9,56.55,0.8581183611532626
0,243.45,223.5,0.9180529882932841
6,145.85,122.45,0.8395611930065136
6,159.5,145.4,0.9115987460815047
8,164.75,142.6,0.8655538694992413
2,226.4,205.65,0.9083480565371025
8,191.2,164.8,0.8619246861924686
6,167.95,147.1,0.8758559094968741
8,68.25,63.4,0.928937728937729
4,168.65,154.95,0.9187666765490661
4,189.05,173.8,0.9193335096535308
2,212.95,191.1,0.8973937544024418
8,82.0,72.95,0.8896341463414634
2,304.6,256.1,0.8407747866053841
10,188.5,169.45,0.8989389920424403
4,214.05,185.3,0.8656855874795608
2,129.95,115.65,0.889957676029242
4,219.25,194.15,0.8855188141391106
2,128.65,113.2,0.879906723668869
4,207.25,184.85,0.8919179734620024
8,154.85,127.4,0.8227316758153052
4,132.75,112.2,0.8451977401129943
6,96.2,84.95,0.8830561330561331
12,171.35,142.2,0.8298803618325066
6,120.4,102.95,0.8550664451827242
6,147.0,128.0,0.8707482993197279
8,159.65,135.55,0.8490447854682117
8,88.5,73.55,0.8310734463276837
4,125.65,110.0,0.8754476721050537
6,177.0,158.2,0.8937853107344633
4,164.3,143.95,0.8761412051125989
12,59.25,50.35,0.849789029535865
4,83.95,72.2,0.8600357355568791
8,165.35,138.55,0.8379195645600241
4,89.0,78.8,0.8853932584269663
2,143.45,119.15,0.8306029975601255
4,163.65,150.75,0.921173235563703
10,137.8,125.25,0.9089259796806967
4,117.75,104.95,0.8912951167728238
0,274.65,243.95,0.8882213726561078
6,83.95,71.55,0.8522930315664086
4,102.95,90.65,0.8805245264691598
4,97.6,86.3,0.8842213114754098
4,161.55,145.4,0.9000309501702259
4,161.5,138.25,0.8560371517027864
10,181.75,157.65,0.8674002751031636
16,86.95,72.85,0.8378378378378378
6,171.0,149.5,0.8742690058479532
0,167.45,153.5,0.9166915497163333
6,184.9,157.0,0.8491076257436452
6,83.05,71.7,0.8633353401565322
2,202.7,177.05,0.8734583127775037
10,45.65,41.1,0.9003285870755751
2,177.9,160.8,0.9038785834738617
8,188.05,161.7,0.859877692103164
4,121.8,108.5,0.8908045977011494
6,109.75,97.65,0.889749430523918
10,148.4,125.85,0.8480458221024259
4,76.5,66.6,0.8705882352941177
4,161.65,143.35,0.8867924528301887
2,134.2,113.25,0.8438897168405365
0,224.7,198.6,0.8838451268357811
6,72.55,66.3,0.9138525155065472
14,95.95,79.1,0.8243877019280875
0,244.5,225.35,0.9216768916155419
4,231.95,205.4,0.8855356757921966
8,157.65,129.6,0.8220742150333016
6,131.35,115.0,0.8755234107346783
2,133.85,119.65,0.8939110945087785
6,200.95,170.0,0.8459815874595671
6,141.55,132.5,0.9360649947015189
8,73.6,62.15,0.8444293478260869
4,48.15,38.6,0.8016614745586709
6,119.45,102.05,0.8543323566345752
2,289.3,250.8,0.8669201520912547
4,139.75,125.65,0.8991055456171735
10,211.85,189.3,0.8935567618598065
0,195.8,178.55,0.9118998978549541
4,105.85,92.15,0.8705715635333019
4,209.0,193.95,0.9279904306220096
8,183.5,165.2,0.9002724795640327
4,200.6,174.95,0.8721335992023929
10,90.9,70.75,0.7783278327832783
8,86.65,72.15,0.8326601269474899
2,61.95,54.8,0.8845843422114609
4,300.9,271.4,0.9019607843137255
0,122.9,106.4,0.8657445077298617
4,101.35,88.3,0.871238283177109
4,139.8,124.35,0.8894849785407726
6,75.5,63.5,0.8410596026490066
4,60.2,53.9,0.8953488372093024
4,127.75,114.35,0.8951076320939335
0,107.9,99.85,0.9253938832252085
2,212.15,192.2,0.905962762196559
6,136.8,119.5,0.8735380116959064
4,235.5,208.55,0.8855626326963907
8,127.75,108.05,0.8457925636007828
6,158.3,139.9,0.8837650031585597
4,170.25,146.7,0.8616740088105727
10,115.3,101.15,0.8772766695576756
4,150.7,132.7,0.880557398805574
4,42.55,37.2,0.8742655699177438
6,93.85,78.6,0.8375066595631326
8,134.8,113.95,0.8453264094955489
4,182.6,160.7,0.880065717415115
6,117.3,105.2,0.896845694799659
10,144.1,124.8,0.8660652324774463
6,130.35,112.8,0.8653624856156502
10,92.05,73.2,0.795219989136339
4,142.8,127.35,0.8918067226890757
6,276.3,245.75,0.8894317770539268
6,145.75,130.65,0.8963979416809605
4,91.2,81.6,0.8947368421052632
10,100.2,81.9,0.8173652694610778
8,169.75,148.65,0.875699558173785
8,131.1,112.6,0.858886346300534
10,191.85,170.6,0.8892363825905656
6,308.3,266.25,0.8636068764190723
10,136.7,118.85,0.8694220921726408
8,261.15,217.4,0.832471759525177
4,79.7,71.2,0.8933500627352572
4,239.2,215.55,0.9011287625418061
10,201.75,174.5,0.8649318463444857
2,187.3,168.8,0.9012279765082755
8,125.1,107.6,0.8601119104716227
0,214.35,183.35,0.8553767203172382
10,184.45,152.9,0.8289509352127948
6,186.85,155.15,0.8303451966818304
4,217.7,186.9,0.8585209003215434
6,134.05,116.1,0.86609474076837
6,217.45,198.6,0.9133134053805473
8,197.55,171.2,0.8666160465704885
4,195.0,170.65,0.8751282051282051
6,128.45,111.1,0.8649279875437914
2,161.35,143.7,0.890610474124574
4,65.05,56.25,0.8647194465795542
4,273.15,238.05,0.871499176276771
6,231.7,197.35,0.8517479499352612
2,269.05,241.3,0.8968593198290281
4,161.85,142.1,0.8779734321902997
8,162.2,144.0,0.8877928483353884
8,117.9,103.55,0.8782866836301951
4,230.35,207.3,0.8999348817017582
6,91.25,82.5,0.9041095890410958
2,107.45,93.1,0.8664495114006515
0,254.5,232.5,0.9135559921414538
2,222.65,199.3,0.8951268807545475
0,301.7,277.2,0.9187935034802784
8,96.8,82.25,0.8496900826446281
2,86.4,73.4,0.8495370370370371
4,232.25,206.1,0.8874058127018299
6,144.3,126.05,0.8735273735273735
8,174.3,149.25,0.8562822719449226
6,122.2,108.55,0.8882978723404256
2,175.45,160.5,0.91479053861499
6,125.25,108.1,0.8630738522954092
2,272.9,248.25,0.9096738732136314
2,97.6,88.55,0.9072745901639344
12,103.35,89.6,0.8669569424286405
8,173.0,152.2,0.8797687861271676
8,141.35,123.15,0.871241598868058
8,210.2,181.95,0.865604186489058
10,121.55,104.05,0.8560263266145619
0,158.8,142.55,0.8976700251889169
6,165.1,152.5,0.9236826165960024
0,203.6,180.85,0.8882612966601179
2,201.1,181.0,0.9000497265042268
4,133.4,118.65,0.8894302848575713
10,105.3,87.75,0.8333333333333334
6,253.4,218.65,0.8628650355169692
4,82.85,73.4,0.8859384429692215
6,174.8,152.8,0.8741418764302059
2,112.4,100.15,0.8910142348754448
4,141.6,126.4,0.8926553672316384
12,60.6,49.3,0.8135313531353136
2,100.05,91.45,0.9140429785107447
4,186.7,168.35,0.9017139796464917
4,213.0,186.35,0.8748826291079812
2,109.85,98.2,0.8939462903959945
4,92.75,79.35,0.8555256064690027
10,55.35,46.0,0.8310749774164409
6,181.05,157.4,0.8693731013532173
4,212.95,191.3,0.8983329420051656
10,165.9,152.35,0.9183242917420132
2,103.4,93.95,0.9086073500967118
10,87.9,71.8,0.8168373151308305
4,236.75,209.5,0.8848996832101372
8,77.6,69.0,0.8891752577319587
10,98.45,84.8,0.8613509395632301
8,139.1,123.05,0.8846153846153846
2,171.2,154.05,0.8998247663551402
6,235.3,203.65,0.8654908627284318
8,116.05,103.55,0.8922878069797501
6,170.55,148.3,0.8695397244209909
8,86.35,73.65,0.8529241459177765
2,92.25,79.75,0.8644986449864499
2,93.65,79.0,0.8435664709022958
6,216.65,195.0,0.9000692360950843
0,204.3,186.45,0.9126284875183553
4,244.35,218.9,0.8958461223654594
6,107.5,94.6,0.88
2,101.75,91.35,0.8977886977886977
6,188.65,169.85,0.9003445534057779
8,75.15,63.7,0.8476380572188955
4,144.75,129.25,0.8929188255613126
4,74.9,67.45,0.9005340453938585
2,235.15,201.4,0.8564745906867957
4,84.5,76.35,0.9035502958579882
8,103.15,84.9,0.8230731943771207
2,149.0,132.6,0.8899328859060402
4,154.5,140.0,0.9061488673139159
4,312.8,271.3,0.8673273657289002
0,127.5,114.35,0.8968627450980392
6,241.8,209.95,0.8682795698924731
10,58.55,47.85,0.8172502134927413
12,77.25,66.4,0.859546925566343
6,275.95,249.15,0.9028809566950534
4,220.05,196.2,0.8916155419222904
4,126.6,109.45,0.8645339652448657
4,123.45,104.25,0.8444714459295262
6,97.1,81.1,0.835221421215242
6,129.25,107.55,0.8321083172147002
2,182.8,158.25,0.8657002188183808
8,148.95,134.05,0.8999664316884861
4,89.25,82.8,0.9277310924369748
0,191.45,179.1,0.935492295638548
2,162.5,148.1,0.9113846153846153
2,232.35,194.0,0.8349472778136432
8,244.55,202.45,0.8278470660396647
4,177.8,156.95,0.8827334083239595
2,203.4,186.5,0.9169124877089478
8,89.15,75.65,0.8485698261357263
2,184.9,165.05,0.892644672796106
4,160.55,142.25,0.8860168171909063
2,198.5,176.85,0.8909319899244332
6,86.65,74.85,0.8638199653779572
6,81.05,73.2,0.9031462060456509
6,145.65,131.15,0.9004462753175421
8,112.4,97.4,0.8665480427046264
10,147.8,130.3,0.881596752368065
6,152.7,138.25,0.9053700065487885
2,216.1,194.95,0.9021286441462286
8,174.3,146.0,0.8376362593230063
12,37.7,31.95,0.8474801061007957
4,183.9,163.05,0.8866231647634584
2,149.55,134.15,0.8970244065529923
4,249.8,213.4,0.8542834267413931
6,164.2,141.45,0.8614494518879415
2,204.15,183.95,0.9010531471956894
2,166.65,141.25,0.8475847584758476
4,28.8,24.0,0.8333333333333334
4,77.1,72.0,0.933852140077821
2,114.5,99.75,0.87117903930131
4,131.45,112.15,0.8531761125903385
2,85.4,74.0,0.8665105386416861
4,200.85,177.7,0.884739855613642
6,227.95,207.2,0.9089712656284273
6,229.2,204.35,0.8915794066317626
0,134.4,125.8,0.9360119047619048
6,140.95,123.65,0.8772614402270309
2,170.15,154.75,0.9094916250367323
6,128.5,110.85,0.8626459143968872
10,177.85,156.0,0.8771436603879674
4,127.1,117.8,0.926829268292683
6,219.2,187.5,0.8553832116788321
4,169.95,150.15,0.883495145631068
6,304.6,263.7,0.8657255416940249
2,104.4,92.75,0.8884099616858238
8,61.35,55.25,0.9005704971475142
4,148.75,128.1,0.8611764705882353
2,138.9,121.85,0.8772498200143989
10,131.5,116.3,0.8844106463878327
4,192.65,173.3,0.8995587853620556
8,100.65,89.95,0.8936910084451068
4,133.05,125.6,0.9440060127771515
2,38.5,35.0,0.9090909090909091
4,139.9,120.0,0.8577555396711937
2,195.25,177.55,0.9093469910371319
4,66.3,57.8,0.8717948717948718
6,36.25,33.55,0.9255172413793104
6,130.15,116.2,0.8928159815597387
6,171.85,153.35,0.8923479778876927
10,76.45,64.4,0.842380640941792
10,108.2,96.1,0.8881700554528651
6,135.4,118.9,0.878138847858198
4,163.4,140.9,0.8623011015911872
4,79.1,69.05,0.8729456384323641
8,54.3,49.2,0.9060773480662984
4,202.0,177.2,0.8772277227722772
8,174.3,147.65,0.8471026965002869
4,170.05,153.05,0.9000294031167304
6,175.9,164.5,0.9351904491188175
6,92.45,76.4,0.826392644672796
2,140.95,124.3,0.8818730046115644
2,71.3,63.15,0.8856942496493688
0,211.85,186.6,0.8808118952088742
4,176.45,151.2,0.8568999716633607
0,151.15,140.0,0.926232219649355
4,196.6,171.45,0.8720752797558494
0,100.9,86.6,0.8582755203171457
4,85.6,77.95,0.9106308411214953
6,87.35,74.1,0.8483113909559244
2,183.6,165.3,0.9003267973856209
2,131.05,118.55,0.904616558565433
2,102.6,94.05,0.9166666666666666
2,117.4,106.5,0.9071550255536627
4,191.85,162.5,0.8470158978368517
4,130.5,112.7,0.8636015325670499
10,232.95,197.65,0.8484653359089933
6,182.5,162.25,0.8890410958904109
6,227.2,202.9,0.8930457746478874
8,198.1,174.95,0.8831398283695103
4,210.7,186.15,0.8834836260085429
4,76.35,68.85,0.9017681728880157
8,134.45,116.55,0.8668650055782819
4,166.3,143.8,0.8647023451593505
12,138.3,118.9,0.8597252349963846
10,103.7,91.4,0.8813886210221794
10,36.35,28.7,0.7895460797799174
2,291.45,258.8,0.8879739234860182
6,163.45,141.0,0.8626491281737534
8,170.15,144.95,0.8518953864237437
8,157.75,136.1,0.8627575277337559
8,176.2,155.9,0.8847900113507378
6,157.1,141.3,0.8994271164863145
4,193.2,170.8,0.8840579710144928
8,190.0,170.35,0.896578947368421
4,130.95,113.5,0.8667430316914853
6,159.3,138.6,0.8700564971751412
2,131.2,119.55,0.911204268292683
4,80.05,69.45,0.8675827607745159
2,111.9,98.15,0.8771224307417337
6,114.7,102.0,0.8892763731473409
6,79.35,67.3,0.8481411468178954
2,146.35,133.25,0.9104885548343014
4,174.05,158.8,0.9123814995690893
4,106.6,96.8,0.9080675422138836
2,262.85,242.35,0.9220087502377782
4,290.85,264.55,0.9095753824995703
4,73.3,66.7,0.9099590723055935
4,134.35,118.55,0.8823967249720879
2,221.2,193.45,0.8745479204339964
2,262.25,236.0,0.899904671115348
8,129.35,107.7,0.8326246617703904
4,138.4,124.1,0.8966763005780347
8,206.5,184.95,0.8956416464891042
0,200.25,181.5,0.9063670411985019
6,166.6,144.5,0.8673469387755102
6,157.2,139.45,0.8870865139949109
6,148.7,133.2,0.8957632817753867
4,186.35,159.35,0.8551113496109471
4,103.6,86.9,0.8388030888030888
2,140.0,116.4,0.8314285714285714
8,137.05,118.9,0.8675665815395841
8,91.9,84.45,0.9189336235038085
2,261.55,239.75,0.9166507359969414
0,178.55,161.1,0.9022682721926631
14,61.05,51.3,0.8402948402948403
4,200.1,185.15,0.9252873563218391
4,223.0,193.7,0.8686098654708521
4,256.05,226.75,0.8855692247607889
12,48.75,40.1,0.8225641025641026
4,53.0,45.75,0.8632075471698113
8,141.85,127.45,0.8984843144166373
2,114.95,102.4,0.8908220965637234
4,144.0,130.85,0.9086805555555556
12,136.3,115.25,0.8455612619222304
2,124.25,110.95,0.8929577464788733
8,105.25,95.05,0.9030878859857482
6,116.2,105.45,0.907487091222031
8,145.4,118.45,0.8146492434662999
2,124.7,116.55,0.9346431435445068
12,104.8,83.35,0.795324427480916
4,209.35,191.35,0.9140195844279914
2,261.65,225.05,0.8601184788840054
8,123.95,110.85,0.8943122226704316
4,147.3,129.65,0.8801765105227427
10,253.0,210.85,0.833399209486166
6,251.85,210.6,0.836212030970816
6,79.5,68.2,0.8578616352201258
6,335.2,294.95,0.8799224343675418
2,265.75,226.85,0.8536218250235184
2,37.7,32.85,0.8713527851458885
4,160.7,138.2,0.8599875544492844
6,172.15,152.05,0.8832413592796979
4,106.25,99.95,0.9407058823529412
2,129.0,113.45,0.8794573643410852
2,117.85,109.2,0.9266016122189223
2,169.4,152.1,0.897874852420307
6,156.4,126.65,0.8097826086956522
4,83.1,75.8,0.9121540312876053
6,165.5,142.75,0.8625377643504532
10,127.15,110.95,0.8725914274478962
10,221.25,196.0,0.8858757062146893
6,124.9,106.3,0.8510808646917534
0,240.6,220.4,0.9160432252701579
4,119.05,100.95,0.8479630407391853
4,232.5,200.45,0.8621505376344086
10,310.55,273.6,0.8810175495089357
4,123.95,112.95,0.9112545381202097
2,125.25,112.3,0.8966067864271458
2,190.95,168.7,0.8834773500916471
4,140.85,122.55,0.8700745473908413
10,214.4,180.0,0.8395522388059702
2,244.1,223.45,0.9154035231462515
10,123.1,97.85,0.7948822095857027
2,230.25,213.95,0.9292073832790445
6,247.4,212.5,0.8589329021827001
4,118.9,107.85,0.9070647603027755
0,159.9,144.4,0.9030644152595372
6,152.0,131.4,0.8644736842105263
6,113.1,102.55,0.9067197170645447
6,168.25,140.1,0.8326894502228827
4,90.1,78.5,0.8712541620421753
4,122.85,108.6,0.884004884004884
8,200.4,176.2,0.8792415169660679
4,170.0,152.55,0.8973529411764706
10,179.95,146.75,0.8155043067518756
4,184.9,169.35,0.9159004867495943
6,168.4,141.45,0.8399643705463183
4,85.95,74.2,0.8632926119837114
8,120.1,97.95,0.8155703580349709
0,100.2,90.4,0.9021956087824351
6,48.15,41.6,0.8639667705088265
0,137.0,126.65,0.9244525547445256
12,48.25,41.15,0.8528497409326425
6,99.7,85.25,0.8550651955867603
6,211.85,177.65,0.8385650224215246
8,42.25,36.05,0.8532544378698225
12,145.2,124.2,0.8553719008264463
6,70.3,59.6,0.8477951635846372
14,102.0,84.15,0.825
8,80.55,67.95,0.8435754189944135
6,211.9,181.4,0.8560641812175555
8,83.45,74.75,0.895745955662073
4,105.25,92.45,0.8783847980997624
2,326.5,277.6,0.8502297090352221
4,265.8,237.5,0.8935289691497367
12,96.35,81.35,0.8443175921120913
4,113.05,94.6,0.8367978770455551
10,90.05,75.15,0.8345363686840644
12,174.95,150.05,0.8576736210345813
4,142.35,121.6,0.8542325254654022
4,206.15,181.65,0.8811544991511036
4,77.1,66.25,0.8592736705577172
0,170.8,158.65,0.9288641686182669
8,182.7,164.1,0.8981937602627258
8,105.8,86.3,0.8156899810964083
2,274.25,237.8,0.8670920692798542
4,147.6,127.85,0.8661924119241192
10,71.15,60.65,0.8524244553759662
14,140.5,113.45,0.8074733096085409
4,100.9,92.2,0.9137760158572844
2,179.95,167.7,0.9319255348707974
4,194.1,174.15,0.8972179289026275
0,199.15,179.5,0.901330655284961
6,64.7,57.25,0.884853168469861
8,59.3,50.35,0.8490725126475548
8,153.3,137.0,0.8936725375081539
4,164.9,147.8,0.8963007883565798
4,250.9,219.2,0.8736548425667596
2,80.1,71.95,0.8982521847690387
4,244.85,221.8,0.9058607310598326
8,107.25,97.35,0.9076923076923077
2,264.6,243.3,0.9195011337868481
6,117.75,103.55,0.8794055201698514
4,172.05,155.65,0.9046788724208079
4,105.1,88.85,0.8453853472882968
2,251.65,223.05,0.8863500894098947
4,89.95,79.45,0.8832684824902723
4,103.55,88.4,0.8536938676967648
2,134.3,122.2,0.909903201787044
12,87.35,74.95,0.8580423583285632
8,68.45,58.1,0.8487947406866326
6,62.95,56.0,0.8895949166004765
8,116.25,104.65,0.9002150537634409
12,86.6,70.0,0.8083140877598153
10,50.5,41.35,0.8188118811881188
8,151.8,127.6,0.8405797101449275
12,195.45,172.25,0.8812995651061653
2,218.4,191.8,0.8782051282051282
10,141.15,118.75,0.8413035777541622
4,210.85,183.6,0.8707612046478539
0,248.05,229.05,0.9234025398105221
6,126.75,112.4,0.886785009861933
10,139.2,122.65,0.8811063218390804
4,168.5,152.1,0.9026706231454006
4,52.05,44.6,0.8568683957732949
2,122.0,109.45,0.8971311475409836
6,236.65,212.95,0.8998521022607225
4,120.6,106.6,0.8839137645107794
4,190.85,175.35,0.9187843856431752
6,154.7,137.6,0.8894634776987718
10,48.4,37.7,0.7789256198347108
4,123.65,103.5,0.8370400323493732
2,193.65,177.25,0.9153111283242964
4,143.05,127.55,0.8916462775253408
4,241.55,211.95,0.8774580832125853
6,70.45,60.55,0.8594748048261178
6,196.05,165.7,0.8451925529201735
6,124.05,109.85,0.8855300282144297
6,134.6,111.2,0.826151560178306
6,133.9,116.2,0.8678117998506348
4,385.05,335.05,0.8701467341903649
10,160.9,134.15,0.8337476693598508
8,72.5,60.9,0.84
16,58.4,46.6,0.797945205479452
6,107.5,97.4,0.906046511627907
8,175.6,153.25,0.8727220956719818
8,139.9,119.1,0.8513223731236598
2,132.2,113.85,0.8611951588502269
2,113.35,99.05,0.8738420820467578
4,127.7,107.2,0.8394675019577134
8,214.25,187.7,0.8760793465577597
4,122.8,109.5,0.8916938110749185
2,214.0,191.75,0.8960280373831776
2,204.7,185.35,0.9054714215925745
10,112.85,95.15,0.8431546300398759
6,134.95,115.4,0.855131530196369
2,157.0,146.75,0.9347133757961783
4,237.35,213.0,0.8974088898251528
6,210.75,183.9,0.8725978647686833
4,186.65,161.9,0.8673988748995446
8,35.55,29.15,0.819971870604782
6,246.55,216.0,0.8760900425877104
2,178.2,154.55,0.8672839506172839
6,161.25,143.25,0.8883720930232558
8,127.85,106.95,0.8365271802894017
6,156.95,144.1,0.9181267919719656
0,219.8,194.5,0.8848953594176524
4,260.85,238.2,0.9131684876365728
10,209.95,177.65,0.8461538461538461
8,157.45,134.35,0.8532867577008574
4,135.15,121.55,0.89937106918239
2,61.35,52.35,0.8533007334963325
8,199.85,178.3,0.8921691268451338
4,161.15,136.9,0.8495190816009929
0,418.4,383.75,0.9171845124282982
8,219.6,183.9,0.837431693989071
12,86.5,70.4,0.8138728323699422
12,195.25,160.75,0.8233034571062741
8,108.15,96.05,0.8881183541377716
4,176.0,163.1,0.9267045454545455
2,216.85,197.9,0.9126124048881715
6,161.45,137.15,0.8494890058841746
8,121.7,111.6,0.9170090386195563
6,56.2,45.45,0.8087188612099644
6,93.2,82.3,0.8830472103004292
4,262.85,217.95,0.8291801407646947
6,152.85,136.8,0.8949950932286556
2,174.5,162.75,0.9326647564469914
8,184.35,161.9,0.8782207756983997
16,72.5,60.35,0.8324137931034483
2,197.4,166.35,0.8427051671732523
0,148.15,132.6,0.8950388120148498
10,137.35,118.65,0.8638514743356389
12,31.75,25.85,0.8141732283464567
4,169.1,154.95,0.9163217031342401
6,234.35,203.3,0.8675058672925112
10,65.65,55.8,0.84996191926885
4,243.5,208.25,0.8552361396303901
14,42.85,32.9,0.7677946324387398
4,202.2,178.05,0.8805637982195845
2,66.45,58.25,0.8765989465763732
6,140.2,123.35,0.8798145506419401
4,187.95,170.45,0.9068901303538175
6,176.6,156.4,0.8856172140430351
4,272.95,246.2,0.9019967026928009
4,220.65,197.3,0.8941762973034217
2,131.8,122.6,0.9301972685887708
0,133.2,122.05,0.9162912912912913
2,114.35,101.15,0.884564932225623
6,182.8,159.6,0.8730853391684902
8,177.85,148.65,0.835816699465842
6,234.75,200.4,0.8536741214057508
4,221.9,199.3,0.8981523208652546
2,153.35,135.3,0.8822954026736224
4,140.6,125.6,0.8933143669985776
12,161.3,129.55,0.8031618102913826
6,196.3,170.0,0.8660213958227203
0,75.8,64.95,0.8568601583113457
4,134.8,116.6,0.8649851632047477
4,97.45,85.3,0.8753206772703951
2,131.9,116.0,0.8794541319181198
2,201.15,181.45,0.9020631369624659
2,170.25,154.35,0.9066079295154185
10,70.85,61.55,0.8687367678193366
6,138.95,123.45,0.8884490824037423
4,95.0,86.0,0.9052631578947369
8,119.7,106.25,0.8876357560568087
2,90.95,82.35,0.9054425508521166
6,97.85,86.3,0.8819621870209504
10,166.5,140.8,0.8456456456456456
6,49.5,42.15,0.8515151515151516
2,179.7,159.65,0.8884251530328325
6,182.35,163.85,0.8985467507540444
4,129.65,115.75,0.892788276128037
10,267.5,227.7,0.851214953271028
6,41.15,36.8,0.8942891859052248
2,72.85,67.2,0.9224433768016472
4,240.45,212.05,0.8818881264296111
10,157.35,132.4,0.8414362885287575
4,102.65,84.7,0.8251339503166099
8,43.5,36.4,0.8367816091954023
6,127.35,113.75,0.8932076953278367
10,272.05,234.7,0.8627090608344055
4,99.7,87.75,0.8801404212637913
8,121.9,103.1,0.8457752255947498
6,58.7,49.15,0.8373083475298126
2,140.65,124.65,0.8862424457874156
16,159.4,130.25,0.8171267252195734
6,144.1,126.65,0.8789035392088828
4,79.45,65.7,0.8269351793580868
6,73.6,61.2,0.8315217391304348
8,193.9,167.1,0.8617844249613202
6,223.4,183.45,0.8211727842435094
2,197.15,169.15,0.8579761602840477
10,163.3,146.65,0.8980404164115126
4,180.2,157.6,0.8745837957824639
6,167.85,149.0,0.8876973488233542
6,60.4,49.8,0.8245033112582781
6,137.05,122.1,0.8909157241882525
0,180.4,160.45,0.8894124168514412
8,112.65,98.1,0.8708388814913449
10,111.8,95.6,0.855098389982111
4,111.1,98.55,0.8870387038703871
6,137.35,125.55,0.9140880961048417
8,157.2,135.7,0.8632315521628499
6,118.5,100.3,0.8464135021097047
8,144.0,125.7,0.8729166666666667
4,127.5,113.1,0.8870588235294118
6,56.75,50.3,0.8863436123348017
6,102.45,87.9,0.8579795021961932
6,155.9,123.7,0.7934573444515716
8,222.55,193.2,0.8681195237025388
4,140.65,125.35,0.8912193387842161
6,97.5,87.2,0.8943589743589744
2,243.8,218.35,0.895611156685808
6,120.4,104.15,0.8650332225913622
4,127.0,107.45,0.8460629921259842
6,85.85,76.55,0.8916715200931858
8,98.65,82.0,0.8312214901165738
2,235.55,203.75,0.8649968159626407
2,158.25,140.15,0.8856240126382307
4,172.0,155.6,0.9046511627906977
4,143.25,129.45,0.9036649214659686
6,108.15,95.1,0.8793342579750347
6,236.6,214.25,0.9055367709213863
2,65.1,60.45,0.9285714285714286
2,237.85,213.6,0.898044986335926
4,121.4,109.65,0.9032125205930808
8,148.9,132.15,0.8875083948959033
4,208.4,184.4,0.8848368522072937
14,88.75,73.95,0.8332394366197183
2,133.1,126.5,0.9504132231404959
4,144.6,127.8,0.8838174273858921
10,132.65,116.9,0.8812664907651715
6,114.0,98.05,0.8600877192982456
6,101.25,89.5,0.8839506172839506
4,189.25,167.9,0.8871862615587847
2,161.6,138.75,0.8586014851485149
8,94.5,78.45,0.8301587301587302
4,181.4,159.35,0.8784454244762955
4,156.5,127.55,0.8150159744408946
4,59.1,54.6,0.9238578680203046
4,245.9,223.3,0.9080927206181375
14,149.3,122.5,0.8204956463496316
2,141.25,123.35,0.8732743362831858
4,95.5,83.95,0.8790575916230366
8,114.0,95.55,0.8381578947368421
4,116.8,103.25,0.8839897260273972
10,199.5,172.9,0.8666666666666667
4,143.3,129.05,0.9005582693649686
4,132.6,120.75,0.9106334841628959
0,191.95,176.2,0.9179473821307632
0,140.55,128.2,0.912130914265386
12,114.5,95.3,0.8323144104803494
10,147.75,125.45,0.8490693739424704
4,162.55,147.9,0.9098738849584743
4,144.9,134.9,0.9309868875086267
2,218.75,202.8,0.9270857142857143
2,98.55,86.85,0.8812785388127854
4,34.55,27.3,0.7901591895803184
8,220.25,198.65,0.9019296254256527
2,305.75,270.65,0.8852003270645953
10,122.3,101.85,0.8327882256745708
0,127.15,116.45,0.9158474243020055
4,131.15,113.2,0.8631338162409454
2,131.45,119.05,0.9056675542031191
6,120.75,103.4,0.8563146997929607
6,140.15,125.35,0.8943988583660364
6,73.65,61.0,0.8282416836388323
8,103.05,91.95,0.8922852983988355
6,167.3,151.05,0.9028690974297668
2,114.95,101.35,0.8816876903001305
8,46.75,38.25,0.8181818181818182
4,107.25,91.65,0.8545454545454545
2,94.8,84.55,0.8918776371308017
4,132.95,117.8,0.8860473862354269
8,76.8,63.95,0.8326822916666666
4,186.95,161.65,0.8646696977801551
4,167.75,146.35,0.8724292101341282
6,131.65,118.7,0.9016331181162173
2,58.15,53.75,0.9243336199484092
14,106.0,90.2,0.8509433962264151
2,145.55,127.8,0.8780487804878049
6,258.5,223.25,0.8636363636363636
6,153.25,139.25,0.9086460032626428
4,167.45,152.3,0.9095252314123619
4,134.8,115.8,0.8590504451038575
8,83.85,68.85,0.8211091234347049
2,315.95,271.75,0.8601044469061561
8,159.0,131.0,0.8238993710691824
2,150.6,128.3,0.851925630810093
4,177.0,155.5,0.8785310734463276
2,186.35,169.9,0.9117252481888919
4,130.7,111.5,0.8530986993114001
4,106.35,96.4,0.9064409967089798
4,197.25,180.0,0.9125475285171103
2,32.5,26.65,0.82
6,93.75,83.25,0.888
4,149.85,124.95,0.8338338338338338
0,96.95,86.3,0.890149561629706
2,333.85,290.2,0.8692526583795117
0,261.15,232.35,0.8897185525560023
0,236.95,210.6,0.8887951044524162
6,89.0,74.15,0.8331460674157304
2,135.75,121.8,0.8972375690607735
12,72.7,60.3,0.8294360385144429
2,126.2,111.15,0.8807448494453248
8,106.1,90.2,0.8501413760603205
6,54.6,49.15,0.9001831501831502
8,173.2,149.1,0.8608545034642032
12,74.9,63.0,0.8411214953271028
4,119.7,105.45,0.8809523809523809
10,134.3,116.45,0.8670886075949367
2,157.85,137.4,0.8704466265441875
8,166.05,145.8,0.8780487804878049
6,170.75,155.7,0.9118594436310395
4,185.8,158.6,0.8536060279870828
6,153.3,132.05,0.8613829093281148
6,99.1,82.0,0.82744702320888
10,99.1,83.9,0.8466195761856711
2,206.6,188.2,0.9109390125847048
6,54.3,49.55,0.9125230202578268
2,185.45,167.7,0.90428686977622
6,141.9,128.2,0.9034531360112755
4,129.05,113.35,0.8783417280123983
12,72.5,60.15,0.829655172413793
6,92.6,77.25,0.8342332613390929
8,183.45,161.35,0.8795312074134641
6,143.7,129.1,0.8983994432846207
12,138.05,112.35,0.8138355668236147
10,88.95,71.25,0.8010118043844857
6,112.1,99.75,0.8898305084745762
2,53.1,48.4,0.911487758945386
8,247.3,196.9,0.79619894864537
4,130.75,113.2,0.865774378585086
10,181.7,156.05,0.8588332416070446
8,73.4,58.55,0.797683923705722
2,94.5,85.55,0.9052910052910053
10,164.8,144.4,0.8762135922330098
6,163.1,148.45,0.9101778050275904
4,127.75,115.2,0.901761252446184
8,118.9,102.45,0.8616484440706476
10,90.9,75.55,0.8311331133113311
6,181.1,162.7,0.898398674765323
4,247.7,226.9,0.916027452563585
2,196.95,170.35,0.8649403401878649
6,107.6,94.8,0.8810408921933085
4,110.2,98.15,0.8906533575317604
10,34.3,27.4,0.7988338192419825
8,105.05,89.45,0.8514992860542598
6,86.65,72.7,0.8390075014425851
2,241.0,203.6,0.8448132780082988
2,109.25,97.3,0.8906178489702518
8,95.55,73.55,0.7697540554683412
6,268.1,244.4,0.9116001491980604
10,105.55,88.5,0.8384651823780199
0,175.75,162.65,0.9254623044096728
4,101.7,94.1,0.9252704031465093
2,168.45,147.8,0.8774116948649451
4,98.25,83.8,0.8529262086513995
6,116.85,104.8,0.8968763371844245
2,73.75,64.75,0.8779661016949153
8,170.75,146.55,0.8582723279648609
8,124.75,105.5,0.845691382765531
6,43.85,33.55,0.7651083238312428
10,88.4,77.8,0.8800904977375565
8,120.45,110.45,0.91697799916978
2,195.05,167.5,0.8587541655985644
0,139.15,112.6,0.809198706431908
4,96.9,85.65,0.8839009287925697
4,159.85,144.15,0.9017829214888958
8,72.1,62.4,0.8654646324549237
2,128.35,115.75,0.9018309310479159
8,118.3,97.3,0.8224852071005917
10,135.9,115.8,0.8520971302428256
2,175.3,161.8,0.9229891614375356
2,142.95,127.2,0.8898216159496327
2,116.45,98.7,0.8475740661227995
8,156.6,137.8,0.879948914431673
6,200.7,163.0,0.8121574489287494
4,195.6,177.25,0.9061860940695297
4,88.9,76.2,0.8571428571428571
2,174.1,149.0,0.8558299827685238
2,86.25,76.55,0.887536231884058
12,99.5,83.7,0.8412060301507538
10,194.2,166.9,0.8594232749742533
4,214.2,193.3,0.9024276377217554
10,223.8,199.25,0.8903038427167114
8,111.35,99.45,0.8931297709923665
4,159.4,137.85,0.8648055207026348
6,174.85,151.3,0.8653131255361739
4,122.0,111.95,0.9176229508196722
4,115.15,102.3,0.8884064264003474
10,97.5,81.85,0.8394871794871794
4,107.1,84.65,0.7903828197945845
2,208.7,182.7,0.8754192620987062
8,54.6,47.3,0.8663003663003663
8,80.2,70.8,0.8827930174563591
10,177.9,155.2,0.8724002248454188
2,280.75,250.4,0.8918967052537845
8,125.05,106.2,0.8492602958816473
4,173.6,154.1,0.8876728110599078
8,111.2,93.3,0.8390287769784173
2,171.85,152.95,0.890020366598778
10,301.35,263.3,0.8737348597975776
6,86.85,76.45,0.8802533103051238
4,62.45,54.65,0.8751000800640513
6,100.9,86.85,0.8607532210109019
8,208.35,183.2,0.8792896568274539
2,166.5,152.0,0.9129129129129129
2,165.8,148.15,0.893546441495778
0,129.35,116.65,0.9018167761886355
6,207.55,184.05,0.8867742712599374
6,90.65,77.7,0.8571428571428571
0,216.15,196.2,0.9077029840388618
4,184.45,165.6,0.897804283003524
8,113.15,93.3,0.824569155987627
0,132.2,122.2,0.924357034795764
4,72.75,65.9,0.9058419243986254
6,225.45,197.95,0.8780217343091594
4,91.1,78.1,0.8572996706915478
4,91.1,78.1,0.8572996706915478
2,189.4,172.75,0.912090813093981
8,164.4,141.55,0.8610097323600974
2,188.25,172.5,0.9163346613545816
2,181.05,169.5,0.9362054681027341
4,228.75,204.6,0.8944262295081967
4,103.5,88.35,0.8536231884057971
6,228.8,206.35,0.9018793706293706
2,121.55,109.65,0.9020979020979021
4,176.1,160.65,0.9122657580919932
4,152.05,137.2,0.9023347583031898
4,203.5,185.5,0.9115479115479116
2,209.85,183.25,0.8732427924708125
6,243.5,203.2,0.8344969199178645
6,180.2,163.4,0.9067702552719201
4,151.15,131.3,0.8686735031425736
4,201.6,182.05,0.9030257936507936
4,112.85,99.15,0.8785999113867966
4,111.1,97.1,0.873987398739874
4,62.6,51.1,0.8162939297124601
2,177.05,161.95,0.9147133578085287
8,172.6,152.1,0.8812282734646582
14,43.6,37.55,0.8612385321100917
4,71.1,60.3,0.8481012658227848
4,167.2,152.55,0.9123803827751196
2,109.0,93.6,0.8587155963302753
10,137.85,117.7,0.8538266231410954
6,70.8,61.45,0.8679378531073446
2,219.45,191.8,0.8740031897926634
2,131.85,117.25,0.8892681076981418
10,248.1,219.65,0.8853284965739621
6,101.2,89.8,0.8873517786561265
6,52.95,44.05,0.8319169027384324
0,118.9,110.05,0.9255677039529016
10,93.3,81.65,0.87513397642015
4,129.9,116.65,0.8979984603541186
4,132.8,116.2,0.875
4,153.8,140.25,0.9118985695708712
2,259.45,223.95,0.8631720948159568
4,311.85,270.85,0.8685265351932019
2,186.15,169.9,0.9127048079505775
4,128.05,115.1,0.8988676298320968
6,108.05,93.9,0.8690421101341971
6,179.55,162.65,0.9058758006126427
6,53.6,48.05,0.8964552238805971
2,74.8,66.25,0.8856951871657754
6,139.1,115.9,0.8332135154565061
6,127.25,110.55,0.868762278978389
6,167.4,148.05,0.8844086021505376
10,114.4,94.1,0.8225524475524476
10,208.05,183.4,0.8815188656572939
8,105.1,89.75,0.8539486203615604
4,217.55,199.6,0.9174902321305447
0,159.1,147.25,0.9255185417976116
2,230.5,204.75,0.8882863340563991
6,96.7,85.1,0.8800413650465356
4,99.0,87.4,0.8828282828282829
4,178.85,156.75,0.8764327648867767
10,153.15,139.75,0.9125040809663728
4,238.7,208.35,0.8728529534981148
6,76.1,60.9,0.8002628120893561
14,63.7,53.55,0.8406593406593407
8,125.55,112.5,0.8960573476702509
4,51.15,43.35,0.8475073313782991
8,142.85,127.2,0.8904445222261113
4,190.05,169.95,0.8942383583267561
4,103.1,86.25,0.8365664403491756
6,114.05,98.3,0.8619026742656729
4,341.75,318.95,0.9332845647403072
0,82.6,73.55,0.8904358353510896
6,79.8,70.5,0.8834586466165414
8,97.35,87.75,0.901386748844376
2,163.9,149.9,0.9145820622330689
6,133.0,109.65,0.8244360902255639
6,130.35,119.8,0.9190640583045646
6,287.9,246.1,0.8548106981590831
6,87.8,77.15,0.8787015945330297
8,154.7,129.85,0.8393665158371041
4,146.4,127.9,0.8736338797814208
4,122.95,109.7,0.8922326148840992
2,169.1,145.8,0.8622117090479007
6,159.35,142.05,0.8914339504235959
4,214.65,187.4,0.8730491497787095
4,121.55,106.85,0.879062114356232
4,122.8,109.05,0.8880293159609121
6,124.85,115.1,0.9219062875450541
2,121.8,108.55,0.8912151067323482
6,121.75,105.9,0.8698151950718686
4,158.9,144.65,0.9103209565764632
4,145.05,124.8,0.860392967942089
12,162.85,139.95,0.8593797973595333
2,102.9,93.25,0.9062196307094267
8,115.6,98.3,0.8503460207612457
16,125.9,101.6,0.806989674344718
10,171.95,146.95,0.8546088979354464
2,113.25,98.3,0.8679911699779249
2,184.75,167.65,0.9074424898511502
4,199.25,172.65,0.8664993726474278
0,72.9,65.5,0.8984910836762688
2,97.9,90.05,0.9198161389172625
16,52.85,43.35,0.8202459791863765
6,31.85,24.85,0.7802197802197802
0,262.75,227.0,0.8639391056137012
0,157.45,146.25,0.9288663067640521
0,123.55,112.15,0.9077296641036018
8,137.85,123.95,0.8991657598839318
2,55.2,46.5,0.842391304347826
10,99.0,89.1,0.9
4,129.2,106.35,0.8231424148606811
6,106.8,95.6,0.8951310861423221
2,207.2,169.25,0.8168436293436293
12,216.8,189.8,0.8754612546125461
2,146.8,134.05,0.9131471389645777
4,186.8,167.75,0.8980192719486081
6,159.9,139.2,0.8705440900562852
4,112.4,92.1,0.8193950177935944
8,189.05,161.05,0.8518910341179582
4,171.35,154.45,0.9013714619200467
6,118.6,101.8,0.8583473861720068
6,84.55,72.5,0.8574807806031933
4,52.85,46.55,0.8807947019867549
12,73.75,65.3,0.8854237288135594
4,108.8,91.05,0.8368566176470589
8,73.8,62.15,0.842140921409214
4,63.5,54.9,0.8645669291338582
8,68.65,61.95,0.9024034959941734
4,163.45,154.8,0.9470786173141633
0,249.85,214.8,0.8597158294976986
6,84.55,74.3,0.8787699586043761
6,168.4,148.45,0.8815320665083135
2,133.0,113.15,0.8507518796992481
4,62.15,49.0,0.7884151246983105
8,106.55,94.4,0.8859690286250587
6,150.3,128.15,0.8526280771789754
6,116.4,101.75,0.8741408934707904
8,107.7,89.2,0.8282265552460538
10,68.95,61.2,0.8875997099347354
2,202.35,179.9,0.8890536199654064
6,143.1,131.65,0.9199860237596087
0,196.05,173.35,0.8842132109155828
4,184.4,163.15,0.8847613882863341
6,145.1,127.0,0.8752584424534804
0,180.65,152.25,0.8427899252698589
10,73.3,62.0,0.8458390177353342
8,210.8,180.85,0.8579222011385199
4,71.4,61.9,0.8669467787114846
14,113.25,94.85,0.8375275938189846
8,64.75,54.9,0.8478764478764479
4,235.7,202.1,0.8574459058124735
8,178.65,162.25,0.9082003918275958
4,80.25,69.45,0.8654205607476636
4,92.1,82.4,0.8946796959826275
6,126.65,109.45,0.8641926569285432
6,182.1,160.9,0.8835804503020318
2,196.15,172.3,0.8784093805760897
6,226.55,195.7,0.8638269697638491
8,87.35,80.25,0.9187178019461935
2,82.6,69.8,0.8450363196125908
8,73.75,63.25,0.8576271186440678
4,151.75,134.6,0.8869851729818781
4,109.65,94.6,0.8627450980392157
8,135.5,113.4,0.83690036900369
6,120.8,104.75,0.867135761589404
2,168.7,142.55,0.8449911084765857
4,205.05,176.7,0.8617410387710315
2,57.3,49.3,0.8603839441535777
6,234.85,198.95,0.8471364700872898
2,112.55,96.75,0.8596179475788538
8,137.45,114.95,0.8363041105856676
6,255.7,228.1,0.8920610089949159
8,142.4,125.4,0.8806179775280899
6,197.55,176.75,0.89471019994938
6,166.1,148.2,0.8922335942203492
4,204.4,178.2,0.8718199608610567
4,228.35,209.8,0.9187650536457193
6,174.3,145.3,0.8336201950659782
4,114.3,102.9,0.9002624671916011
8,174.25,147.55,0.8467718794835007
8,174.45,142.85,0.818859271997707
6,120.05,103.1,0.8588088296543107
2,267.35,238.8,0.8932111464372545
0,189.1,171.85,0.9087784241142253
6,55.85,47.7,0.8540734109221128
8,30.8,26.65,0.8652597402597403
10,134.3,116.95,0.8708116157855548
2,83.1,68.25,0.8212996389891697
10,148.15,134.85,0.9102261221734729
8,159.3,145.55,0.9136848713119899
4,115.35,106.35,0.9219765929778934
2,258.7,230.0,0.889060688055663
2,93.9,81.55,0.8684771033013845
6,80.35,66.45,0.8270068450528936
12,64.95,56.15,0.8645111624326405
2,156.45,144.8,0.9255353147970597
2,68.05,56.8,0.8346803820720059
10,107.25,92.65,0.8638694638694638
2,152.4,136.35,0.8946850393700787
4,206.1,182.85,0.8871906841339156
4,46.05,41.55,0.9022801302931596
8,80.3,70.45,0.8773349937733499
10,126.8,108.1,0.8525236593059937
2,193.1,176.9,0.9161056447436562
4,187.6,166.35,0.886727078891258
12,202.75,166.15,0.819482120838471
8,157.6,137.0,0.8692893401015228
4,74.35,62.05,0.8345662407531943
12,77.2,60.55,0.7843264248704663
4,186.75,161.85,0.8666666666666667
10,42.8,36.15,0.844626168224299
4,126.3,108.5,0.8590657165479019
2,98.0,81.45,0.8311224489795919
4,229.45,199.7,0.8703421224667683
4,146.45,122.05,0.8333902355752817
4,148.65,135.6,0.9122098890010091
2,210.8,182.75,0.8669354838709677
6,155.85,141.4,0.9072826435675329
10,158.9,140.85,0.8864065449968533
14,98.9,84.6,0.8554095045500506
4,110.55,95.75,0.8661239258254184
6,66.9,57.3,0.8565022421524664
10,126.3,109.65,0.8681710213776722
10,137.25,115.85,0.84408014571949
12,198.05,177.25,0.894976016157536
2,157.65,141.4,0.8969235648588646
6,95.85,84.4,0.8805425143453313
2,220.9,204.65,0.9264373019465821
0,150.0,129.0,0.86
6,157.45,143.6,0.912035566846618
4,346.8,296.35,0.8545271049596309
6,132.65,119.05,0.897474557105164
6,155.3,141.3,0.9098518995492595
4,92.7,84.25,0.9088457389428263
4,144.4,121.35,0.8403739612188366
4,271.95,238.25,0.8760801617944475
14,65.55,53.65,0.8184591914569032
4,128.45,112.05,0.8723238614246789
8,108.95,101.35,0.9302432308398347
2,157.1,137.55,0.8755569700827498
10,145.75,118.6,0.813722126929674
6,120.1,102.65,0.8547044129891757
8,190.65,169.9,0.8911618148439548
4,126.75,106.55,0.8406311637080868
4,121.8,105.8,0.8686371100164204
2,87.9,80.75,0.9186575654152446
4,203.35,171.05,0.8411605606097861
4,150.9,137.25,0.9095427435387674
4,43.6,36.7,0.841743119266055
4,160.45,137.9,0.8594577750077906
6,161.15,140.45,0.8715482469748681
8,174.7,155.85,0.892100744132799
2,223.55,201.0,0.8991277119212704
4,81.8,68.55,0.8380195599022005
6,251.2,229.5,0.9136146496815286
8,70.0,58.7,0.8385714285714285
4,212.55,189.65,0.8922606445542225
8,60.2,50.95,0.8463455149501661
4,152.5,135.05,0.8855737704918033
10,165.4,141.65,0.8564087061668681
4,91.9,82.25,0.8949945593035908
2,179.55,163.6,0.911166805903648
4,231.6,212.25,0.9164507772020726
10,76.75,62.85,0.8188925081433225
12,158.2,132.8,0.8394437420986094
6,68.3,59.1,0.8653001464128843
6,197.1,178.35,0.9048706240487062
2,151.55,132.85,0.8766083800725833
8,108.85,94.35,0.866789159393661
2,167.6,150.45,0.897673031026253
8,99.8,82.15,0.8231462925851704
4,195.2,164.25,0.8414446721311475
4,236.85,214.1,0.9039476461895715
0,227.0,207.5,0.9140969162995595
0,173.65,156.4,0.9006622516556292
14,125.1,100.25,0.8013589128697043
2,168.85,155.95,0.9236008291382884
2,196.0,185.35,0.9456632653061224
6,127.7,107.4,0.841033672670321
18,68.0,57.85,0.850735294117647
8,114.0,99.0,0.868421052631579
6,145.8,127.65,0.8755144032921811
4,133.3,111.9,0.8394598649662416
4,121.85,110.75,0.9089043906442347
6,197.65,165.05,0.8350619782443713
2,136.85,126.35,0.9232736572890026
6,234.0,201.25,0.8600427350427351
4,164.3,151.65,0.9230066950699939
8,94.3,83.75,0.8881230116648993
0,129.95,119.95,0.9230473258945748
4,215.55,197.55,0.9164926931106472
4,107.25,94.1,0.8773892773892774
0,201.65,179.55,0.8904041656335234
4,202.55,177.25,0.8750925697358677
2,154.6,141.3,0.9139715394566623
6,267.4,227.85,0.8520942408376964
6,115.7,105.35,0.9105445116681071
4,60.55,51.35,0.8480594549958712
2,210.65,177.7,0.8435793971042013
4,220.0,195.5,0.8886363636363637
6,217.05,187.7,0.8647777009905552
12,153.6,128.05,0.8336588541666666
10,171.5,152.25,0.8877551020408163
2,149.25,138.0,0.9246231155778895
4,143.85,127.85,0.8887730274591589
2,152.2,137.5,0.9034165571616294
6,351.4,305.15,0.8683836084234491
2,231.55,210.65,0.9097387173396675
6,92.85,78.4,0.8443726440495423
6,101.2,87.45,0.8641304347826086
10,130.8,107.55,0.8222477064220184
4,192.75,170.45,0.8843060959792477
8,215.15,188.55,0.8763653265163839
4,131.45,111.25,0.8463294028147584
2,232.25,210.35,0.9057050592034446
4,63.95,56.1,0.8772478498827209
6,181.4,162.15,0.8938809261300992
6,76.5,66.7,0.8718954248366013
4,123.3,108.7,0.8815896188158961
4,169.5,149.8,0.8837758112094395
8,99.35,86.25,0.8681429290387519
2,149.9,128.35,0.8562374916611074
10,213.25,191.75,0.8991793669402111
2,137.55,122.45,0.8902217375499818
4,157.15,135.65,0.8631880369074133
6,182.5,164.1,0.8991780821917809
6,131.35,109.85,0.8363151884278645
0,113.5,103.25,0.9096916299559471
2,138.8,124.0,0.8933717579250721
4,214.35,190.85,0.8903662234662935
2,120.2,107.1,0.8910149750415973
4,132.45,113.2,0.8546621366553416
6,199.0,184.85,0.928894472361809
6,134.0,122.15,0.9115671641791044
6,129.4,114.0,0.8809891808346213
4,181.85,160.9,0.8847951608468518
10,74.05,59.6,0.8048615800135044
4,144.7,127.85,0.8835521769177609
6,49.75,41.95,0.84321608040201
6,227.1,207.45,0.9134742404227213
10,140.15,123.05,0.8779878701391366
2,141.75,128.75,0.908289241622575
6,132.35,118.4,0.8945976577257272
6,101.0,88.35,0.8747524752475248
2,132.45,116.7,0.8810872027180068
2,261.3,237.9,0.9104477611940298
2,130.7,120.55,0.9223412394797246
2,271.8,241.4,0.8881530537159676
2,103.8,95.1,0.9161849710982659
8,110.2,99.7,0.9047186932849365
2,137.8,117.6,0.8534107402031931
0,148.25,130.8,0.8822934232715008
4,143.25,133.0,0.9284467713787086
6,128.7,112.9,0.8772338772338772
6,157.95,133.15,0.8429882874327319
4,113.3,97.25,0.8583406884377758
8,111.25,92.9,0.8350561797752809
4,173.0,153.2,0.8855491329479769
4,288.7,240.6,0.8333910633875996
10,251.75,212.4,0.8436941410129096
4,265.35,234.45,0.8835500282645562
4,73.45,67.25,0.9155888359428183
10,236.9,204.45,0.8630223723089911
4,250.25,219.25,0.8761238761238761
2,180.65,162.3,0.8984223636866869
8,103.35,89.25,0.8635703918722787
6,133.55,112.6,0.8431299138899289
4,185.85,166.6,0.896421845574388
6,137.35,127.7,0.9297415362213324
6,163.35,139.9,0.8564432200795837
10,74.2,58.05,0.782345013477089
6,96.0,82.45,0.8588541666666667
4,199.5,184.7,0.9258145363408521
4,124.3,111.8,0.8994368463395012
0,195.75,172.15,0.8794380587484035
0,96.95,88.85,0.9164517792676637
4,177.0,155.7,0.8796610169491526
4,106.0,96.2,0.9075471698113208
6,142.1,121.6,0.8557353976073188
6,105.1,90.15,0.8577545195052331
8,182.05,165.7,0.9101895083768196
2,106.9,101.95,0.9536950420954162
4,72.25,64.05,0.8865051903114187
0,112.05,101.75,0.9080767514502455
10,86.2,72.7,0.8433874709976799
4,177.9,160.45,0.9019111860595841
4,251.9,218.6,0.8678046843985708
2,206.0,189.5,0.9199029126213593
6,37.0,31.25,0.8445945945945946
2,174.25,159.1,0.9130559540889527
2,240.05,209.0,0.8706519475109352
4,91.6,82.3,0.898471615720524
4,67.9,60.0,0.8836524300441826
2,207.75,178.4,0.8587244283995187
6,169.05,149.6,0.8849452824608104
6,230.2,193.3,0.8397046046915726
4,121.5,110.05,0.905761316872428
4,113.6,96.9,0.8529929577464789
0,174.2,161.0,0.9242250287026407
2,118.9,102.55,0.8624894869638352
2,97.4,84.2,0.864476386036961
4,110.8,91.7,0.8276173285198556
8,63.4,56.7,0.8943217665615142
2,153.55,136.65,0.8899381309019864
8,114.0,94.8,0.8315789473684211
4,172.55,152.3,0.8826427122573167
10,137.8,122.15,0.8864296081277213
8,164.65,147.0,0.8928029152748254
4,214.4,190.9,0.8903917910447762
6,51.25,42.6,0.8312195121951219
4,205.2,188.2,0.9171539961013645
4,101.1,88.75,0.8778437190900099
8,126.7,111.85,0.8827940015785319
6,151.65,132.65,0.8747115067589845
4,249.2,222.05,0.8910513643659711
0,172.25,155.55,0.9030478955007257
10,88.8,76.3,0.8592342342342343
0,228.2,202.35,0.8867221735319895
0,142.45,133.1,0.9343629343629344
2,268.75,236.15,0.8786976744186047
6,69.55,60.3,0.8670021567217829
6,261.7,230.4,0.8803974016048911
6,201.25,171.0,0.8496894409937888
0,193.05,176.4,0.9137529137529138
2,39.55,33.75,0.8533501896333755
8,153.6,134.4,0.875
4,147.0,131.1,0.8918367346938776
6,168.5,141.25,0.8382789317507419
4,143.0,129.25,0.9038461538461539
4,157.7,141.25,0.8956880152187698
2,126.1,112.35,0.8909595559080096
8,135.15,115.0,0.8509064002959674
10,86.1,68.1,0.7909407665505227
6,209.25,180.95,0.8647550776583035
0,81.4,72.8,0.8943488943488943
8,123.3,108.85,0.8828061638280617
4,84.25,78.8,0.9353115727002967
4,189.45,170.25,0.8986539984164688
4,189.8,163.65,0.8622233930453108
6,196.3,166.5,0.848191543555782
2,266.95,239.1,0.8956733470687395
6,38.65,34.25,0.8861578266494179
4,243.4,215.85,0.8868118323746919
2,160.75,142.55,0.8867807153965785
6,210.7,183.75,0.872093023255814
0,179.6,154.5,0.8602449888641426
8,119.75,104.05,0.8688935281837161
12,76.25,60.6,0.7947540983606557
6,242.75,209.85,0.8644696189495366
4,193.2,170.85,0.8843167701863354
10,22.7,19.35,0.8524229074889867
12,53.65,43.6,0.8126747437092264
4,97.2,89.05,0.9161522633744856
4,102.7,90.9,0.8851022395326192
6,174.95,154.55,0.8833952557873678
8,88.05,77.05,0.8750709823963657
4,75.6,66.15,0.875
10,196.0,173.65,0.885969387755102
6,137.1,117.75,0.8588621444201313
8,72.85,65.15,0.8943033630748113
0,77.0,67.25,0.8733766233766234
2,66.2,56.65,0.8557401812688822
2,148.2,137.05,0.9247638326585695
4,131.5,116.95,0.8893536121673004
6,244.75,213.0,0.8702757916241062
6,244.25,203.9,0.8348004094165814
4,172.7,149.05,0.8630573248407644
8,290.6,260.2,0.8953888506538197
10,83.75,72.0,0.8597014925373134
8,123.1,106.2,0.8627132412672623
8,140.8,119.9,0.8515625
2,192.1,172.35,0.8971889640812077
4,107.05,96.85,0.9047174217655302
6,48.1,41.75,0.867983367983368
8,189.3,167.8,0.8864236661384046
4,140.65,128.65,0.9146818343405617
4,192.35,172.4,0.8962828177800883
2,136.25,110.35,0.809908256880734
14,93.15,76.65,0.822866344605475
0,301.9,276.55,0.9160317986088109
16,74.6,62.6,0.839142091152815
2,233.75,203.2,0.8693048128342246
10,130.7,107.85,0.8251721499617445
6,205.35,175.4,0.8541514487460433
4,64.85,58.85,0.9074787972243639
8,128.1,106.55,0.8317720530835285
10,148.3,133.15,0.8978422117329737
4,80.15,70.75,0.8827199001871491
6,66.15,60.25,0.9108087679516251
10,134.4,110.0,0.8184523809523809
14,55.9,48.2,0.8622540250447227
2,183.95,167.3,0.9094862734438706
4,123.2,110.25,0.8948863636363636
2,89.65,81.7,0.9113218070273285
6,58.6,49.5,0.8447098976109215
4,205.5,170.3,0.8287104622871047
10,84.05,72.8,0.8661511005353956
6,237.85,208.05,0.8747109522808493
8,203.5,168.3,0.827027027027027
0,107.2,97.3,0.9076492537313433
6,73.0,65.45,0.8965753424657534
6,112.15,94.55,0.8430673205528311
4,208.6,188.55,0.9038830297219559
6,104.65,96.35,0.9206880076445294
0,90.1,82.4,0.9145394006659268
4,95.0,81.8,0.8610526315789474
2,226.45,208.15,0.9191874586001325
6,156.75,139.4,0.8893141945773525
2,162.1,151.15,0.932449105490438
2,146.6,132.85,0.9062073669849932
2,131.85,118.35,0.8976109215017065
4,83.6,70.15,0.8391148325358851
6,149.1,128.65,0.8628437290409121
8,68.25,57.3,0.8395604395604396
8,89.25,74.55,0.8352941176470589
6,112.75,104.35,0.9254988913525499
12,162.45,141.4,0.8704216682056017
8,86.15,72.2,0.8380731282646546
2,87.4,82.35,0.9422196796338673
2,190.85,167.9,0.8797484935813467
4,72.95,62.75,0.860178204249486
2,199.05,176.2,0.8852047224315499
4,221.85,204.4,0.9213432499436556
4,129.5,118.5,0.915057915057915
2,165.45,146.85,0.8875793291024479
4,266.0,239.4,0.9
6,146.5,126.4,0.8627986348122867
6,67.6,56.55,0.8365384615384616
4,167.05,140.9,0.8434600419036217
4,100.95,91.15,0.9029222387320456
8,108.05,94.2,0.8718186024988431
10,211.75,179.35,0.8469893742621015
6,223.25,189.0,0.8465845464725644
2,194.75,165.75,0.8510911424903723
10,50.6,40.6,0.8023715415019763
6,162.45,139.65,0.8596491228070176
6,159.8,136.6,0.8548185231539425
4,219.5,193.25,0.8804100227790432
4,164.45,144.1,0.8762541806020067
8,191.4,164.65,0.8602403343782654
2,119.7,106.9,0.8930659983291562
8,50.95,43.2,0.8478900883218842
6,283.7,246.45,0.8686993302784631
4,108.95,95.25,0.8742542450665443
8,139.15,125.3,0.9004671218109953
8,199.35,180.55,0.9056935038876348
2,101.55,92.45,0.9103889709502708
2,148.35,135.85,0.9157398045163465
4,147.5,133.9,0.9077966101694915
6,125.55,117.55,0.9362803663878932
6,114.65,101.0,0.8809419973833406
4,152.05,134.2,0.8826044064452483
6,202.4,177.45,0.8767292490118577
12,210.35,180.65,0.8588067506536724
6,88.9,75.8,0.8526434195725534
4,94.5,86.9,0.9195767195767196
4,194.6,175.9,0.9039054470709147
8,28.8,25.55,0.8871527777777778
6,112.6,103.75,0.9214031971580817
6,123.5,110.7,0.8963562753036437
8,203.6,173.2,0.8506876227897839
2,164.1,138.5,0.8439975624619135
6,165.2,141.45,0.8562348668280871
6,322.15,277.45,0.8612447617569455
2,180.75,156.65,0.8666666666666667
6,241.6,217.75,0.9012831125827815
0,160.25,147.95,0.9232449297971919
6,137.7,117.15,0.8507625272331155
6,176.1,152.3,0.8648495173197047
2,79.2,69.15,0.8731060606060606
6,220.1,189.9,0.8627896410722399
6,171.65,153.1,0.8919312554616953
2,125.15,110.35,0.88174190970835
10,65.75,56.55,0.8600760456273764
2,103.0,93.75,0.9101941747572816
4,196.35,172.8,0.880061115355233
4,173.85,148.2,0.8524590163934426
4,181.0,161.6,0.8928176795580111
4,115.65,104.2,0.9009943795936014
10,112.9,94.9,0.8405668733392383
4,113.7,100.35,0.8825857519788918
4,81.25,70.5,0.8676923076923077
10,138.1,119.75,0.8671252715423606
10,116.95,99.3,0.8490808037622916
6,99.95,89.1,0.8914457228614308
4,117.3,105.3,0.8976982097186701
4,194.35,169.1,0.8700797530228969
6,122.5,105.7,0.8628571428571429
4,306.7,274.95,0.8964786436256929
4,170.7,155.3,0.9097832454598711
10,128.4,106.6,0.8302180685358256
2,223.85,199.7,0.8921152557516194
6,138.35,118.2,0.8543548970003614
2,106.65,98.6,0.9245194561650257
0,168.95,155.75,0.9218703758508434
6,162.2,145.55,0.8973489519112207
0,144.9,128.95,0.8899240855762595
8,108.35,91.4,0.8435625288417167
6,279.2,254.05,0.9099212034383954
2,111.65,100.1,0.896551724137931
6,190.3,166.6,0.8754598003152917
6,194.05,171.1,0.8817315124967792
0,201.9,182.05,0.9016840019811788
6,140.0,116.15,0.8296428571428571
12,98.85,84.55,0.855336368234699
0,167.65,158.1,0.9430360870861915
0,209.4,190.75,0.9109360076408787
10,147.2,123.1,0.8362771739130435
12,153.15,132.35,0.8641854391119818
2,205.4,182.8,0.8899707887049659
0,194.55,171.25,0.8802364430737599
10,108.7,95.75,0.8808647654093836
14,126.7,104.3,0.8232044198895028
2,271.7,245.2,0.902465955097534
10,95.6,79.9,0.8357740585774058
4,138.7,122.3,0.8817591925018025
6,215.95,190.85,0.883769391062746
4,136.1,119.0,0.8743570903747244
8,91.35,80.75,0.8839627805145046
10,132.05,109.55,0.8296099962135555
6,133.45,114.5,0.8579992506556763
8,102.8,86.75,0.8438715953307393
6,155.5,132.4,0.8514469453376206
4,140.9,125.3,0.8892831795599716
2,178.2,161.5,0.9062850729517397
8,102.75,90.9,0.8846715328467153
6,100.95,82.6,0.8182268449727588
4,145.8,130.45,0.894718792866941
6,80.45,67.0,0.8328154133001865
10,106.55,93.75,0.8798686062881277
4,200.75,170.75,0.8505603985056039
8,136.25,117.65,0.86348623853211
8,110.95,100.85,0.9089680036052276
6,143.3,128.6,0.8974180041870202
2,62.8,57.15,0.910031847133758
2,192.6,174.4,0.9055036344755971
10,140.8,118.0,0.8380681818181818
6,65.05,60.15,0.92467332820907
10,264.3,212.4,0.8036322360953462
0,247.1,223.05,0.9026709834075273
2,347.5,313.2,0.901294964028777
2,93.8,85.65,0.9131130063965884
2,100.95,86.1,0.8528974739970282
8,150.15,127.7,0.8504828504828504
4,73.85,67.5,0.9140148950575491
4,152.4,141.3,0.9271653543307087
8,133.55,112.45,0.8420067390490453
4,105.25,91.8,0.872209026128266
6,153.25,132.1,0.8619902120717782
6,51.7,45.2,0.874274661508704
4,171.55,150.45,0.8770037889828038
0,195.75,176.5,0.9016602809706258
4,205.05,184.65,0.9005120702267739
4,186.6,170.9,0.9158628081457664
6,140.2,128.25,0.9147646219686163
0,148.1,132.25,0.8929777177582714
4,191.1,168.8,0.8833071690214548
8,90.45,73.5,0.8126036484245439
12,123.2,105.85,0.859172077922078
10,109.7,85.85,0.7825888787602553
2,103.8,95.4,0.9190751445086706
4,102.65,92.0,0.8962493911349245
8,132.25,114.75,0.8676748582230623
2,130.85,117.35,0.8968284294994269
2,155.4,142.1,0.9144144144144144
6,123.25,105.0,0.8519269776876268
2,119.3,106.55,0.8931265716680638
6,100.9,89.6,0.88800792864222
2,164.4,150.2,0.9136253041362531
2,169.75,143.5,0.845360824742268
2,72.75,65.7,0.9030927835051547
8,121.5,107.9,0.8880658436213992
10,114.75,100.25,0.8736383442265795
0,231.95,216.75,0.9344686354817848
4,213.45,194.9,0.9130944014991801
2,112.2,102.15,0.910427807486631
4,152.3,134.0,0.8798424162836507
10,82.8,67.3,0.8128019323671497
8,121.35,106.45,0.8772146683147919
4,232.55,203.2,0.8737905826703934
12,142.4,124.85,0.8767556179775281
0,217.55,205.2,0.9432314410480349
6,178.05,150.45,0.8449873631002527
4,322.45,278.55,0.8638548612187936
4,172.9,149.6,0.86524002313476
0,125.45,118.85,0.9473893981666003
6,163.35,135.75,0.8310376492194674
2,140.7,124.4,0.8841506751954513
10,228.05,196.15,0.8601183950887963
6,101.0,90.95,0.9004950495049505
10,136.55,120.55,0.8828268033687294
4,101.35,90.5,0.8929452392698569
6,125.3,108.2,0.8635275339185954
2,144.1,122.8,0.8521859819569744
6,187.35,169.1,0.9025887376567922
2,239.8,209.4,0.8732276897414513
6,138.6,121.3,0.8751803751803752
4,210.25,186.55,0.8872770511296076
2,220.85,200.55,0.9080824088748018
4,144.7,127.55,0.8814789219073946
4,134.0,117.55,0.8772388059701492
4,123.3,112.4,0.9115977291159773
4,221.8,199.2,0.8981064021641119
6,131.9,119.5,0.9059893858984079
6,125.5,111.3,0.8868525896414342
12,150.75,127.2,0.8437810945273632
2,129.4,116.45,0.8999227202472952
2,156.6,136.9,0.8742017879948915
8,244.2,212.95,0.872031122031122
10,219.3,182.6,0.8326493388052896
6,129.8,114.75,0.8840523882896765
10,89.35,75.3,0.842753217683268
2,151.3,128.4,0.8486450760079313
12,167.75,140.05,0.8348733233979135
8,162.75,140.75,0.8648233486943164
4,133.2,119.5,0.8971471471471472
6,112.0,98.5,0.8794642857142857
4,149.85,134.5,0.8975642308975642
8,155.05,137.9,0.8893905191873589
8,63.85,52.7,0.8253719655442443
8,85.0,73.1,0.86
8,194.8,173.5,0.8906570841889117
8,141.35,126.25,0.8931729748850371
6,169.05,150.95,0.8929310854776693
6,89.35,81.45,0.9115836597649692
4,169.8,149.9,0.8828032979976443
2,85.35,77.15,0.9039250146455771
6,119.35,105.05,0.880184331797235
10,112.35,93.55,0.8326657765910103
10,103.0,90.6,0.8796116504854369
2,254.45,217.85,0.8561603458439772
8,77.65,67.6,0.8705730843528654
6,102.3,88.9,0.8690127077223851
0,155.65,140.15,0.9004176035978156
16,157.45,122.9,0.7805652588123214
2,327.35,307.0,0.9378341224988545
8,208.85,173.55,0.8309791716542974
6,124.3,106.85,0.8596138374899437
4,92.8,80.1,0.8631465517241379
16,71.2,63.35,0.889747191011236
10,167.8,141.3,0.8420738974970202
2,240.9,218.95,0.9088833540888336
0,227.4,203.15,0.8933597185576078
4,146.8,124.0,0.8446866485013624
2,98.25,87.15,0.8870229007633588
10,212.75,184.2,0.8658049353701528
0,275.7,252.95,0.9174827711280378
10,121.95,109.15,0.8950389503895039
4,200.6,181.55,0.9050348953140578
6,180.2,160.85,0.8926193118756937
10,75.1,61.5,0.8189081225033289
6,136.15,120.35,0.8839515240543518
8,82.0,70.95,0.8652439024390244
8,183.6,156.05,0.8499455337690632
0,278.8,257.05,0.921987087517934
12,227.5,191.5,0.8417582417582418
2,141.45,128.2,0.9063273241428067
6,124.15,113.4,0.9134111961337092
6,89.45,80.25,0.8971492453884852
6,114.05,103.95,0.9114423498465585
12,191.0,162.65,0.8515706806282722
8,185.85,156.5,0.842076943771859
6,174.2,154.45,0.8866245694603904
2,177.8,151.8,0.8537682789651294
8,78.3,68.95,0.8805874840357599
0,162.75,152.15,0.9348694316436252
4,152.45,131.8,0.8645457527058051
8,156.4,134.85,0.8622122762148338
2,160.3,141.4,0.8820960698689956
12,87.6,72.85,0.83162100456621
14,46.0,35.55,0.7728260869565218
4,141.75,121.85,0.8596119929453263
4,258.1,225.95,0.8754358775668346
4,162.5,146.65,0.9024615384615384
8,82.2,70.3,0.8552311435523114
2,78.95,69.3,0.8777707409753008
4,156.9,137.1,0.8738049713193117
10,64.95,53.75,0.827559661277906
4,175.9,158.75,0.9025014212620808
2,161.7,145.2,0.8979591836734694
6,161.25,148.25,0.9193798449612403
6,316.45,280.4,0.8860799494390899
6,264.45,230.55,0.8718094157685763
