rf,total_quartet,correct_quartet,correct_prop
14,57.85,36.5,0.6309420916162489
8,34.45,31.5,0.9143686502177069
6,100.95,81.7,0.8093115403665181
2,88.6,73.25,0.8267494356659142
0,39.3,35.65,0.9071246819338422
8,50.45,43.1,0.8543111992071358
16,54.4,44.65,0.8207720588235294
8,57.15,43.6,0.7629046369203849
2,112.1,105.3,0.9393398751115076
8,141.65,123.8,0.8739851747264384
14,37.35,33.5,0.8969210174029452
6,104.0,90.7,0.8721153846153846
2,114.2,99.05,0.867338003502627
2,54.9,50.2,0.9143897996357013
0,43.6,39.55,0.9071100917431193
14,62.15,48.0,0.7723250201126307
6,59.2,51.2,0.8648648648648649
2,50.25,46.05,0.9164179104477612
12,44.4,36.45,0.8209459459459459
2,59.05,52.75,0.8933107535986452
18,47.95,37.8,0.7883211678832117
8,83.05,66.85,0.8049367850692354
14,44.35,35.5,0.8004509582863585
4,76.95,69.15,0.898635477582846
8,98.75,83.35,0.8440506329113924
6,71.6,63.0,0.8798882681564246
8,34.9,23.85,0.6833810888252149
10,77.85,59.4,0.7630057803468208
10,31.45,27.15,0.863275039745628
10,109.0,94.7,0.8688073394495412
4,187.8,162.95,0.867678381256656
10,145.7,122.9,0.8435140700068634
8,81.25,71.65,0.8818461538461538
20,25.65,18.0,0.7017543859649122
6,74.65,69.3,0.9283322170127261
4,75.9,65.65,0.8649538866930171
18,54.7,35.0,0.6398537477148081
2,125.95,112.35,0.8920206431123462
14,63.95,50.55,0.7904612978889758
10,107.35,90.45,0.8425710293432697
6,48.35,42.25,0.8738366080661841
4,81.7,70.5,0.8629130966952264
14,48.6,41.75,0.8590534979423868
10,27.4,22.3,0.8138686131386861
0,147.25,137.1,0.9310696095076401
10,41.7,38.05,0.9124700239808153
10,108.0,81.75,0.7569444444444444
0,36.0,32.95,0.9152777777777777
10,83.75,65.65,0.7838805970149254
8,113.65,100.4,0.8834139903211614
4,93.45,87.0,0.9309791332263242
4,90.4,78.35,0.8667035398230089
6,69.45,62.7,0.9028077753779697
6,90.9,78.7,0.8657865786578658
8,93.35,75.3,0.8066416711301553
6,105.75,81.0,0.7659574468085106
2,56.95,50.95,0.8946444249341527
8,24.4,22.35,0.9159836065573771
10,119.0,96.9,0.8142857142857143
2,69.2,65.4,0.9450867052023122
12,75.95,63.55,0.8367346938775511
4,74.5,67.45,0.9053691275167786
12,56.1,43.1,0.768270944741533
16,31.1,25.55,0.8215434083601286
4,68.15,67.05,0.9838591342626559
20,149.8,107.95,0.7206275033377837
6,107.15,92.05,0.8590760615958936
12,148.2,114.4,0.7719298245614035
8,78.1,64.55,0.8265044814340589
18,150.75,112.7,0.7475953565505804
10,89.35,66.2,0.7409065472859541
6,96.0,86.15,0.8973958333333333
0,75.4,69.2,0.9177718832891246
4,64.75,57.75,0.8918918918918919
6,41.4,36.9,0.8913043478260869
4,31.85,28.25,0.8869701726844584
0,97.1,91.6,0.9433573635427395
8,61.7,51.3,0.8314424635332253
4,85.75,72.1,0.8408163265306122
0,142.05,127.8,0.8996832101372756
0,65.35,62.95,0.96327467482785
6,65.25,56.8,0.8704980842911877
8,57.1,55.95,0.9798598949211909
8,56.55,45.35,0.801945181255526
6,86.05,80.5,0.9355026147588611
6,70.4,61.15,0.8686079545454546
8,109.15,95.8,0.8776912505726066
4,78.05,62.5,0.8007687379884689
16,97.45,84.8,0.8701898409440739
8,74.3,58.4,0.7860026917900403
0,35.35,32.9,0.9306930693069307
6,90.65,72.8,0.803088803088803
6,99.6,90.2,0.9056224899598394
6,114.65,90.95,0.7932839075447012
4,27.45,24.6,0.8961748633879781
2,53.3,48.15,0.9033771106941839
4,189.5,141.3,0.745646437994723
2,66.85,55.85,0.8354525056095736
6,109.0,89.45,0.8206422018348624
10,45.3,40.0,0.8830022075055187
16,33.05,30.65,0.9273827534039334
2,38.85,36.75,0.9459459459459459
12,129.55,100.35,0.7746043998456195
16,70.4,51.15,0.7265625
16,60.9,41.85,0.687192118226601
2,161.2,136.3,0.8455334987593052
0,223.1,204.15,0.9150605109816226
4,59.45,52.8,0.8881412952060556
4,46.2,42.65,0.9231601731601732
14,91.55,71.75,0.7837247405789186
14,45.6,38.4,0.8421052631578947
8,77.8,65.1,0.8367609254498715
6,129.1,108.15,0.8377226955848179
2,143.4,136.9,0.9546722454672245
2,84.55,79.7,0.9426374926079243
10,30.1,25.7,0.8538205980066446
2,55.0,50.45,0.9172727272727272
4,47.45,36.9,0.7776606954689147
14,108.5,86.5,0.7972350230414746
10,37.9,33.05,0.8720316622691293
16,71.2,47.15,0.6622191011235955
6,114.5,89.55,0.7820960698689956
16,83.6,56.7,0.6782296650717703
12,87.2,68.55,0.7861238532110092
6,99.65,81.8,0.8208730556949323
4,173.8,145.6,0.8377445339470656
4,30.3,28.35,0.9356435643564357
4,59.1,56.3,0.9526226734348562
6,108.4,88.75,0.8187269372693727
8,23.2,18.5,0.7974137931034483
8,74.9,70.8,0.945260347129506
6,80.75,71.3,0.8829721362229103
10,84.9,74.55,0.8780918727915195
4,73.8,62.9,0.8523035230352304
10,116.35,96.6,0.8302535453373442
8,40.05,33.25,0.8302122347066168
8,54.8,45.15,0.823905109489051
14,116.4,92.05,0.790807560137457
8,26.3,22.65,0.8612167300380228
2,55.15,52.4,0.9501359927470535
12,47.15,31.7,0.672322375397667
8,46.25,38.7,0.8367567567567568
12,91.95,69.0,0.7504078303425775
6,45.25,39.5,0.8729281767955801
2,117.3,106.15,0.9049445865302643
0,77.0,69.7,0.9051948051948052
8,18.4,14.7,0.7989130434782609
18,71.55,50.15,0.7009084556254368
0,154.3,135.8,0.880103694102398
16,112.3,94.4,0.8406055209260909
10,115.05,102.05,0.8870056497175142
4,135.55,114.6,0.8454444854297307
16,23.1,19.25,0.8333333333333334
2,120.3,110.6,0.9193682460515378
0,74.4,70.65,0.9495967741935484
6,95.65,78.15,0.8170412963930999
2,68.45,61.85,0.9035792549306063
8,91.7,75.95,0.8282442748091603
16,53.55,47.2,0.8814192343604108
6,47.0,36.0,0.7659574468085106
14,16.65,11.85,0.7117117117117117
2,75.75,69.15,0.9128712871287129
8,94.3,76.95,0.8160127253446448
6,97.3,82.7,0.8499486125385406
8,117.2,87.5,0.7465870307167235
4,128.6,106.9,0.8312597200622084
2,73.45,68.8,0.9366916269571137
10,102.5,83.95,0.8190243902439024
8,81.2,68.45,0.8429802955665024
6,52.75,46.95,0.8900473933649289
4,42.15,35.65,0.8457888493475683
6,93.2,85.0,0.9120171673819742
8,29.15,25.15,0.8627787307032591
8,54.25,41.2,0.759447004608295
8,40.35,29.2,0.7236679058240396
4,40.9,33.1,0.8092909535452323
16,64.2,53.55,0.8341121495327103
2,130.05,110.6,0.8504421376393695
6,39.65,31.4,0.7919293820933165
8,45.85,38.05,0.8298800436205016
16,45.2,30.05,0.6648230088495575
4,45.3,43.35,0.956953642384106
12,80.55,69.8,0.8665425201738051
0,27.6,23.75,0.8605072463768116
10,43.8,38.5,0.8789954337899544
4,34.05,29.25,0.8590308370044053
4,56.6,49.5,0.8745583038869258
6,33.8,31.7,0.9378698224852071
0,148.75,133.25,0.8957983193277311
0,71.9,65.1,0.9054242002781642
4,142.15,124.0,0.8723179739711572
12,78.45,59.5,0.758444869343531
6,72.3,62.9,0.8699861687413555
8,38.75,32.7,0.8438709677419355
8,31.0,29.25,0.9435483870967742
2,140.0,112.35,0.8025
2,107.25,99.0,0.9230769230769231
8,48.65,40.8,0.8386433710174718
8,62.3,57.3,0.9197431781701445
8,110.9,81.45,0.7344454463480613
10,65.6,52.45,0.7995426829268293
6,175.75,143.55,0.8167852062588905
2,85.55,69.45,0.8118059614260666
12,62.2,49.05,0.7885852090032154
8,117.05,90.1,0.7697565143101239
0,39.1,34.95,0.8938618925831202
10,131.75,113.5,0.8614800759013282
4,36.6,30.7,0.8387978142076503
12,41.45,32.65,0.7876960193003619
8,52.65,45.95,0.8727445394112061
12,106.25,81.2,0.764235294117647
12,57.0,45.15,0.7921052631578948
2,86.55,81.95,0.9468515309069901
10,39.95,29.4,0.7359198998748435
6,39.6,29.05,0.7335858585858586
8,126.85,109.15,0.8604651162790697
8,36.35,30.7,0.844566712517194
6,70.1,63.2,0.9015691868758916
16,16.75,12.95,0.7731343283582089
8,36.95,32.35,0.8755074424898511
12,184.45,142.3,0.7714827866630524
0,111.25,102.8,0.9240449438202247
12,128.75,103.85,0.8066019417475728
12,52.3,47.1,0.9005736137667304
8,34.0,25.25,0.7426470588235294
4,56.35,49.75,0.8828748890860693
16,51.25,47.15,0.92
2,44.45,39.7,0.8931383577052868
14,154.1,120.0,0.7787151200519143
2,36.4,33.55,0.9217032967032966
8,55.9,51.05,0.9132379248658319
16,133.15,100.8,0.7570409312805108
8,43.9,33.95,0.7733485193621867
8,76.25,66.3,0.8695081967213115
2,75.2,69.3,0.9215425531914894
6,55.4,47.25,0.8528880866425993
8,23.45,21.8,0.929637526652452
2,143.35,114.55,0.7990931287059644
12,91.05,69.5,0.7633168588687534
4,52.3,46.95,0.8977055449330784
12,144.35,114.5,0.7932109456182889
2,83.4,78.9,0.9460431654676259
8,168.45,131.9,0.7830216681507866
6,59.0,40.25,0.6822033898305084
4,47.6,43.25,0.9086134453781513
4,109.15,95.55,0.8754008245533669
10,127.0,97.1,0.7645669291338583
2,52.75,44.2,0.837914691943128
8,130.5,108.5,0.8314176245210728
2,38.75,33.8,0.8722580645161291
10,59.25,44.6,0.7527426160337553
8,37.0,33.3,0.9
14,123.65,96.2,0.7780024262029923
6,46.4,38.75,0.8351293103448276
4,36.55,34.8,0.9521203830369357
6,89.15,72.3,0.8109927089175547
6,88.35,71.0,0.8036219581211093
6,42.95,39.9,0.9289871944121071
0,80.2,73.45,0.9158354114713217
10,67.4,52.3,0.7759643916913946
4,24.95,23.75,0.9519038076152304
0,126.2,113.35,0.8981774960380349
8,55.3,48.25,0.8725135623869801
14,43.9,31.4,0.715261958997722
10,75.6,57.65,0.7625661375661376
0,46.8,42.6,0.9102564102564102
14,82.7,71.25,0.8615477629987908
12,97.25,81.35,0.8365038560411311
14,33.1,25.15,0.7598187311178247
6,73.35,58.6,0.7989093387866394
0,46.5,40.45,0.8698924731182796
8,98.75,82.3,0.8334177215189873
4,52.9,42.95,0.8119092627599244
10,27.2,24.25,0.8915441176470589
2,58.2,50.5,0.8676975945017182
4,111.65,93.2,0.8347514554411106
4,55.75,49.25,0.8834080717488789
0,152.6,134.85,0.8836828309305373
6,55.15,50.0,0.9066183136899365
12,72.3,59.25,0.8195020746887967
10,49.85,44.0,0.8826479438314945
6,66.3,60.15,0.9072398190045249
2,83.4,81.05,0.9718225419664268
10,45.7,40.9,0.8949671772428884
0,55.6,49.4,0.8884892086330936
6,81.9,65.35,0.797924297924298
14,115.75,85.75,0.7408207343412527
0,60.85,53.6,0.8808545603944125
2,45.15,40.95,0.9069767441860465
14,78.85,68.15,0.8642993024730501
4,112.95,97.85,0.8663125276671093
10,84.6,67.4,0.7966903073286052
10,33.0,27.3,0.8272727272727273
12,35.25,28.65,0.8127659574468085
12,65.65,56.75,0.8644325971058644
10,24.9,22.05,0.8855421686746988
0,61.55,56.5,0.9179528838342811
6,86.25,65.15,0.7553623188405797
12,37.05,26.65,0.7192982456140351
6,53.6,49.4,0.9216417910447762
8,60.95,46.45,0.7621000820344545
12,22.55,18.05,0.8004434589800443
6,73.05,61.4,0.840520191649555
6,58.15,50.4,0.8667239896818573
0,67.6,65.7,0.9718934911242604
2,89.55,77.75,0.8682300390843104
10,71.4,59.55,0.8340336134453782
4,100.6,86.25,0.8573558648111332
4,91.65,83.85,0.9148936170212766
12,43.5,35.55,0.8172413793103448
4,59.7,55.1,0.9229480737018425
8,55.35,45.5,0.8220415537488708
8,130.2,114.7,0.8809523809523809
4,82.4,73.2,0.8883495145631068
18,76.65,56.5,0.7371167645140247
12,72.75,58.45,0.8034364261168385
12,111.45,87.55,0.7855540601166442
6,80.15,63.6,0.793512164691204
14,87.25,65.5,0.7507163323782235
12,102.55,80.15,0.7815699658703071
2,24.5,19.0,0.7755102040816326
12,89.65,70.25,0.7836029001673174
6,56.95,51.9,0.9113257243195786
4,118.25,108.7,0.9192389006342495
10,60.8,51.4,0.8453947368421053
16,42.55,29.3,0.6886016451233843
6,37.05,30.3,0.8178137651821862
12,69.55,45.65,0.6563623292595255
16,35.05,25.55,0.7289586305278174
2,119.7,100.25,0.8375104427736006
4,80.65,70.45,0.8735275883446993
2,106.85,94.95,0.8886289190453908
18,20.65,14.55,0.7046004842615012
2,60.0,51.2,0.8533333333333334
10,42.45,34.75,0.8186101295641932
12,104.0,88.75,0.8533653846153846
6,28.35,24.4,0.8606701940035273
10,99.05,84.55,0.8536092882382635
0,146.0,127.85,0.8756849315068493
8,16.4,14.85,0.9054878048780488
14,119.6,97.35,0.8139632107023411
10,96.05,76.45,0.7959396147839667
6,80.85,76.75,0.9492888064316636
4,33.2,25.3,0.7620481927710844
14,98.4,73.1,0.7428861788617886
12,46.4,38.6,0.8318965517241379
10,19.15,17.8,0.9295039164490861
12,132.2,95.75,0.7242813918305597
14,42.1,35.95,0.8539192399049881
8,35.55,29.5,0.829817158931083
0,54.6,49.85,0.913003663003663
8,75.35,68.7,0.9117451891174518
2,117.9,109.9,0.9321458863443596
4,53.25,45.5,0.8544600938967136
4,116.3,110.4,0.9492691315563199
4,69.5,64.5,0.9280575539568345
12,75.9,68.2,0.8985507246376812
2,72.95,67.8,0.9294037011651817
12,72.8,56.75,0.779532967032967
6,139.55,117.25,0.8402006449301326
2,52.7,48.1,0.9127134724857685
18,63.9,46.65,0.7300469483568075
8,65.4,48.5,0.7415902140672783
14,78.8,65.75,0.8343908629441624
6,124.8,105.05,0.8417467948717948
4,43.8,41.4,0.9452054794520548
6,53.85,41.45,0.7697307335190343
10,60.0,45.65,0.7608333333333334
6,90.45,77.05,0.8518518518518519
8,65.9,56.05,0.8505311077389985
8,81.35,66.75,0.8205285802089736
8,52.9,49.35,0.9328922495274102
2,118.1,104.4,0.8839966130397968
2,137.35,120.5,0.8773207135056426
22,37.4,26.65,0.7125668449197861
6,91.05,75.15,0.8253706754530478
8,116.8,102.2,0.875
10,87.55,68.05,0.7772701313535123
6,46.65,39.95,0.8563772775991425
6,38.55,31.15,0.808041504539559
14,92.95,79.15,0.8515330823023131
10,50.8,39.15,0.7706692913385826
4,37.55,32.2,0.8575233022636485
6,119.15,100.35,0.8422156945027277
14,31.05,26.15,0.8421900161030595
12,28.25,23.75,0.8407079646017699
8,49.6,42.4,0.8548387096774194
16,117.05,91.35,0.7804357112345152
10,45.65,33.6,0.7360350492880613
0,63.0,55.45,0.8801587301587301
6,48.6,42.7,0.8786008230452675
8,54.05,49.25,0.9111933395004626
10,35.95,32.35,0.8998609179415855
16,52.8,44.35,0.8399621212121212
14,66.5,53.35,0.8022556390977443
14,115.1,88.15,0.7658557775847089
12,36.75,29.15,0.7931972789115647
4,110.1,82.8,0.7520435967302452
4,105.8,92.75,0.8766540642722117
14,55.9,41.95,0.7504472271914132
2,73.15,62.35,0.8523581681476419
14,22.95,20.0,0.8714596949891068
4,111.45,84.25,0.7559443696724989
2,132.95,117.25,0.881910492666416
22,58.1,42.05,0.7237521514629949
10,23.15,18.5,0.7991360691144709
4,104.7,92.85,0.8868194842406877
4,69.1,53.95,0.7807525325615051
14,114.5,86.9,0.7589519650655022
4,76.0,65.05,0.8559210526315789
16,99.2,80.95,0.8160282258064516
8,160.3,138.55,0.8643169058016219
16,82.7,58.4,0.7061668681983071
0,42.95,40.5,0.9429569266589057
10,65.2,55.95,0.8581288343558282
18,37.0,30.65,0.8283783783783784
2,67.05,62.15,0.9269202087994034
10,107.55,86.35,0.802882380288238
18,47.9,38.45,0.802713987473904
12,186.6,146.45,0.7848338692390139
14,61.5,51.05,0.8300813008130081
4,49.5,44.45,0.897979797979798
4,67.35,56.7,0.8418708240534521
10,127.95,101.45,0.7928878468151622
8,191.85,149.4,0.7787333854573886
2,51.7,45.1,0.8723404255319149
10,31.4,26.6,0.8471337579617835
12,49.2,38.0,0.7723577235772358
12,50.8,41.05,0.8080708661417323
8,55.35,46.1,0.8328816621499548
6,97.95,86.8,0.8861664114344053
8,20.95,17.8,0.8496420047732697
12,78.75,58.7,0.7453968253968254
4,78.0,67.5,0.8653846153846154
10,57.3,50.2,0.8760907504363001
8,125.35,109.0,0.8695652173913043
12,168.2,128.95,0.7666468489892985
2,51.35,45.45,0.8851022395326192
10,141.15,115.65,0.8193411264612115
6,82.5,73.8,0.8945454545454545
4,38.65,33.3,0.8615782664941786
10,115.05,95.15,0.8270317253368101
2,119.9,107.15,0.8936613844870726
4,85.95,80.55,0.93717277486911
14,37.1,26.45,0.7129380053908356
24,122.7,97.1,0.7913610431947841
2,86.75,78.5,0.9048991354466859
6,92.6,77.4,0.8358531317494601
6,132.2,110.7,0.8373676248108926
2,47.05,42.7,0.9075451647183846
8,59.6,53.6,0.8993288590604027
4,85.9,73.4,0.8544819557625145
10,38.9,35.45,0.9113110539845758
6,57.3,50.95,0.8891797556719022
4,28.55,25.8,0.9036777583187391
6,37.25,31.6,0.8483221476510067
6,59.3,53.15,0.8962900505902193
18,75.95,60.65,0.7985516787360105
10,83.85,71.55,0.853309481216458
2,105.7,98.4,0.9309366130558183
14,79.3,62.05,0.7824716267339218
8,152.5,130.3,0.8544262295081967
6,132.75,112.8,0.8497175141242937
10,136.1,106.65,0.7836149889786921
12,91.7,77.0,0.8396946564885496
2,51.35,47.9,0.9328140214216164
4,63.05,56.65,0.8984932593180016
10,82.5,63.5,0.7696969696969697
0,75.4,67.4,0.8938992042440318
12,223.95,178.8,0.7983924983255191
8,46.15,37.25,0.8071505958829902
0,65.4,60.5,0.9250764525993884
2,66.5,60.15,0.9045112781954887
4,71.1,62.4,0.8776371308016878
14,126.1,102.15,0.810071371927042
8,93.5,77.95,0.8336898395721926
10,37.7,25.65,0.6803713527851459
6,95.95,77.85,0.8113600833767587
4,50.5,43.1,0.8534653465346534
12,22.95,15.8,0.6884531590413944
8,23.25,19.7,0.8473118279569892
10,164.9,138.75,0.8414190418435415
6,46.35,37.25,0.8036677454153183
4,128.7,114.75,0.8916083916083916
8,116.3,101.35,0.8714531384350817
10,48.85,39.65,0.8116683725690891
4,77.15,61.25,0.7939079714841218
8,70.1,55.55,0.7924393723252496
10,39.7,33.45,0.8425692695214105
6,81.8,68.5,0.8374083129584352
6,58.45,46.9,0.8023952095808383
12,68.5,58.35,0.8518248175182481
0,197.0,179.95,0.9134517766497462
10,69.95,55.4,0.7919942816297355
2,136.25,124.5,0.9137614678899083
8,87.15,74.95,0.8600114744693058
6,92.95,85.55,0.9203873050026896
12,90.55,69.75,0.7702926559911651
10,74.45,66.4,0.8918737407656145
4,154.65,124.15,0.8027804720336243
10,35.5,26.45,0.7450704225352113
14,43.5,32.15,0.7390804597701149
14,59.05,45.15,0.7646062658763759
4,139.85,117.4,0.8394708616374688
4,127.5,108.65,0.852156862745098
6,102.4,84.3,0.8232421875
6,24.95,23.35,0.935871743486974
4,105.15,82.2,0.7817403708987162
2,150.0,125.9,0.8393333333333334
8,126.25,105.2,0.8332673267326732
4,102.3,94.1,0.9198435972629521
10,62.6,52.05,0.8314696485623003
8,31.8,26.2,0.8238993710691824
10,116.7,87.6,0.7506426735218509
10,52.45,47.55,0.9065776930409915
10,91.5,72.15,0.7885245901639344
18,38.75,24.7,0.6374193548387097
2,47.4,45.95,0.9694092827004219
6,69.05,59.85,0.8667632150615496
14,38.9,28.1,0.7223650385604113
6,72.05,61.15,0.8487161693268563
14,116.4,94.75,0.8140034364261168
4,81.25,71.1,0.8750769230769231
4,88.4,79.55,0.8998868778280543
8,71.0,59.95,0.8443661971830986
12,133.7,105.25,0.787210172026926
4,68.7,60.55,0.88136826783115
18,85.8,63.45,0.7395104895104895
4,48.0,40.7,0.8479166666666667
12,67.9,47.05,0.6929307805596465
6,42.45,40.35,0.950530035335689
8,63.35,52.7,0.8318863456985004
6,114.15,104.65,0.9167761717038984
8,84.95,72.1,0.8487345497351383
0,65.85,59.0,0.8959757023538345
0,116.4,99.3,0.8530927835051546
2,39.85,38.2,0.958594730238394
14,69.75,54.6,0.7827956989247312
10,160.8,140.4,0.8731343283582089
6,49.95,44.5,0.8908908908908909
2,78.45,74.45,0.9490121096239643
16,78.1,53.85,0.6895006402048656
10,104.55,86.25,0.8249641319942611
8,31.2,25.8,0.8269230769230769
0,103.65,91.7,0.8847081524360829
16,37.7,27.5,0.7294429708222812
4,74.0,66.85,0.9033783783783784
12,36.45,31.15,0.8545953360768176
4,100.75,87.75,0.8709677419354839
4,115.6,98.3,0.8503460207612457
16,46.8,39.15,0.8365384615384616
14,49.9,32.15,0.6442885771543087
6,95.75,86.7,0.9054830287206266
6,79.55,61.05,0.7674418604651163
8,88.75,68.45,0.7712676056338028
14,63.55,52.85,0.8316286388670339
0,207.35,186.4,0.8989631058596576
6,41.45,35.7,0.8612786489746683
2,36.85,29.35,0.7964721845318861
10,29.0,22.1,0.7620689655172413
6,21.1,19.95,0.9454976303317536
4,98.95,89.65,0.9060131379484588
6,32.15,27.55,0.8569206842923794
6,80.3,75.55,0.9408468244084682
8,143.45,114.05,0.7950505402579295
12,89.35,73.65,0.8242865137101287
0,140.75,127.8,0.9079928952042629
2,99.8,82.05,0.8221442885771543
10,77.1,61.7,0.8002594033722439
4,78.5,74.75,0.9522292993630573
2,112.25,99.5,0.8864142538975501
4,116.95,91.75,0.7845233005557931
4,93.65,86.6,0.9247197010144154
16,41.85,34.05,0.8136200716845878
4,51.3,41.05,0.8001949317738791
2,40.7,35.7,0.8771498771498771
2,51.1,41.25,0.8072407045009785
4,62.0,55.9,0.9016129032258065
10,67.1,53.45,0.7965722801788375
16,160.5,120.0,0.7476635514018691
12,109.1,87.35,0.8006416131989
6,128.4,116.7,0.9088785046728972
12,42.65,33.8,0.7924970691676436
8,57.5,49.9,0.8678260869565217
10,63.55,55.15,0.8678206136900078
10,73.35,60.4,0.8234492160872529
0,71.95,66.55,0.9249478804725504
4,59.8,52.2,0.8729096989966555
8,101.25,80.8,0.7980246913580247
2,107.7,88.5,0.8217270194986073
0,163.0,148.35,0.910122699386503
8,95.6,89.35,0.9346234309623431
0,99.25,88.4,0.8906801007556675
2,43.1,36.3,0.8422273781902552
6,139.25,105.45,0.7572710951526033
6,100.5,87.5,0.8706467661691543
14,53.0,45.35,0.8556603773584905
6,60.45,50.7,0.8387096774193549
6,193.35,151.65,0.7843289371605896
6,118.25,93.1,0.7873150105708245
14,136.65,109.05,0.7980241492864983
0,70.0,63.0,0.9
14,120.7,89.85,0.7444076222038111
2,113.9,104.05,0.9135206321334504
2,58.65,56.25,0.959079283887468
14,50.2,34.15,0.6802788844621513
10,170.4,126.0,0.7394366197183099
2,80.2,71.25,0.8884039900249376
12,36.65,28.15,0.7680763983628922
8,139.55,124.9,0.8950197061984951
2,86.15,75.2,0.8728961114335462
10,47.65,38.85,0.8153200419727177
6,123.25,96.8,0.785395537525355
14,72.05,54.45,0.7557251908396947
0,55.9,45.2,0.8085867620751341
2,40.25,32.6,0.8099378881987578
2,64.7,58.8,0.9088098918083463
6,98.95,81.35,0.8221323900960081
4,72.5,61.5,0.8482758620689655
12,46.6,39.75,0.8530042918454935
2,155.7,145.05,0.9315992292870906
2,17.5,16.15,0.9228571428571428
2,124.75,104.25,0.8356713426853707
2,50.45,47.05,0.9326065411298315
2,41.45,32.25,0.7780458383594693
4,75.6,70.25,0.9292328042328042
4,86.2,73.55,0.8532482598607889
0,68.7,63.5,0.9243085880640466
8,201.75,169.65,0.8408921933085501
8,41.2,30.7,0.7451456310679612
12,70.85,55.95,0.78969654199012
6,70.7,63.25,0.8946251768033946
12,24.15,19.0,0.7867494824016563
2,60.55,53.8,0.8885218827415359
10,29.65,28.3,0.954468802698145
10,92.25,77.35,0.8384823848238483
4,64.7,58.1,0.8979907264296755
8,173.35,150.1,0.8658782809345256
14,45.5,31.8,0.6989010989010989
10,74.2,61.65,0.8308625336927223
6,42.4,37.65,0.8879716981132075
12,58.45,49.15,0.8408896492728828
6,148.1,125.95,0.8504388926401081
4,63.75,59.25,0.9294117647058824
10,46.4,36.95,0.7963362068965517
4,171.35,129.45,0.7554712576597608
4,84.6,75.25,0.8894799054373522
6,69.25,62.4,0.9010830324909748
0,44.8,43.65,0.9743303571428571
4,99.7,89.8,0.9007021063189569
4,109.65,100.8,0.9192886456908345
0,53.65,43.55,0.8117427772600186
2,62.4,50.4,0.8076923076923077
2,157.25,143.6,0.9131955484896661
16,127.2,94.55,0.7433176100628931
16,47.9,35.3,0.7369519832985386
12,43.7,32.75,0.7494279176201373
8,11.1,10.25,0.9234234234234234
10,33.45,28.7,0.8579970104633782
6,78.4,68.8,0.8775510204081632
14,85.65,71.3,0.8324576765907764
6,88.8,66.3,0.7466216216216216
10,77.0,59.8,0.7766233766233767
10,71.8,57.5,0.8008356545961003
4,42.4,38.6,0.910377358490566
6,36.6,34.65,0.9467213114754098
12,103.2,86.9,0.8420542635658915
4,83.95,72.0,0.8576533650982728
2,107.75,91.85,0.8524361948955916
14,163.95,133.3,0.8130527599878011
12,81.75,68.2,0.8342507645259939
4,101.95,93.6,0.918097106424718
6,68.7,58.05,0.8449781659388647
8,139.9,115.85,0.8280914939242316
10,56.05,44.05,0.7859054415700267
4,47.0,41.8,0.8893617021276595
4,58.7,51.5,0.8773424190800682
10,97.6,84.95,0.8703893442622951
14,58.35,42.95,0.7360754070265638
12,37.3,30.5,0.8176943699731903
14,48.6,38.55,0.7932098765432098
8,98.05,77.0,0.7853136155022947
12,31.35,28.65,0.9138755980861244
2,189.2,158.15,0.8358879492600423
6,62.2,55.25,0.8882636655948553
6,101.6,81.85,0.8056102362204725
6,56.75,47.7,0.8405286343612335
4,85.65,78.2,0.9130180969060129
0,165.75,152.7,0.9212669683257918
0,93.55,84.8,0.9064671298770711
10,50.75,40.7,0.8019704433497536
2,30.35,26.9,0.886326194398682
14,96.7,74.35,0.7688728024819028
10,48.95,40.9,0.8355464759959143
2,92.4,77.75,0.8414502164502164
4,165.8,149.2,0.8998793727382388
8,131.35,113.9,0.8671488389798249
4,69.3,55.95,0.8073593073593074
8,43.6,37.5,0.8600917431192661
8,52.8,41.25,0.78125
0,60.0,57.05,0.9508333333333333
2,20.5,18.7,0.9121951219512195
8,79.1,65.65,0.8299620733249052
10,37.95,31.8,0.8379446640316206
4,65.65,56.6,0.8621477532368621
2,64.95,58.55,0.9014626635873749
14,31.85,23.85,0.7488226059654631
12,92.1,83.55,0.9071661237785016
10,124.35,106.25,0.854443104141536
2,63.55,49.55,0.7797010228166797
2,75.3,62.85,0.8346613545816733
6,77.25,71.35,0.9236245954692557
12,72.65,62.3,0.8575361321403991
0,66.95,61.55,0.9193427931292009
4,68.6,60.35,0.8797376093294461
8,50.05,43.7,0.8731268731268731
8,74.8,65.35,0.8736631016042781
10,95.35,67.5,0.7079181961195595
8,30.0,23.45,0.7816666666666666
2,90.7,80.7,0.8897464167585446
8,112.8,93.05,0.8249113475177305
10,163.35,141.65,0.8671564126109581
2,109.3,103.4,0.9460201280878316
0,35.1,33.2,0.9458689458689459
16,43.4,32.4,0.7465437788018433
12,89.35,69.75,0.7806379406827084
12,100.5,87.05,0.8661691542288558
14,39.2,29.35,0.7487244897959183
10,45.25,39.45,0.8718232044198895
4,79.8,67.9,0.8508771929824561
4,155.35,131.45,0.8461538461538461
8,68.15,58.8,0.8628026412325752
8,62.55,52.85,0.8449240607513989
10,113.35,95.2,0.8398764887516542
6,45.0,38.35,0.8522222222222222
8,65.6,51.9,0.7911585365853658
6,137.35,111.8,0.8139788860575173
0,64.85,58.25,0.8982266769468004
10,40.0,35.65,0.89125
4,45.1,38.35,0.8503325942350333
2,33.45,29.15,0.8714499252615845
12,51.15,43.5,0.8504398826979472
0,71.6,61.9,0.8645251396648045
2,84.0,76.4,0.9095238095238095
12,38.1,32.0,0.8398950131233596
8,67.3,54.85,0.8150074294205052
20,71.6,55.1,0.7695530726256983
10,35.25,32.45,0.9205673758865248
2,88.9,84.6,0.9516310461192351
14,49.25,38.95,0.7908629441624365
2,97.9,90.4,0.923391215526047
10,67.55,54.05,0.8001480384900074
4,70.75,61.75,0.872791519434629
6,45.2,39.7,0.8783185840707964
6,82.6,69.0,0.8353510895883777
2,178.05,154.8,0.8694187026116259
10,71.65,60.2,0.840195394277739
12,28.1,23.5,0.8362989323843416
12,48.25,40.65,0.8424870466321244
22,82.55,64.0,0.7752877044215627
2,119.7,104.95,0.8767752715121137
18,70.15,52.15,0.7434069850320741
2,62.2,52.45,0.8432475884244373
0,39.1,32.6,0.8337595907928389
14,74.6,60.25,0.8076407506702413
8,69.7,61.6,0.8837876614060258
12,34.25,25.1,0.7328467153284671
2,95.55,84.95,0.8890633176347462
8,123.7,99.35,0.8031527890056589
6,48.25,38.75,0.8031088082901554
12,139.85,106.6,0.7622452627815517
20,78.2,54.4,0.6956521739130435
2,140.55,130.6,0.9292066880113838
8,64.3,56.35,0.8763608087091758
0,86.85,73.2,0.842832469775475
8,95.2,83.65,0.8786764705882353
4,92.95,83.85,0.9020979020979021
4,35.85,33.45,0.9330543933054394
0,100.9,81.45,0.8072348860257681
6,190.2,149.6,0.786540483701367
6,104.75,84.95,0.8109785202863962
8,57.95,43.25,0.7463330457290768
10,56.6,46.25,0.8171378091872792
2,129.65,112.1,0.864635557269572
10,63.45,53.25,0.8392434988179669
8,55.2,49.85,0.9030797101449275
10,71.5,54.7,0.765034965034965
8,104.25,76.1,0.7299760191846523
4,45.75,40.4,0.8830601092896175
2,97.35,86.55,0.889060092449923
4,54.8,48.6,0.8868613138686131
10,23.85,18.6,0.779874213836478
2,139.95,123.1,0.8795998570918185
0,74.4,70.05,0.9415322580645161
4,74.3,63.25,0.851278600269179
12,47.75,39.25,0.8219895287958116
12,80.25,61.3,0.7638629283489097
6,29.1,21.15,0.7268041237113402
2,73.4,62.5,0.8514986376021798
12,64.7,52.3,0.8083462132921174
8,135.95,116.5,0.8569326958440603
10,108.6,95.65,0.8807550644567219
8,86.9,69.75,0.8026467203682394
8,65.25,55.1,0.8444444444444444
6,150.6,117.15,0.7778884462151394
14,111.75,79.35,0.7100671140939597
4,41.5,37.7,0.908433734939759
4,43.7,36.7,0.8398169336384439
4,56.55,53.25,0.9416445623342176
4,28.7,25.85,0.9006968641114983
4,84.65,74.3,0.8777318369757826
2,131.7,122.75,0.9320425208807896
4,37.65,34.0,0.9030544488711819
4,75.75,73.7,0.972937293729373
2,122.75,111.65,0.9095723014256619
0,119.1,101.35,0.8509655751469354
0,39.7,37.45,0.9433249370277078
4,53.05,50.8,0.9575871819038643
4,91.3,83.35,0.9129244249726177
6,50.35,46.85,0.9304865938430983
4,47.05,40.15,0.8533475026567482
8,42.0,34.5,0.8214285714285714
2,118.65,106.85,0.9005478297513696
8,71.5,62.2,0.8699300699300699
4,70.5,63.65,0.9028368794326241
14,137.6,107.25,0.7794331395348837
12,64.4,46.85,0.7274844720496895
0,126.85,117.5,0.9262908947575877
10,38.8,33.85,0.8724226804123711
12,143.35,110.15,0.7683990233693756
8,64.2,55.85,0.8699376947040498
8,129.85,108.75,0.8375048132460532
8,107.35,95.8,0.8924080111783884
2,76.5,70.05,0.9156862745098039
10,44.9,41.3,0.9198218262806236
4,96.9,82.2,0.848297213622291
16,64.4,47.35,0.735248447204969
6,130.85,97.7,0.7466564768819258
2,33.2,31.5,0.9487951807228916
8,53.95,44.7,0.8285449490268767
0,60.7,59.3,0.9769357495881383
4,46.8,39.95,0.8536324786324786
6,44.3,36.95,0.8340857787810384
12,85.05,72.65,0.8542034097589654
10,42.6,40.75,0.9565727699530516
12,73.25,58.65,0.8006825938566553
10,54.0,44.35,0.8212962962962963
2,108.75,98.9,0.9094252873563219
10,56.85,44.65,0.7854001759014951
8,70.4,65.0,0.9232954545454546
10,110.0,90.55,0.8231818181818182
0,107.7,103.9,0.9647168059424327
6,76.1,68.25,0.8968462549277266
4,56.35,44.35,0.7870452528837621
4,86.35,74.95,0.8679791546033584
10,22.7,19.25,0.8480176211453745
22,135.5,96.5,0.7121771217712177
14,74.55,57.75,0.7746478873239436
16,22.3,17.0,0.7623318385650224
6,61.25,52.5,0.8571428571428571
2,60.3,56.25,0.9328358208955224
2,49.75,45.9,0.9226130653266331
4,68.75,57.9,0.8421818181818181
6,33.1,29.95,0.904833836858006
18,79.3,55.8,0.7036569987389659
12,94.9,77.0,0.8113804004214963
16,49.65,37.2,0.7492447129909365
10,68.2,56.8,0.8328445747800587
2,79.3,67.4,0.849936948297604
12,129.25,106.9,0.8270793036750483
14,41.85,31.7,0.7574671445639187
10,33.25,25.35,0.762406015037594
10,50.0,43.8,0.876
12,139.25,107.9,0.7748653500897666
4,123.5,102.15,0.8271255060728745
8,88.05,70.4,0.7995457126632595
12,35.15,28.15,0.8008534850640113
2,124.95,111.65,0.8935574229691877
6,65.2,59.05,0.9056748466257669
4,84.3,74.2,0.8801897983392646
6,89.9,80.4,0.8943270300333704
12,62.25,55.15,0.8859437751004016
12,43.8,31.5,0.7191780821917808
6,201.9,167.85,0.8313521545319466
8,31.8,27.9,0.8773584905660378
8,90.5,75.1,0.8298342541436464
18,69.55,52.5,0.7548526240115025
8,86.25,69.3,0.8034782608695652
10,52.6,42.05,0.7994296577946768
8,63.0,52.9,0.8396825396825397
10,69.95,55.45,0.7927090779127949
4,143.2,113.9,0.7953910614525139
12,31.0,25.45,0.8209677419354838
6,93.1,80.55,0.8651987110633728
18,124.05,96.0,0.7738814993954051
12,160.15,131.1,0.8186075554167968
6,77.4,68.75,0.8882428940568475
8,54.05,45.45,0.8408880666049954
8,106.9,82.85,0.775023386342376
6,81.8,66.75,0.8160146699266504
2,53.0,49.65,0.9367924528301886
6,74.45,60.2,0.8085963734049698
2,119.2,114.6,0.9614093959731543
6,79.45,73.5,0.9251101321585903
0,83.45,74.25,0.889754343918514
10,33.9,30.0,0.8849557522123894
0,58.85,56.6,0.9617672047578589
12,128.0,95.8,0.7484375
4,51.6,48.25,0.935077519379845
10,18.05,14.15,0.7839335180055401
0,138.35,121.95,0.8814600650524034
4,67.2,57.95,0.8623511904761905
0,47.8,46.1,0.9644351464435147
10,55.75,47.55,0.852914798206278
4,68.0,56.55,0.8316176470588236
6,28.35,25.7,0.9065255731922398
4,36.0,30.5,0.8472222222222222
8,79.0,64.8,0.8202531645569621
12,92.6,76.0,0.8207343412526998
6,113.75,89.35,0.7854945054945055
8,43.55,39.2,0.9001148105625718
6,51.3,44.95,0.8762183235867447
6,221.5,162.85,0.735214446952596
8,50.15,45.2,0.901296111665005
10,82.15,71.9,0.8752282410225197
16,150.3,115.45,0.7681304058549567
8,122.9,113.9,0.9267697314890154
8,35.1,28.65,0.8162393162393162
8,33.15,26.55,0.8009049773755657
4,81.1,70.6,0.8705302096177558
2,72.4,67.35,0.9302486187845304
14,42.75,29.55,0.6912280701754386
0,110.0,104.3,0.9481818181818182
2,137.15,125.0,0.911410864017499
2,74.0,62.75,0.847972972972973
6,32.6,25.5,0.7822085889570553
8,65.8,52.2,0.7933130699088146
0,78.2,69.55,0.889386189258312
8,93.35,82.5,0.8837707552222818
2,35.95,27.15,0.7552155771905424
12,126.35,97.45,0.7712702809655718
0,127.65,116.7,0.9142185663924794
10,132.75,112.9,0.8504708097928437
10,49.7,36.4,0.7323943661971831
16,32.2,25.65,0.796583850931677
6,52.9,47.55,0.8988657844990549
14,56.05,42.5,0.7582515611061552
6,67.3,60.3,0.8959881129271917
6,44.2,39.95,0.9038461538461539
4,126.1,107.35,0.8513084853291039
12,79.35,71.55,0.9017013232514177
6,117.25,89.05,0.7594882729211088
0,50.0,42.5,0.85
2,80.2,65.25,0.8135910224438903
6,95.9,85.8,0.894681960375391
8,47.75,39.55,0.8282722513089005
6,58.4,51.1,0.875
14,41.55,34.05,0.8194945848375451
10,35.55,25.05,0.7046413502109705
10,122.85,114.05,0.9283679283679284
4,69.75,61.3,0.8788530465949821
4,39.7,33.4,0.8413098236775819
4,74.6,65.25,0.8746648793565683
4,76.25,67.3,0.8826229508196721
10,11.15,11.15,1.0
20,41.85,26.9,0.6427718040621266
8,30.75,26.35,0.8569105691056911
2,56.6,46.75,0.8259717314487632
14,86.45,62.6,0.7241179872758821
2,49.55,47.7,0.9626639757820383
10,59.85,48.0,0.8020050125313283
12,87.95,73.45,0.8351335986355884
2,70.25,64.05,0.9117437722419929
2,112.3,88.5,0.7880676758682101
4,27.95,24.0,0.8586762075134168
4,115.25,102.65,0.8906724511930586
2,65.5,58.0,0.8854961832061069
4,116.55,103.6,0.8888888888888888
8,49.0,40.1,0.8183673469387756
4,114.6,91.45,0.7979930191972077
2,69.95,67.25,0.9614010007147963
0,76.35,68.0,0.8906352324819908
6,100.85,85.75,0.850272682201289
0,56.95,47.2,0.8287971905179983
6,39.25,34.95,0.8904458598726115
6,116.3,90.75,0.7803095442820293
4,89.05,75.5,0.8478382930937676
8,112.2,95.2,0.8484848484848485
0,64.6,58.8,0.9102167182662538
8,75.45,66.0,0.8747514910536779
6,115.1,92.55,0.8040834057341443
10,40.35,31.95,0.79182156133829
14,76.65,56.0,0.730593607305936
12,30.4,24.75,0.8141447368421053
12,44.55,33.8,0.7586980920314254
0,44.25,40.85,0.9231638418079096
0,143.7,117.55,0.8180236604036186
0,205.9,175.8,0.8538125303545411
12,26.0,20.85,0.801923076923077
18,145.0,107.6,0.7420689655172413
2,57.5,49.5,0.8608695652173913
8,57.85,49.25,0.8513396715643907
0,81.45,76.8,0.9429097605893186
10,40.9,33.0,0.8068459657701712
8,137.75,119.35,0.8664246823956443
4,80.8,66.35,0.8211633663366337
6,62.4,56.15,0.8998397435897436
4,70.0,59.1,0.8442857142857143
4,83.9,71.6,0.8533969010727056
4,55.85,48.1,0.8612354521038496
4,66.3,61.55,0.9283559577677225
6,46.8,36.95,0.7895299145299145
2,61.25,58.2,0.950204081632653
12,110.2,94.2,0.8548094373865699
2,189.55,156.95,0.8280137166974413
2,65.25,54.2,0.8306513409961686
4,33.55,29.5,0.879284649776453
8,103.2,81.6,0.7906976744186046
8,106.0,87.8,0.8283018867924529
12,80.55,67.15,0.8336436995654872
4,68.85,59.5,0.8641975308641975
4,38.9,35.15,0.903598971722365
10,143.9,119.7,0.8318276580959
14,45.75,33.7,0.7366120218579235
16,39.7,32.8,0.8261964735516373
4,119.85,101.85,0.8498122653316645
2,175.4,161.95,0.9233181299885975
20,18.05,12.8,0.7091412742382271
2,38.85,35.8,0.9214929214929215
4,29.05,23.3,0.802065404475043
14,98.5,66.8,0.6781725888324873
10,205.5,155.75,0.7579075425790754
4,27.75,25.05,0.9027027027027027
8,85.65,74.7,0.87215411558669
12,45.25,43.0,0.9502762430939227
6,80.95,65.2,0.8054354539839407
10,117.4,96.5,0.8219761499148212
2,55.0,52.7,0.9581818181818181
2,58.2,51.1,0.8780068728522337
12,97.95,80.0,0.8167432363450741
4,64.85,56.75,0.8750963762528913
6,35.1,32.8,0.9344729344729344
16,46.3,38.0,0.8207343412526998
12,36.8,28.75,0.78125
6,126.55,107.9,0.852627419992098
4,89.45,77.25,0.8636109558412521
14,170.95,140.7,0.8230476747587013
2,164.5,142.1,0.8638297872340426
10,80.0,73.35,0.916875
6,109.25,100.35,0.9185354691075515
12,67.7,48.35,0.7141802067946824
6,61.85,42.5,0.6871463217461601
4,75.2,69.3,0.9215425531914894
4,50.2,43.2,0.8605577689243028
20,28.55,21.5,0.7530647985989493
10,35.2,30.0,0.8522727272727273
6,21.8,19.75,0.9059633027522935
22,37.45,21.35,0.5700934579439252
4,77.4,68.25,0.8817829457364341
4,174.15,151.9,0.8722365776629343
2,66.95,60.4,0.9021657953696789
10,73.85,61.4,0.8314150304671631
12,63.95,55.8,0.872556684910086
4,60.55,51.6,0.8521882741535921
8,38.95,32.4,0.8318356867779204
8,103.6,85.2,0.8223938223938224
6,124.2,109.85,0.8844605475040258
2,62.55,55.5,0.8872901678657075
6,48.3,38.85,0.8043478260869565
8,67.85,56.4,0.8312453942520265
10,71.3,54.9,0.7699859747545582
6,29.9,26.9,0.8996655518394648
6,26.85,20.8,0.7746741154562383
8,61.05,55.6,0.9107289107289107
8,68.5,53.15,0.775912408759124
8,149.95,129.95,0.8666222074024675
8,53.15,45.3,0.852304797742239
10,61.1,50.75,0.8306055646481179
0,102.65,91.9,0.8952752070141257
2,85.35,75.4,0.8834212067955477
6,18.2,15.1,0.8296703296703297
2,110.3,102.25,0.9270172257479601
2,129.2,114.2,0.8839009287925697
12,67.35,53.15,0.7891610987379362
2,88.35,77.85,0.8811544991511036
4,49.65,46.9,0.9446122860020141
12,22.95,17.2,0.7494553376906318
0,102.3,92.5,0.9042033235581622
6,88.8,73.8,0.831081081081081
8,124.95,106.5,0.8523409363745498
14,67.5,49.05,0.7266666666666667
10,56.7,46.4,0.818342151675485
8,75.2,56.55,0.7519946808510638
16,27.0,22.0,0.8148148148148148
8,169.6,149.5,0.8814858490566038
12,117.85,97.6,0.828171404327535
10,132.15,121.1,0.9163828982217177
10,13.2,10.3,0.7803030303030303
8,39.95,33.9,0.8485607008760951
8,32.95,25.6,0.7769347496206374
0,99.1,90.55,0.91372351160444
6,78.95,68.7,0.87017099430019
12,97.1,79.65,0.8202883625128733
4,73.35,60.65,0.8268575323790047
10,88.5,77.6,0.8768361581920904
12,59.65,53.4,0.8952221290863369
10,24.0,19.3,0.8041666666666667
6,93.4,79.75,0.8538543897216274
0,57.55,51.9,0.9018245004344049
2,50.2,41.25,0.8217131474103586
4,49.6,38.75,0.78125
6,94.6,66.55,0.7034883720930233
2,63.8,59.6,0.9341692789968652
0,50.0,43.8,0.876
4,58.55,52.3,0.8932536293766012
6,119.45,107.7,0.9016324822101298
0,79.45,73.85,0.9295154185022027
2,103.9,85.7,0.8248315688161694
8,72.9,61.35,0.8415637860082305
10,81.1,65.05,0.8020961775585697
10,93.05,72.6,0.7802256851155293
12,116.75,91.15,0.780728051391863
10,56.85,45.3,0.7968337730870713
2,111.55,97.4,0.8731510533393098
8,65.35,55.55,0.8500382555470544
14,76.0,63.5,0.8355263157894737
8,157.85,127.15,0.8055115616091226
8,103.0,85.8,0.8330097087378641
16,107.85,82.0,0.7603152526657394
4,131.25,121.6,0.9264761904761905
4,95.5,89.25,0.9345549738219895
2,34.35,33.0,0.9606986899563319
6,29.95,24.9,0.8313856427378965
2,166.95,146.9,0.8799041629230309
8,92.0,78.65,0.8548913043478261
8,166.85,127.3,0.7629607431824993
2,42.95,36.2,0.8428405122235157
2,103.95,93.9,0.9033189033189033
0,64.0,52.55,0.82109375
6,51.3,44.6,0.8693957115009746
2,121.4,99.45,0.8191927512355849
10,18.85,15.9,0.843501326259947
2,90.6,86.65,0.9564017660044151
2,97.0,84.6,0.8721649484536083
4,38.65,30.2,0.7813712807244502
4,31.7,26.7,0.8422712933753943
8,58.45,47.6,0.8143712574850299
4,119.2,110.3,0.9253355704697986
10,56.2,49.35,0.8781138790035588
8,120.4,100.2,0.8322259136212624
2,136.95,106.7,0.7791164658634538
2,42.0,38.65,0.9202380952380952
6,149.3,131.2,0.8787675820495646
4,53.1,50.05,0.9425612052730696
10,55.15,47.2,0.8558476881233001
2,105.2,95.85,0.9111216730038023
8,70.8,56.95,0.8043785310734464
8,53.2,39.0,0.7330827067669173
4,125.35,106.5,0.8496210610291185
4,41.2,37.3,0.9053398058252428
10,99.8,78.4,0.7855711422845691
14,64.25,44.45,0.691828793774319
2,222.8,194.35,0.8723070017953322
2,107.85,91.95,0.8525730180806675
12,82.85,64.75,0.7815328907664454
12,101.75,80.95,0.7955773955773956
8,65.25,52.7,0.8076628352490421
6,42.85,37.5,0.8751458576429405
8,56.45,48.2,0.853852967227635
10,27.15,23.2,0.85451197053407
12,59.9,52.95,0.8839732888146912
12,106.65,86.5,0.8110642287857478
12,73.7,54.45,0.7388059701492538
8,145.1,122.8,0.8463128876636802
10,46.6,34.4,0.7381974248927039
6,62.35,45.95,0.7369687249398557
4,78.45,67.05,0.8546845124282982
2,126.3,112.6,0.8915281076801267
8,116.65,101.45,0.8696956708101158
12,84.55,75.9,0.8976936723832052
8,75.5,66.7,0.8834437086092716
12,92.0,71.1,0.7728260869565218
10,60.0,49.6,0.8266666666666667
4,74.25,63.55,0.8558922558922559
14,81.75,62.95,0.7700305810397553
8,147.65,108.6,0.7355231967490687
2,74.95,65.2,0.8699132755170114
12,76.0,66.15,0.8703947368421052
10,114.15,96.7,0.8471309680245291
8,45.1,39.55,0.876940133037694
4,144.6,126.2,0.8727524204702628
2,103.7,91.9,0.8862102217936355
6,67.2,61.75,0.9188988095238095
2,96.75,84.65,0.8749354005167959
10,69.5,60.75,0.8741007194244604
2,57.0,46.15,0.8096491228070175
2,80.0,75.8,0.9475
12,52.6,39.7,0.7547528517110266
12,91.05,65.65,0.7210323997803405
6,79.25,67.45,0.8511041009463722
2,55.75,48.0,0.8609865470852018
4,39.6,36.15,0.9128787878787878
6,89.2,73.6,0.8251121076233184
6,130.75,111.75,0.8546845124282982
6,88.7,72.4,0.8162344983089064
0,120.8,105.95,0.8770695364238411
14,125.05,104.45,0.835265893642543
6,86.05,67.65,0.7861708309122604
6,91.3,80.65,0.8833515881708652
8,62.45,50.6,0.8102481985588471
0,52.3,48.85,0.9340344168260039
14,154.45,130.3,0.8436387180317255
8,24.75,23.1,0.9333333333333333
14,140.6,110.65,0.7869843527738265
8,77.9,59.45,0.7631578947368421
4,47.95,44.45,0.927007299270073
2,29.85,25.95,0.8693467336683417
10,64.45,53.9,0.8363072148952676
8,56.8,48.55,0.8547535211267606
12,32.0,26.5,0.828125
8,82.15,72.65,0.884357881923311
4,39.65,35.4,0.89281210592686
4,40.2,36.4,0.9054726368159204
12,62.0,49.95,0.8056451612903226
12,55.9,40.85,0.7307692307692307
4,81.85,75.8,0.9260843005497862
4,73.65,54.25,0.736591989137814
12,113.15,88.9,0.7856827220503756
2,31.3,28.25,0.902555910543131
6,80.7,65.55,0.8122676579925651
4,21.65,17.1,0.789838337182448
14,47.75,42.55,0.8910994764397906
8,37.0,34.65,0.9364864864864865
6,91.6,79.6,0.868995633187773
4,41.9,37.05,0.8842482100238663
8,111.5,85.15,0.763677130044843
10,120.1,106.45,0.8863447127393839
4,91.9,84.15,0.9156692056583242
2,186.95,165.8,0.8868681465632522
2,48.55,42.1,0.8671472708547889
14,78.95,61.9,0.7840405319822673
8,93.85,82.1,0.8748002131060203
4,73.25,64.85,0.8853242320819112
8,16.55,13.3,0.8036253776435045
8,103.05,84.2,0.8170790878214459
10,77.5,63.65,0.8212903225806452
4,66.0,57.85,0.8765151515151515
4,56.45,51.15,0.9061116031886626
8,82.8,66.15,0.7989130434782609
14,30.1,27.5,0.9136212624584718
18,109.7,85.3,0.7775752051048314
2,125.7,112.1,0.8918058870326173
6,56.2,53.0,0.9430604982206405
6,49.1,45.35,0.9236252545824847
10,54.4,45.75,0.8409926470588235
4,66.85,63.9,0.955871353777113
0,78.1,73.3,0.93854033290653
6,80.1,66.1,0.8252184769038702
12,81.75,66.0,0.8073394495412844
12,27.5,20.35,0.74
4,118.95,106.95,0.8991172761664565
2,56.6,47.55,0.8401060070671378
4,72.45,61.1,0.8433402346445825
0,129.85,115.1,0.8864073931459376
12,46.35,37.3,0.8047464940668824
0,131.95,112.65,0.8537324744221296
8,18.1,14.9,0.8232044198895028
4,16.15,14.85,0.9195046439628483
10,123.0,100.85,0.8199186991869919
4,55.8,45.65,0.818100358422939
10,61.25,47.95,0.7828571428571428
4,70.9,68.05,0.9598025387870239
4,43.25,39.9,0.922543352601156
2,27.75,25.25,0.9099099099099099
16,82.4,59.4,0.720873786407767
10,63.7,55.05,0.8642072213500785
12,123.55,102.95,0.8332658842573857
10,45.45,35.35,0.7777777777777778
10,90.8,68.5,0.7544052863436124
2,58.85,52.45,0.8912489379779099
18,93.0,73.7,0.7924731182795699
2,89.25,76.9,0.861624649859944
14,60.35,50.4,0.8351284175642087
6,129.8,111.65,0.8601694915254238
14,171.8,142.8,0.8311990686845169
10,48.5,38.6,0.7958762886597938
8,85.3,72.45,0.8493552168815943
10,42.15,36.15,0.8576512455516014
2,119.55,102.55,0.8578000836470097
4,106.9,93.6,0.8755846585594013
6,67.75,55.75,0.8228782287822878
6,90.0,81.0,0.9
0,57.75,51.35,0.8891774891774892
18,102.55,70.2,0.6845441248171623
12,56.4,43.0,0.7624113475177305
10,110.4,86.4,0.782608695652174
8,84.2,74.4,0.8836104513064132
2,75.8,71.9,0.9485488126649076
6,26.15,22.55,0.8623326959847036
4,71.15,68.0,0.9557273366127899
4,78.1,64.45,0.825224071702945
8,69.0,62.85,0.9108695652173913
12,122.9,100.25,0.8157038242473555
8,66.15,57.1,0.8631897203325775
10,83.6,71.55,0.8558612440191388
6,99.0,76.45,0.7722222222222223
6,114.2,92.35,0.8086690017513135
8,68.55,62.2,0.9073668854850474
10,131.0,110.95,0.8469465648854961
8,72.95,59.8,0.8197395476353667
6,124.0,105.15,0.847983870967742
8,70.15,61.2,0.872416250890948
18,21.4,15.5,0.7242990654205608
12,83.1,63.15,0.759927797833935
6,28.4,25.05,0.8820422535211268
8,82.95,72.3,0.8716094032549728
2,74.0,67.3,0.9094594594594595
4,45.05,35.45,0.7869034406215316
4,112.85,100.95,0.8945502879929109
6,54.5,41.9,0.7688073394495413
14,95.5,89.95,0.9418848167539267
10,96.35,80.25,0.8329008822003113
6,87.15,79.25,0.9093516924842227
8,128.65,104.3,0.8107267780800622
14,172.15,130.45,0.7577693871623584
10,56.5,49.6,0.8778761061946903
10,29.7,25.35,0.8535353535353535
12,93.35,71.0,0.760578468130691
10,51.95,46.35,0.8922040423484119
12,67.7,53.3,0.7872968980797637
0,56.45,51.55,0.9131975199291408
4,67.25,56.25,0.8364312267657993
6,86.7,73.1,0.8431372549019608
6,143.85,116.0,0.8063955509210984
4,102.15,90.2,0.8830151737640725
6,145.9,114.55,0.7851267991775188
8,64.85,57.05,0.8797224363916731
16,26.8,20.8,0.7761194029850746
16,129.55,105.25,0.8124276341181011
0,35.2,27.2,0.7727272727272727
8,63.15,56.65,0.897070467141726
2,47.7,41.8,0.8763102725366876
12,70.75,60.55,0.8558303886925795
4,89.5,80.1,0.8949720670391061
4,41.9,36.75,0.8770883054892601
8,62.6,53.1,0.8482428115015974
4,40.0,35.9,0.8975
10,26.4,23.8,0.9015151515151515
10,123.95,105.2,0.8487293263412666
2,27.85,26.85,0.9640933572710951
4,132.45,120.55,0.9101547753869385
8,37.75,32.35,0.856953642384106
10,106.35,85.0,0.7992477668077104
0,115.65,108.3,0.9364461738002594
10,82.5,61.65,0.7472727272727273
4,69.0,58.35,0.8456521739130435
8,113.75,88.95,0.781978021978022
6,129.4,105.3,0.8137557959814529
6,23.6,21.1,0.8940677966101694
2,45.35,36.65,0.8081587651598677
8,25.6,22.45,0.876953125
12,150.55,118.75,0.7887744935237463
12,68.45,53.2,0.7772096420745069
6,34.25,29.3,0.8554744525547445
2,96.8,82.1,0.8481404958677686
16,101.35,81.75,0.8066107548100642
2,100.5,89.9,0.8945273631840795
10,152.65,120.35,0.7884048476907959
4,68.35,61.85,0.9049012435991222
2,52.45,48.75,0.9294566253574833
12,63.75,51.05,0.8007843137254902
4,92.95,79.05,0.8504572350726197
12,89.1,76.55,0.8591470258136925
8,50.15,43.55,0.86839481555334
14,51.85,39.8,0.7675988428158148
16,102.95,70.95,0.6891694997571637
6,147.55,117.15,0.7939681463910538
8,55.05,49.05,0.8910081743869209
2,43.45,41.0,0.9436133486766398
12,76.05,61.7,0.8113083497698882
12,46.1,35.85,0.7776572668112798
8,35.05,32.55,0.9286733238231099
2,77.25,69.05,0.8938511326860842
12,66.6,55.0,0.8258258258258259
14,41.65,25.65,0.6158463385354142
6,22.55,19.35,0.8580931263858093
10,78.4,66.25,0.8450255102040817
6,35.05,30.45,0.8687589158345221
4,97.45,83.45,0.8563365828630066
14,56.6,41.15,0.7270318021201413
2,107.35,90.1,0.8393106660456451
16,70.2,57.6,0.8205128205128205
14,107.7,80.95,0.7516248839368617
10,174.9,151.3,0.8650657518582047
12,38.45,27.85,0.7243172951885566
10,55.75,40.0,0.7174887892376681
2,180.55,155.35,0.8604264746607588
10,43.45,34.25,0.7882623705408516
4,97.6,84.15,0.8621926229508197
10,39.8,34.6,0.8693467336683417
6,48.3,45.05,0.932712215320911
4,56.2,44.5,0.791814946619217
16,24.6,19.35,0.7865853658536586
6,120.5,102.8,0.8531120331950207
6,93.6,84.95,0.9075854700854701
8,65.1,52.6,0.8079877112135176
10,31.35,26.95,0.8596491228070176
8,31.65,21.9,0.6919431279620853
4,84.5,77.55,0.9177514792899408
8,69.65,56.35,0.8090452261306532
6,85.8,69.5,0.8100233100233101
4,26.95,22.65,0.8404452690166976
0,67.0,53.95,0.8052238805970149
6,78.15,61.55,0.7875879718490083
2,47.5,40.75,0.8578947368421053
12,117.35,96.95,0.8261610566680869
6,91.15,73.35,0.8047174986286341
10,61.1,49.2,0.8052373158756138
12,79.1,58.6,0.7408343868520859
4,121.95,104.0,0.8528085280852808
10,75.95,62.9,0.8281764318630678
14,148.25,117.55,0.7929173693086004
8,65.3,56.35,0.8629402756508423
10,98.35,83.25,0.8464667005592272
8,94.4,67.8,0.7182203389830508
6,45.35,38.1,0.8401323042998897
10,39.35,34.75,0.8831003811944091
2,101.9,88.05,0.8640824337585868
10,104.75,92.3,0.881145584725537
4,50.65,46.9,0.9259624876604146
4,121.3,109.95,0.9064303380049464
6,48.15,39.95,0.829698857736241
16,47.25,41.8,0.8846560846560847
10,48.3,37.7,0.7805383022774327
2,121.65,100.4,0.8253185367858611
0,34.5,33.5,0.9710144927536232
16,18.95,15.25,0.8047493403693932
8,127.4,112.45,0.8826530612244898
10,94.0,71.8,0.7638297872340426
4,43.7,41.6,0.9519450800915332
8,148.65,121.05,0.8143289606458123
10,153.9,121.6,0.7901234567901234
8,59.3,48.4,0.8161888701517707
18,99.65,73.5,0.7375815353738083
12,48.05,43.55,0.9063475546305931
16,139.9,113.15,0.8087919942816297
2,35.35,30.8,0.8712871287128713
4,104.8,96.85,0.9241412213740458
24,26.15,20.2,0.7724665391969407
6,45.0,38.35,0.8522222222222222
12,161.85,131.95,0.8152610441767069
8,90.05,81.0,0.8995002776235425
10,100.65,82.3,0.8176850471932439
10,56.85,49.05,0.862796833773087
8,210.6,179.6,0.8528015194681862
4,159.55,135.35,0.8483234095894704
4,66.7,58.95,0.883808095952024
4,81.85,72.2,0.8821014050091631
12,27.9,22.8,0.8172043010752689
6,85.65,77.3,0.9025102159953299
6,78.95,66.25,0.8391386953768207
14,36.35,27.25,0.749656121045392
2,142.8,117.45,0.8224789915966386
8,174.85,140.9,0.8058335716328281
10,22.05,17.65,0.800453514739229
8,98.75,84.55,0.8562025316455696
22,89.8,61.3,0.6826280623608018
6,84.45,72.35,0.8567199526346951
4,131.05,120.6,0.9202594429607021
4,95.3,87.3,0.9160545645330536
16,31.05,21.15,0.6811594202898551
10,43.4,37.15,0.8559907834101382
2,28.55,26.0,0.9106830122591943
6,35.05,28.55,0.8145506419400856
6,58.3,46.65,0.8001715265866209
14,37.35,29.9,0.8005354752342704
4,56.3,50.8,0.9023090586145648
6,57.45,44.6,0.7763272410791993
2,94.75,80.15,0.845910290237467
4,39.3,35.9,0.9134860050890585
0,112.15,101.05,0.901025412394115
6,102.2,87.2,0.8532289628180039
16,134.05,98.55,0.7351734427452443
8,80.0,66.95,0.836875
10,32.3,23.85,0.7383900928792569
8,87.4,70.0,0.8009153318077803
8,24.75,20.6,0.8323232323232324
6,75.75,60.05,0.7927392739273927
0,102.3,92.65,0.9056695992179863
16,81.15,66.25,0.8163894023413432
18,34.55,24.55,0.7105643994211288
2,58.0,56.8,0.9793103448275862
6,78.4,64.6,0.8239795918367347
4,52.5,44.65,0.8504761904761905
4,41.45,39.0,0.9408926417370326
12,68.95,58.3,0.845540246555475
8,114.8,92.0,0.8013937282229965
6,56.85,43.4,0.7634124890061565
12,127.75,108.95,0.8528375733855186
6,82.2,67.95,0.8266423357664233
4,50.55,42.2,0.8348170128585559
14,127.75,105.8,0.8281800391389432
14,18.1,15.2,0.8397790055248618
12,171.3,134.75,0.7866316403969644
14,53.25,44.3,0.831924882629108
8,36.85,33.85,0.9185888738127544
8,219.9,183.55,0.8346975898135516
4,50.1,36.75,0.7335329341317365
8,153.5,118.6,0.7726384364820847
4,141.4,121.85,0.8617397454031117
12,72.4,54.5,0.7527624309392266
2,98.15,82.65,0.8420784513499745
8,33.0,29.7,0.9
4,48.3,42.1,0.8716356107660456
16,59.95,47.95,0.7998331943286072
2,54.95,40.7,0.740673339399454
12,52.95,39.45,0.7450424929178471
6,59.7,48.75,0.8165829145728644
8,99.95,81.5,0.815407703851926
20,39.55,35.4,0.8950695322376738
8,35.0,27.3,0.78
6,147.2,122.8,0.8342391304347826
8,129.15,115.95,0.8977932636469221
4,116.6,93.25,0.7997427101200686
2,66.6,61.2,0.918918918918919
6,27.9,24.45,0.8763440860215054
0,122.85,106.75,0.8689458689458689
4,113.25,95.25,0.8410596026490066
6,95.0,78.05,0.8215789473684211
4,79.6,72.45,0.910175879396985
6,55.65,47.15,0.8472596585804133
4,111.8,99.15,0.8868515205724508
6,117.05,100.4,0.8577530969671081
0,54.95,49.85,0.9071883530482256
4,52.45,41.25,0.786463298379409
18,81.65,67.1,0.8218003674219229
14,88.75,70.85,0.7983098591549296
4,117.5,101.1,0.8604255319148936
6,44.95,33.45,0.7441601779755284
14,78.8,57.65,0.7315989847715736
4,126.85,103.35,0.8147418210484825
14,137.4,108.2,0.7874818049490538
10,26.8,21.85,0.8152985074626866
8,54.85,49.35,0.8997265268915223
14,76.5,59.8,0.7816993464052288
12,86.7,76.9,0.8869665513264129
16,112.45,93.8,0.8341485104490884
12,46.55,36.7,0.7883995703544576
6,50.9,43.1,0.8467583497053045
6,34.1,30.1,0.8826979472140762
0,36.75,33.85,0.9210884353741496
4,48.05,42.65,0.8876170655567117
4,70.7,63.2,0.8939179632248939
10,67.6,53.65,0.7936390532544378
14,59.1,45.5,0.7698815566835872
0,58.7,54.55,0.9293015332197615
6,150.55,122.8,0.8156758551976088
12,77.0,63.8,0.8285714285714286
14,54.8,44.0,0.8029197080291971
6,42.35,35.15,0.8299881936245572
12,37.2,32.75,0.8803763440860215
4,50.0,44.1,0.882
4,116.9,94.85,0.811377245508982
24,39.05,26.75,0.6850192061459667
16,161.1,111.4,0.691495965238982
4,80.7,70.1,0.8686493184634448
8,34.65,28.15,0.8124098124098124
10,57.15,40.25,0.7042869641294838
12,93.65,77.8,0.8307528029898559
6,44.1,39.3,0.891156462585034
6,92.0,77.2,0.8391304347826087
6,58.45,47.15,0.806672369546621
10,87.15,72.9,0.8364888123924269
14,53.15,36.25,0.6820319849482597
4,36.3,32.45,0.8939393939393939
12,44.3,37.0,0.835214446952596
8,62.8,50.75,0.8081210191082803
22,119.8,83.7,0.6986644407345576
10,105.9,74.25,0.7011331444759207
8,88.75,81.15,0.9143661971830986
2,105.4,100.05,0.9492409867172675
8,56.2,50.6,0.900355871886121
6,93.2,78.3,0.8401287553648069
0,66.05,55.95,0.8470855412566237
10,109.05,98.9,0.9069234296194406
0,69.3,54.3,0.7835497835497836
4,99.95,86.15,0.8619309654827414
4,51.85,43.7,0.8428158148505304
12,130.35,120.9,0.9275028768699655
2,64.05,51.75,0.8079625292740047
10,72.5,59.4,0.8193103448275862
14,70.45,52.65,0.7473385379701917
6,70.15,61.5,0.8766928011404134
10,62.15,49.35,0.7940466613032985
14,35.75,26.35,0.737062937062937
20,55.1,49.75,0.9029038112522686
8,80.2,68.45,0.8534912718204489
4,140.0,111.0,0.7928571428571428
10,32.6,26.2,0.803680981595092
6,92.5,77.35,0.8362162162162162
0,46.3,38.95,0.8412526997840173
10,116.25,102.9,0.8851612903225806
4,89.5,68.5,0.7653631284916201
10,37.45,30.8,0.822429906542056
8,117.6,113.5,0.9651360544217688
0,118.25,113.95,0.9636363636363636
12,23.0,19.15,0.8326086956521739
18,40.95,30.65,0.7484737484737485
18,33.0,23.8,0.7212121212121212
8,96.8,82.55,0.8527892561983471
0,120.9,102.75,0.8498759305210918
10,93.4,76.75,0.8217344753747323
0,148.3,132.9,0.8961564396493594
2,59.6,54.4,0.912751677852349
10,62.9,47.5,0.7551669316375199
6,36.55,34.35,0.9398084815321477
2,154.0,138.25,0.8977272727272727
8,82.05,60.75,0.7404021937842779
6,80.7,72.5,0.8983890954151177
18,77.5,60.45,0.78
8,87.05,77.9,0.8948879954049397
0,70.35,65.95,0.937455579246624
12,134.5,114.95,0.8546468401486988
0,115.25,103.4,0.897180043383948
6,28.55,25.25,0.8844133099824869
14,38.4,32.25,0.83984375
4,79.6,68.6,0.8618090452261307
4,82.15,70.45,0.8575776019476568
2,59.55,55.85,0.9378673383711167
0,112.25,104.6,0.93184855233853
6,57.8,53.05,0.9178200692041523
8,17.35,15.1,0.8703170028818443
2,37.65,34.6,0.9189907038512616
14,111.1,89.55,0.806030603060306
8,147.0,119.2,0.8108843537414966
8,54.85,43.75,0.7976298997265269
10,59.45,49.25,0.8284272497897393
10,129.25,101.0,0.781431334622824
2,56.0,52.7,0.9410714285714286
6,121.5,102.8,0.8460905349794239
8,106.35,92.15,0.8664786083685942
10,94.05,70.1,0.7453482190324295
4,42.9,39.5,0.9207459207459208
12,91.0,68.9,0.7571428571428571
10,18.4,15.95,0.8668478260869565
4,87.3,80.65,0.9238258877434136
0,182.0,168.55,0.9260989010989011
6,131.85,114.4,0.8676526355707244
2,52.05,38.3,0.7358309317963496
12,115.95,93.8,0.8089693833548943
4,71.1,58.1,0.8171589310829818
4,177.2,136.8,0.7720090293453724
14,64.2,55.8,0.8691588785046729
16,66.65,51.95,0.7794448612153039
14,30.55,25.05,0.8199672667757774
8,44.5,39.75,0.8932584269662921
14,66.4,54.55,0.8215361445783133
12,30.6,24.35,0.795751633986928
6,32.1,24.7,0.7694704049844237
6,39.05,33.55,0.8591549295774648
8,65.3,52.4,0.8024502297090352
10,47.7,36.3,0.7610062893081762
8,122.55,104.7,0.8543451652386781
10,42.1,36.0,0.8551068883610451
14,85.8,67.3,0.7843822843822844
2,100.75,96.65,0.9593052109181142
6,63.45,58.8,0.9267139479905437
4,98.05,85.05,0.8674145843957165
6,72.5,56.6,0.7806896551724138
8,72.95,58.7,0.8046607265250172
6,74.45,65.05,0.8737407656145064
4,75.6,70.85,0.9371693121693122
2,31.5,25.75,0.8174603174603174
4,29.4,25.3,0.8605442176870748
10,50.0,41.5,0.83
2,82.5,74.05,0.8975757575757576
18,92.5,70.55,0.7627027027027027
10,30.2,25.5,0.8443708609271523
2,86.85,72.8,0.8382268278641336
4,79.05,60.8,0.7691334598355472
12,70.8,55.6,0.7853107344632768
10,48.2,44.75,0.9284232365145229
6,74.55,65.65,0.880617035546613
